date,open,high,low,close,average,volume,count
1632492000,24.67,24.67,24.66,24.67,24.667,9,4
1632492001,24.67,24.67,24.66,24.67,24.668,1,1
1632492002,24.67,24.68,24.66,24.68,24.678,50,19
1632492003,24.68,24.68,24.67,24.68,24.676,26,5
1632492004,24.68,24.68,24.67,24.68,24.675,33,4
1632492005,24.68,24.68,24.67,24.68,24.675,21,3
1632492006,24.68,24.68,24.67,24.68,24.68,9,7
1632492007,24.68,24.68,24.67,24.67,24.679,12,3
1632492008,24.67,24.67,24.64,24.65,24.65,63,7
1632492009,24.66,24.66,24.65,24.66,24.653,11,3
1632492010,24.67,24.67,24.65,24.65,24.657,4,2
1632492011,24.67,24.67,24.66,24.67,24.67,16,2
1632492012,24.66,24.66,24.65,24.66,24.655,18,4
1632492013,24.66,24.67,24.66,24.67,24.667,39,4
1632492014,24.67,24.68,24.66,24.68,24.676,5,2
1632492015,24.66,24.67,24.65,24.67,24.662,20,6
1632492016,24.67,24.67,24.66,24.67,24.668,43,3
1632492017,24.67,24.67,24.66,24.67,24.668,5,4
1632492018,24.65,24.67,24.65,24.67,24.666,6,3
1632492019,24.65,24.65,24.64,24.64,24.65,56,13
1632492020,24.64,24.64,24.61,24.64,24.617,52,20
1632492021,24.65,24.66,24.64,24.66,24.652,4,4
1632492022,24.66,24.66,24.65,24.66,24.659,1,1
1632492023,24.64,24.65,24.64,24.64,24.641,6,2
1632492024,24.64,24.65,24.64,24.64,24.64,0,0
1632492025,24.66,24.67,24.65,24.67,24.661,28,10
1632492026,24.67,24.67,24.66,24.67,24.665,2,1
1632492027,24.67,24.67,24.66,24.67,24.669,6,2
1632492028,24.67,24.67,24.66,24.67,24.67,0,0
1632492029,24.67,24.67,24.66,24.67,24.667,5,3
1632492030,24.67,24.67,24.66,24.67,24.67,9,2
1632492031,24.67,24.68,24.67,24.67,24.673,4,3
1632492032,24.67,24.68,24.67,24.68,24.676,30,9
1632492033,24.68,24.69,24.67,24.69,24.683,24,8
1632492034,24.7,24.7,24.69,24.7,24.697,1,1
1632492035,24.7,24.71,24.69,24.7,24.699,55,15
1632492036,24.71,24.72,24.7,24.72,24.71,13,6
1632492037,24.71,24.72,24.71,24.72,24.718,5,4
1632492038,24.72,24.72,24.71,24.72,24.719,6,1
1632492039,24.72,24.72,24.72,24.72,24.72,1,1
1632492040,24.72,24.72,24.71,24.72,24.719,2,2
1632492041,24.71,24.72,24.71,24.71,24.715,3,1
1632492042,24.72,24.73,24.71,24.73,24.72,36,13
1632492043,24.74,24.75,24.73,24.74,24.74,37,15
1632492044,24.74,24.75,24.7,24.71,24.72,36,17
1632492045,24.71,24.71,24.7,24.71,24.71,9,4
1632492046,24.71,24.73,24.71,24.72,24.712,21,8
1632492047,24.73,24.75,24.71,24.74,24.72,34,4
1632492048,24.72,24.75,24.71,24.71,24.72,85,6
1632492049,24.73,24.75,24.71,24.71,24.727,30,13
1632492050,24.71,24.72,24.71,24.71,24.714,16,11
1632492051,24.73,24.73,24.69,24.71,24.713,35,8
1632492052,24.69,24.69,24.67,24.68,24.687,24,6
1632492053,24.68,24.68,24.67,24.68,24.68,0,0
1632492054,24.67,24.68,24.62,24.62,24.652,102,26
1632492055,24.64,24.64,24.63,24.64,24.637,6,6
1632492056,24.63,24.64,24.63,24.64,24.633,2,2
1632492057,24.64,24.65,24.62,24.63,24.639,64,39
1632492058,24.62,24.63,24.61,24.63,24.62,27,12
1632492059,24.63,24.63,24.62,24.62,24.622,25,13
1632492060,24.62,24.62,24.61,24.62,24.619,11,5
1632492061,24.62,24.62,24.61,24.62,24.619,1,1
1632492062,24.61,24.61,24.6,24.61,24.605,36,31
1632492063,24.6,24.61,24.6,24.61,24.603,10,2
1632492064,24.61,24.63,24.6,24.62,24.612,56,24
1632492065,24.62,24.66,24.61,24.62,24.625,192,59
1632492066,24.67,24.67,24.58,24.59,24.611,514,66
1632492067,24.59,24.63,24.59,24.63,24.616,33,8
1632492068,24.62,24.63,24.62,24.63,24.624,17,2
1632492069,24.63,24.63,24.61,24.61,24.623,6,3
1632492070,24.63,24.67,24.62,24.64,24.639,25,8
1632492071,24.66,24.66,24.65,24.65,24.652,4,2
1632492072,24.68,24.68,24.63,24.66,24.655,102,5
1632492073,24.66,24.66,24.65,24.66,24.66,0,0
1632492074,24.66,24.66,24.63,24.63,24.635,25,2
1632492075,24.67,24.68,24.67,24.67,24.673,1,1
1632492076,24.67,24.67,24.66,24.67,24.665,2,1
1632492077,24.66,24.68,24.65,24.66,24.664,5,3
1632492078,24.64,24.64,24.63,24.64,24.637,1,1
1632492079,24.67,24.67,24.64,24.66,24.655,8,4
1632492080,24.65,24.65,24.65,24.65,24.65,49,2
1632492081,24.65,24.66,24.65,24.66,24.659,10,2
1632492082,24.66,24.66,24.66,24.66,24.66,0,0
1632492083,24.66,24.66,24.65,24.66,24.656,5,1
1632492084,24.66,24.66,24.66,24.66,24.66,1,1
1632492085,24.66,24.66,24.66,24.66,24.66,0,0
1632492086,24.64,24.65,24.64,24.64,24.64,11,1
1632492087,24.68,24.69,24.68,24.69,24.686,33,7
1632492088,24.7,24.7,24.69,24.7,24.698,1,1
1632492089,24.7,24.7,24.7,24.7,24.7,10,4
1632492090,24.71,24.72,24.69,24.69,24.714,19,7
1632492091,24.71,24.72,24.69,24.69,24.704,4,3
1632492092,24.71,24.71,24.7,24.71,24.705,1,1
1632492093,24.69,24.72,24.69,24.69,24.695,38,15
1632492094,24.72,24.72,24.71,24.71,24.715,4,4
1632492095,24.74,24.75,24.71,24.71,24.728,9,8
1632492096,24.73,24.73,24.72,24.73,24.725,1,1
1632492097,24.75,24.75,24.71,24.71,24.74,204,27
1632492098,24.71,24.71,24.71,24.71,24.71,0,0
1632492099,24.71,24.71,24.7,24.7,24.708,11,9
1632492100,24.71,24.71,24.68,24.68,24.697,17,8
1632492101,24.69,24.69,24.68,24.68,24.683,22,6
1632492102,24.69,24.69,24.68,24.69,24.689,2,1
1632492103,24.69,24.69,24.68,24.69,24.687,40,8
1632492104,24.69,24.69,24.66,24.66,24.677,41,17
1632492105,24.67,24.67,24.65,24.65,24.658,23,2
1632492106,24.66,24.66,24.65,24.65,24.655,24,6
1632492107,24.64,24.65,24.64,24.64,24.643,32,13
1632492108,24.64,24.64,24.63,24.63,24.631,11,3
1632492109,24.65,24.65,24.62,24.62,24.637,26,15
1632492110,24.64,24.64,24.62,24.62,24.631,65,23
1632492111,24.62,24.63,24.61,24.61,24.625,37,14
1632492112,24.61,24.63,24.61,24.63,24.611,14,5
1632492113,24.62,24.63,24.61,24.63,24.613,36,7
1632492114,24.63,24.63,24.62,24.63,24.63,0,0
1632492115,24.6,24.63,24.6,24.63,24.622,6,2
1632492116,24.63,24.63,24.6,24.6,24.617,14,7
1632492117,24.62,24.62,24.61,24.61,24.615,17,8
1632492118,24.61,24.63,24.6,24.6,24.615,20,10
1632492119,24.6,24.62,24.6,24.6,24.606,17,8
1632492120,24.61,24.62,24.6,24.61,24.614,23,6
1632492121,24.6,24.61,24.58,24.58,24.597,59,34
1632492122,24.58,24.58,24.57,24.57,24.571,18,8
1632492123,24.57,24.6,24.56,24.57,24.574,40,21
1632492124,24.59,24.6,24.57,24.57,24.589,4,3
1632492125,24.59,24.59,24.59,24.59,24.59,1,1
1632492126,24.59,24.61,24.58,24.59,24.591,6,6
1632492127,24.6,24.61,24.58,24.6,24.598,34,11
1632492128,24.58,24.6,24.58,24.6,24.592,3,2
1632492129,24.6,24.6,24.58,24.59,24.592,18,6
1632492130,24.59,24.59,24.55,24.55,24.567,38,25
1632492131,24.56,24.58,24.55,24.55,24.569,17,4
1632492132,24.56,24.57,24.55,24.56,24.563,8,4
1632492133,24.55,24.57,24.55,24.55,24.56,31,11
1632492134,24.55,24.56,24.54,24.55,24.549,122,44
1632492135,24.54,24.56,24.54,24.55,24.551,15,6
1632492136,24.55,24.55,24.55,24.55,24.55,7,1
1632492137,24.55,24.58,24.55,24.58,24.567,40,26
1632492138,24.58,24.6,24.58,24.58,24.589,30,9
1632492139,24.59,24.63,24.58,24.61,24.606,252,132
1632492140,24.59,24.6,24.58,24.59,24.59,24,7
1632492141,24.6,24.6,24.56,24.58,24.575,52,14
1632492142,24.57,24.6,24.57,24.59,24.576,6,2
1632492143,24.58,24.6,24.57,24.59,24.587,7,6
1632492144,24.59,24.6,24.57,24.57,24.589,10,4
1632492145,24.59,24.6,24.56,24.57,24.58,16,7
1632492146,24.57,24.57,24.57,24.57,24.57,0,0
1632492147,24.59,24.6,24.59,24.59,24.594,1,1
1632492148,24.58,24.58,24.57,24.57,24.58,31,2
1632492149,24.57,24.58,24.56,24.58,24.571,14,9
1632492150,24.56,24.57,24.56,24.56,24.56,13,3
1632492151,24.58,24.59,24.57,24.59,24.582,12,8
1632492152,24.58,24.59,24.57,24.57,24.578,4,4
1632492153,24.57,24.58,24.56,24.56,24.561,99,34
1632492154,24.56,24.58,24.56,24.58,24.571,18,7
1632492155,24.57,24.58,24.57,24.58,24.572,4,4
1632492156,24.58,24.58,24.57,24.58,24.577,2,2
1632492157,24.58,24.58,24.58,24.58,24.58,0,0
1632492158,24.58,24.6,24.57,24.58,24.589,14,11
1632492159,24.58,24.58,24.57,24.58,24.575,2,2
1632492160,24.58,24.58,24.55,24.55,24.577,44,21
1632492161,24.57,24.57,24.55,24.57,24.56,34,12
1632492162,24.57,24.57,24.56,24.57,24.57,0,0
1632492163,24.57,24.57,24.56,24.57,24.57,0,0
1632492164,24.57,24.57,24.56,24.57,24.57,0,0
1632492165,24.55,24.56,24.55,24.55,24.553,2,1
1632492166,24.56,24.59,24.55,24.56,24.577,82,23
1632492167,24.58,24.59,24.56,24.56,24.573,14,7
1632492168,24.58,24.59,24.57,24.58,24.582,4,4
1632492169,24.57,24.58,24.56,24.56,24.569,19,14
1632492170,24.56,24.57,24.56,24.57,24.562,13,2
1632492171,24.57,24.57,24.57,24.57,24.57,0,0
1632492172,24.58,24.58,24.58,24.58,24.58,1,1
1632492173,24.58,24.58,24.57,24.58,24.579,52,4
1632492174,24.57,24.57,24.56,24.57,24.568,5,5
1632492175,24.57,24.57,24.56,24.57,24.565,5,5
1632492176,24.57,24.57,24.55,24.56,24.565,90,28
1632492177,24.57,24.57,24.56,24.56,24.564,12,2
1632492178,24.57,24.57,24.56,24.57,24.567,13,12
1632492179,24.58,24.58,24.57,24.57,24.577,7,5
1632492180,24.58,24.58,24.57,24.58,24.575,2,2
1632492181,24.58,24.58,24.57,24.58,24.58,0,0
1632492182,24.57,24.58,24.57,24.57,24.571,2,1
1632492183,24.58,24.58,24.57,24.58,24.577,10,9
1632492184,24.58,24.59,24.57,24.59,24.583,18,13
1632492185,24.58,24.59,24.58,24.58,24.58,2,2
1632492186,24.58,24.61,24.58,24.6,24.599,60,24
1632492187,24.6,24.62,24.6,24.6,24.601,60,10
1632492188,24.61,24.61,24.6,24.61,24.606,5,3
1632492189,24.61,24.61,24.6,24.61,24.605,12,4
1632492190,24.61,24.61,24.6,24.61,24.605,2,2
1632492191,24.61,24.61,24.6,24.61,24.605,26,15
1632492192,24.61,24.61,24.6,24.61,24.608,20,2
1632492193,24.61,24.61,24.6,24.61,24.605,2,2
1632492194,24.61,24.61,24.6,24.6,24.602,5,4
1632492195,24.61,24.61,24.6,24.6,24.604,8,8
1632492196,24.6,24.61,24.6,24.61,24.601,15,4
1632492197,24.61,24.61,24.6,24.61,24.605,39,12
1632492198,24.61,24.61,24.6,24.61,24.609,4,4
1632492199,24.61,24.61,24.6,24.61,24.606,6,5
1632492200,24.61,24.61,24.6,24.61,24.606,11,10
1632492201,24.61,24.61,24.6,24.61,24.607,12,8
1632492202,24.61,24.61,24.6,24.61,24.605,11,6
1632492203,24.61,24.61,24.6,24.61,24.606,17,12
1632492204,24.61,24.61,24.6,24.61,24.606,10,10
1632492205,24.61,24.61,24.6,24.61,24.606,7,6
1632492206,24.61,24.61,24.6,24.61,24.605,8,7
1632492207,24.61,24.61,24.6,24.61,24.605,1,1
1632492208,24.61,24.61,24.6,24.61,24.61,0,0
1632492209,24.6,24.61,24.6,24.61,24.601,25,6
1632492210,24.61,24.61,24.58,24.59,24.587,83,40
1632492211,24.58,24.59,24.58,24.59,24.585,11,4
1632492212,24.59,24.59,24.57,24.58,24.572,35,4
1632492213,24.59,24.59,24.57,24.59,24.587,18,8
1632492214,24.59,24.59,24.58,24.58,24.585,13,4
1632492215,24.59,24.59,24.58,24.58,24.588,8,3
1632492216,24.59,24.61,24.58,24.59,24.594,29,19
1632492217,24.59,24.59,24.58,24.58,24.584,12,3
1632492218,24.58,24.58,24.57,24.57,24.576,25,19
1632492219,24.57,24.57,24.56,24.56,24.562,11,3
1632492220,24.56,24.56,24.54,24.54,24.552,136,34
1632492221,24.54,24.54,24.53,24.53,24.54,43,14
1632492222,24.53,24.54,24.52,24.53,24.528,42,23
1632492223,24.53,24.54,24.52,24.53,24.529,6,5
1632492224,24.52,24.53,24.52,24.53,24.52,68,23
1632492225,24.53,24.53,24.51,24.52,24.521,38,15
1632492226,24.51,24.51,24.46,24.48,24.498,1702,365
1632492227,24.48,24.49,24.46,24.49,24.476,17,14
1632492228,24.48,24.49,24.48,24.49,24.485,27,11
1632492229,24.48,24.49,24.47,24.48,24.48,86,61
1632492230,24.48,24.49,24.47,24.49,24.483,46,13
1632492231,24.48,24.49,24.48,24.48,24.481,66,21
1632492232,24.48,24.49,24.48,24.48,24.485,36,3
1632492233,24.49,24.54,24.48,24.5,24.502,119,33
1632492234,24.49,24.5,24.48,24.5,24.495,13,6
1632492235,24.48,24.5,24.48,24.49,24.491,19,3
1632492236,24.49,24.51,24.48,24.5,24.498,75,18
1632492237,24.53,24.55,24.5,24.51,24.53,12,5
1632492238,24.53,24.53,24.52,24.53,24.525,1,1
1632492239,24.55,24.55,24.53,24.53,24.543,12,2
1632492240,24.51,24.52,24.51,24.51,24.512,20,2
1632492241,24.55,24.55,24.54,24.55,24.549,57,4
1632492242,24.55,24.55,24.53,24.55,24.549,12,6
1632492243,24.54,24.55,24.54,24.55,24.549,22,3
1632492244,24.53,24.53,24.52,24.52,24.529,25,5
1632492245,24.52,24.52,24.51,24.52,24.52,42,4
1632492246,24.51,24.51,24.5,24.51,24.504,21,11
1632492247,24.48,24.51,24.47,24.5,24.491,26,13
1632492248,24.5,24.51,24.48,24.5,24.5,13,4
1632492249,24.51,24.53,24.51,24.51,24.522,14,5
1632492250,24.5,24.51,24.49,24.5,24.494,42,11
1632492251,24.49,24.52,24.49,24.51,24.503,4,3
1632492252,24.51,24.52,24.45,24.46,24.46,296,50
1632492253,24.45,24.48,24.45,24.48,24.471,28,5
1632492254,24.48,24.48,24.46,24.48,24.478,15,4
1632492255,24.48,24.48,24.45,24.45,24.451,204,6
1632492256,24.45,24.45,24.45,24.45,24.45,0,0
1632492257,24.47,24.48,24.46,24.47,24.474,16,10
1632492258,24.48,24.48,24.48,24.48,24.48,23,15
1632492259,24.48,24.49,24.48,24.49,24.485,22,11
1632492260,24.49,24.49,24.47,24.48,24.484,34,15
1632492261,24.49,24.49,24.48,24.48,24.483,23,10
1632492262,24.48,24.49,24.47,24.49,24.481,102,11
1632492263,24.48,24.49,24.48,24.49,24.488,46,10
1632492264,24.49,24.49,24.48,24.49,24.489,2,2
1632492265,24.48,24.49,24.48,24.49,24.483,3,2
1632492266,24.48,24.49,24.48,24.48,24.488,25,5
1632492267,24.49,24.49,24.48,24.48,24.488,11,6
1632492268,24.48,24.49,24.48,24.48,24.485,23,6
1632492269,24.48,24.48,24.48,24.48,24.48,1,1
1632492270,24.48,24.49,24.48,24.49,24.482,28,3
1632492271,24.49,24.49,24.48,24.49,24.489,1,1
1632492272,24.49,24.49,24.48,24.49,24.49,0,0
1632492273,24.5,24.52,24.49,24.51,24.505,176,46
1632492274,24.51,24.51,24.5,24.51,24.509,54,14
1632492275,24.5,24.52,24.5,24.5,24.51,50,18
1632492276,24.5,24.5,24.5,24.5,24.5,0,0
1632492277,24.5,24.51,24.5,24.51,24.507,7,3
1632492278,24.51,24.52,24.5,24.5,24.509,37,12
1632492279,24.5,24.5,24.5,24.5,24.5,0,0
1632492280,24.51,24.51,24.49,24.5,24.502,22,15
1632492281,24.5,24.5,24.47,24.48,24.48,173,24
1632492282,24.49,24.49,24.48,24.49,24.488,40,3
1632492283,24.47,24.49,24.47,24.49,24.488,28,5
1632492284,24.49,24.49,24.48,24.49,24.49,0,0
1632492285,24.47,24.49,24.47,24.49,24.483,10,4
1632492286,24.49,24.49,24.47,24.47,24.487,13,3
1632492287,24.48,24.49,24.48,24.49,24.487,4,3
1632492288,24.49,24.49,24.49,24.49,24.49,1,1
1632492289,24.48,24.49,24.48,24.49,24.489,16,3
1632492290,24.49,24.49,24.48,24.49,24.489,2,1
1632492291,24.47,24.5,24.47,24.49,24.482,7,5
1632492292,24.49,24.5,24.49,24.49,24.496,10,7
1632492293,24.5,24.5,24.49,24.5,24.5,12,3
1632492294,24.5,24.5,24.49,24.5,24.5,21,12
1632492295,24.5,24.52,24.49,24.5,24.496,82,25
1632492296,24.49,24.5,24.49,24.5,24.49,104,3
1632492297,24.5,24.5,24.5,24.5,24.5,3,3
1632492298,24.52,24.52,24.5,24.5,24.503,5,3
1632492299,24.51,24.52,24.51,24.52,24.515,13,7
1632492300,24.51,24.52,24.51,24.51,24.513,7,5
1632492301,24.51,24.52,24.51,24.51,24.51,0,0
1632492302,24.51,24.52,24.5,24.52,24.513,10,7
1632492303,24.52,24.54,24.51,24.54,24.52,30,14
1632492304,24.53,24.54,24.51,24.53,24.529,33,11
1632492305,24.54,24.54,24.5,24.5,24.531,76,11
1632492306,24.52,24.52,24.5,24.5,24.511,22,5
1632492307,24.51,24.51,24.47,24.48,24.491,77,36
1632492308,24.48,24.48,24.47,24.48,24.472,40,3
1632492309,24.48,24.48,24.47,24.48,24.478,11,3
1632492310,24.48,24.48,24.47,24.48,24.478,7,3
1632492311,24.48,24.5,24.47,24.48,24.488,86,25
1632492312,24.48,24.48,24.48,24.48,24.48,0,0
1632492313,24.5,24.52,24.5,24.5,24.5,52,11
1632492314,24.5,24.51,24.5,24.51,24.504,13,8
1632492315,24.5,24.52,24.5,24.51,24.508,9,5
1632492316,24.52,24.52,24.51,24.52,24.517,1,1
1632492317,24.52,24.52,24.51,24.51,24.512,11,2
1632492318,24.51,24.52,24.5,24.52,24.51,5,3
1632492319,24.52,24.52,24.51,24.51,24.513,2,2
1632492320,24.52,24.52,24.5,24.5,24.518,28,2
1632492321,24.52,24.52,24.51,24.52,24.517,1,1
1632492322,24.51,24.51,24.49,24.5,24.502,29,17
1632492323,24.5,24.5,24.48,24.49,24.489,28,6
1632492324,24.49,24.49,24.48,24.49,24.488,18,3
1632492325,24.49,24.49,24.48,24.48,24.486,37,12
1632492326,24.48,24.49,24.48,24.49,24.484,2,2
1632492327,24.48,24.49,24.48,24.48,24.483,7,3
1632492328,24.48,24.49,24.48,24.48,24.481,7,2
1632492329,24.49,24.49,24.48,24.48,24.482,6,4
1632492330,24.48,24.49,24.48,24.48,24.48,0,0
1632492331,24.49,24.49,24.47,24.47,24.475,55,29
1632492332,24.48,24.48,24.47,24.48,24.48,6,2
1632492333,24.48,24.48,24.48,24.48,24.48,2,1
1632492334,24.48,24.48,24.47,24.47,24.475,5,2
1632492335,24.48,24.49,24.48,24.49,24.485,42,12
1632492336,24.49,24.5,24.49,24.49,24.491,16,3
1632492337,24.5,24.5,24.49,24.49,24.495,36,4
1632492338,24.48,24.49,24.48,24.48,24.481,20,1
1632492339,24.5,24.5,24.47,24.47,24.487,34,6
1632492340,24.47,24.48,24.47,24.48,24.477,30,5
1632492341,24.48,24.48,24.47,24.48,24.477,5,3
1632492342,24.49,24.49,24.49,24.49,24.49,1,1
1632492343,24.48,24.49,24.48,24.48,24.48,2,1
1632492344,24.48,24.48,24.47,24.48,24.478,7,3
1632492345,24.47,24.47,24.46,24.47,24.466,4,1
1632492346,24.47,24.48,24.47,24.47,24.471,1,1
1632492347,24.48,24.48,24.47,24.47,24.474,23,8
1632492348,24.47,24.48,24.47,24.47,24.474,1,1
1632492349,24.48,24.48,24.47,24.48,24.478,5,4
1632492350,24.48,24.48,24.47,24.48,24.48,0,0
1632492351,24.48,24.48,24.46,24.46,24.469,27,12
1632492352,24.46,24.47,24.46,24.47,24.468,14,3
1632492353,24.46,24.47,24.45,24.45,24.459,27,7
1632492354,24.46,24.46,24.45,24.46,24.459,10,1
1632492355,24.45,24.46,24.45,24.45,24.45,163,44
1632492356,24.44,24.44,24.41,24.42,24.425,63,24
1632492357,24.41,24.41,24.41,24.41,24.41,3,2
1632492358,24.41,24.42,24.41,24.42,24.411,18,15
1632492359,24.41,24.42,24.39,24.4,24.401,194,57
1632492360,24.4,24.43,24.38,24.43,24.399,25,17
1632492361,24.4,24.44,24.4,24.43,24.411,3,2
1632492362,24.41,24.44,24.4,24.42,24.431,94,31
1632492363,24.42,24.43,24.41,24.43,24.426,184,43
1632492364,24.43,24.46,24.43,24.43,24.44,137,58
1632492365,24.44,24.44,24.43,24.43,24.437,33,13
1632492366,24.44,24.44,24.42,24.44,24.431,49,27
1632492367,24.43,24.44,24.41,24.44,24.427,45,25
1632492368,24.41,24.44,24.41,24.44,24.432,15,3
1632492369,24.43,24.43,24.42,24.43,24.428,24,6
1632492370,24.44,24.44,24.43,24.44,24.435,1,1
1632492371,24.44,24.44,24.43,24.44,24.435,21,2
1632492372,24.44,24.44,24.43,24.44,24.436,17,6
1632492373,24.43,24.44,24.43,24.44,24.434,8,5
1632492374,24.44,24.44,24.43,24.43,24.437,13,4
1632492375,24.44,24.44,24.43,24.44,24.436,35,6
1632492376,24.43,24.44,24.43,24.44,24.434,7,2
1632492377,24.43,24.44,24.43,24.43,24.431,31,15
1632492378,24.42,24.43,24.42,24.43,24.426,8,8
1632492379,24.43,24.44,24.42,24.44,24.43,85,18
1632492380,24.44,24.44,24.43,24.43,24.436,7,3
1632492381,24.44,24.44,24.43,24.44,24.438,30,7
1632492382,24.44,24.44,24.43,24.44,24.44,61,5
1632492383,24.43,24.43,24.42,24.43,24.428,17,9
1632492384,24.43,24.43,24.42,24.43,24.429,4,2
1632492385,24.42,24.43,24.41,24.42,24.42,13,4
1632492386,24.42,24.42,24.41,24.42,24.416,73,6
1632492387,24.42,24.43,24.42,24.42,24.422,46,7
1632492388,24.43,24.44,24.42,24.43,24.429,155,13
1632492389,24.43,24.43,24.42,24.43,24.429,10,4
1632492390,24.44,24.44,24.43,24.44,24.438,1,1
1632492391,24.44,24.44,24.43,24.44,24.438,65,19
1632492392,24.44,24.44,24.43,24.44,24.44,4,3
1632492393,24.43,24.44,24.43,24.44,24.434,2,2
1632492394,24.44,24.47,24.43,24.47,24.447,63,13
1632492395,24.47,24.47,24.46,24.47,24.47,38,3
1632492396,24.47,24.48,24.46,24.48,24.47,22,11
1632492397,24.47,24.48,24.47,24.47,24.471,2,1
1632492398,24.48,24.48,24.44,24.46,24.45,56,26
1632492399,24.46,24.46,24.46,24.46,24.46,0,0
1632492400,24.46,24.47,24.46,24.46,24.462,7,7
1632492401,24.47,24.47,24.45,24.45,24.46,7,5
1632492402,24.45,24.45,24.45,24.45,24.45,0,0
1632492403,24.44,24.46,24.44,24.44,24.444,31,15
1632492404,24.46,24.46,24.45,24.46,24.452,12,3
1632492405,24.45,24.46,24.45,24.46,24.46,20,2
1632492406,24.45,24.47,24.45,24.47,24.458,20,8
1632492407,24.47,24.47,24.46,24.46,24.463,13,5
1632492408,24.46,24.47,24.46,24.47,24.468,8,4
1632492409,24.47,24.47,24.46,24.47,24.468,9,5
1632492410,24.47,24.47,24.46,24.47,24.47,11,2
1632492411,24.46,24.47,24.46,24.46,24.465,4,2
1632492412,24.47,24.48,24.47,24.48,24.472,8,5
1632492413,24.47,24.48,24.47,24.47,24.471,32,1
1632492414,24.47,24.48,24.47,24.48,24.471,6,3
1632492415,24.48,24.48,24.47,24.48,24.477,10,1
1632492416,24.48,24.48,24.47,24.48,24.48,55,12
1632492417,24.48,24.48,24.47,24.48,24.48,0,0
1632492418,24.49,24.5,24.45,24.45,24.461,62,22
1632492419,24.46,24.47,24.46,24.47,24.46,18,4
1632492420,24.46,24.47,24.46,24.46,24.465,10,1
1632492421,24.48,24.48,24.47,24.48,24.48,1,1
1632492422,24.45,24.46,24.45,24.45,24.455,2,1
1632492423,24.45,24.46,24.45,24.45,24.45,0,0
1632492424,24.48,24.48,24.48,24.48,24.48,1,1
1632492425,24.48,24.48,24.47,24.47,24.473,7,3
1632492426,24.47,24.47,24.46,24.47,24.469,7,3
1632492427,24.47,24.47,24.46,24.46,24.465,3,2
1632492428,24.47,24.47,24.46,24.47,24.47,13,4
1632492429,24.46,24.47,24.46,24.46,24.465,1,1
1632492430,24.46,24.47,24.46,24.46,24.46,0,0
1632492431,24.47,24.48,24.46,24.48,24.472,28,7
1632492432,24.48,24.48,24.47,24.48,24.475,23,3
1632492433,24.48,24.48,24.46,24.47,24.466,19,8
1632492434,24.46,24.47,24.46,24.47,24.466,10,2
1632492435,24.47,24.47,24.46,24.47,24.47,0,0
1632492436,24.47,24.48,24.47,24.48,24.477,6,2
1632492437,24.47,24.47,24.47,24.47,24.47,1,1
1632492438,24.47,24.48,24.47,24.47,24.47,13,2
1632492439,24.47,24.49,24.47,24.49,24.48,19,11
1632492440,24.48,24.49,24.47,24.48,24.476,17,13
1632492441,24.48,24.49,24.47,24.49,24.48,20,8
1632492442,24.48,24.49,24.48,24.49,24.488,17,10
1632492443,24.49,24.49,24.49,24.49,24.49,0,0
1632492444,24.49,24.49,24.48,24.49,24.49,32,4
1632492445,24.48,24.49,24.48,24.48,24.482,1,1
1632492446,24.48,24.49,24.48,24.48,24.485,7,1
1632492447,24.49,24.5,24.49,24.49,24.492,10,6
1632492448,24.5,24.5,24.48,24.49,24.489,10,7
1632492449,24.48,24.49,24.48,24.48,24.483,1,1
1632492450,24.5,24.5,24.48,24.5,24.499,55,10
1632492451,24.49,24.5,24.49,24.49,24.493,3,3
1632492452,24.49,24.5,24.49,24.49,24.494,10,1
1632492453,24.49,24.5,24.48,24.5,24.492,8,3
1632492454,24.49,24.5,24.49,24.5,24.497,8,4
1632492455,24.5,24.5,24.49,24.5,24.496,30,5
1632492456,24.49,24.52,24.49,24.5,24.513,611,52
1632492457,24.5,24.5,24.5,24.5,24.5,35,10
1632492458,24.5,24.53,24.49,24.5,24.507,99,20
1632492459,24.51,24.51,24.49,24.5,24.5,27,8
1632492460,24.49,24.5,24.49,24.5,24.493,12,2
1632492461,24.5,24.51,24.49,24.51,24.501,32,13
1632492462,24.5,24.5,24.5,24.5,24.5,5,2
1632492463,24.5,24.5,24.48,24.48,24.487,33,16
1632492464,24.47,24.48,24.43,24.43,24.451,79,27
1632492465,24.46,24.46,24.45,24.46,24.46,4,1
1632492466,24.46,24.47,24.46,24.47,24.467,14,4
1632492467,24.46,24.46,24.46,24.46,24.46,9,2
1632492468,24.46,24.46,24.46,24.46,24.46,0,0
1632492469,24.46,24.47,24.46,24.46,24.465,11,4
1632492470,24.46,24.47,24.46,24.47,24.466,11,4
1632492471,24.47,24.48,24.46,24.47,24.47,52,8
1632492472,24.47,24.48,24.47,24.47,24.472,20,5
1632492473,24.49,24.49,24.48,24.48,24.485,2,2
1632492474,24.49,24.49,24.48,24.49,24.49,6,2
1632492475,24.49,24.49,24.48,24.49,24.49,0,0
1632492476,24.49,24.49,24.47,24.48,24.489,50,8
1632492477,24.48,24.48,24.48,24.48,24.48,10,1
1632492478,24.48,24.48,24.48,24.48,24.48,0,0
1632492479,24.48,24.49,24.48,24.48,24.483,5,3
1632492480,24.49,24.49,24.49,24.49,24.49,7,4
1632492481,24.5,24.51,24.5,24.5,24.5,28,8
1632492482,24.5,24.52,24.5,24.51,24.512,26,18
1632492483,24.52,24.53,24.5,24.53,24.523,79,33
1632492484,24.51,24.51,24.5,24.5,24.506,17,4
1632492485,24.51,24.51,24.5,24.51,24.506,9,7
1632492486,24.5,24.51,24.47,24.5,24.483,58,21
1632492487,24.51,24.51,24.49,24.49,24.497,4,3
1632492488,24.5,24.5,24.49,24.5,24.499,6,3
1632492489,24.49,24.5,24.49,24.5,24.495,14,3
1632492490,24.5,24.5,24.5,24.5,24.5,14,9
1632492491,24.5,24.5,24.49,24.5,24.495,1,1
1632492492,24.5,24.5,24.49,24.5,24.498,19,5
1632492493,24.49,24.5,24.49,24.5,24.498,12,8
1632492494,24.5,24.5,24.49,24.5,24.494,8,4
1632492495,24.5,24.5,24.49,24.5,24.499,34,13
1632492496,24.5,24.51,24.49,24.5,24.5,29,16
1632492497,24.51,24.51,24.5,24.5,24.507,16,5
1632492498,24.51,24.51,24.5,24.51,24.506,10,1
1632492499,24.51,24.52,24.51,24.52,24.514,2,2
1632492500,24.52,24.53,24.52,24.52,24.521,22,3
1632492501,24.52,24.53,24.52,24.52,24.522,16,2
1632492502,24.52,24.55,24.52,24.55,24.541,13,4
1632492503,24.55,24.55,24.54,24.55,24.55,0,0
1632492504,24.55,24.56,24.54,24.56,24.553,38,15
1632492505,24.57,24.57,24.56,24.57,24.569,2,1
1632492506,24.57,24.57,24.55,24.57,24.567,15,9
1632492507,24.57,24.61,24.57,24.61,24.594,524,67
1632492508,24.6,24.61,24.58,24.58,24.592,17,17
1632492509,24.58,24.59,24.57,24.57,24.58,84,17
1632492510,24.57,24.58,24.56,24.57,24.577,47,8
1632492511,24.57,24.58,24.57,24.58,24.577,7,2
1632492512,24.56,24.58,24.56,24.56,24.562,71,3
1632492513,24.58,24.58,24.57,24.58,24.577,65,24
1632492514,24.57,24.58,24.57,24.57,24.571,3,2
1632492515,24.58,24.58,24.57,24.58,24.575,1,1
1632492516,24.58,24.58,24.57,24.58,24.58,11,6
1632492517,24.57,24.58,24.57,24.57,24.575,22,6
1632492518,24.57,24.58,24.57,24.58,24.572,3,2
1632492519,24.57,24.58,24.56,24.58,24.571,17,12
1632492520,24.58,24.58,24.56,24.56,24.561,31,2
1632492521,24.57,24.58,24.56,24.57,24.571,28,11
1632492522,24.58,24.58,24.56,24.56,24.574,62,31
1632492523,24.57,24.57,24.56,24.57,24.567,5,5
1632492524,24.57,24.57,24.56,24.57,24.565,4,4
1632492525,24.57,24.57,24.56,24.57,24.569,7,3
1632492526,24.57,24.57,24.56,24.57,24.569,2,1
1632492527,24.57,24.57,24.55,24.55,24.555,51,23
1632492528,24.54,24.57,24.51,24.53,24.518,116,76
1632492529,24.54,24.56,24.54,24.56,24.541,21,2
1632492530,24.56,24.57,24.55,24.56,24.556,48,15
1632492531,24.56,24.57,24.56,24.57,24.565,10,3
1632492532,24.56,24.57,24.56,24.57,24.564,2,2
1632492533,24.56,24.56,24.56,24.56,24.56,52,3
1632492534,24.56,24.57,24.56,24.57,24.564,30,5
1632492535,24.57,24.57,24.56,24.56,24.565,6,3
1632492536,24.56,24.56,24.56,24.56,24.56,15,3
1632492537,24.57,24.57,24.56,24.57,24.569,34,4
1632492538,24.57,24.57,24.55,24.56,24.56,22,5
1632492539,24.55,24.57,24.53,24.54,24.552,30,12
1632492540,24.54,24.54,24.53,24.53,24.533,3,2
1632492541,24.54,24.55,24.54,24.55,24.547,6,2
1632492542,24.53,24.55,24.53,24.54,24.544,22,3
1632492543,24.54,24.55,24.54,24.55,24.543,5,3
1632492544,24.55,24.55,24.53,24.54,24.542,13,4
1632492545,24.54,24.54,24.53,24.54,24.535,2,2
1632492546,24.54,24.54,24.51,24.52,24.526,15,11
1632492547,24.52,24.54,24.51,24.53,24.524,14,7
1632492548,24.54,24.54,24.54,24.54,24.54,21,4
1632492549,24.54,24.55,24.53,24.55,24.54,10,6
1632492550,24.55,24.56,24.55,24.56,24.551,19,4
1632492551,24.56,24.57,24.56,24.57,24.565,11,5
1632492552,24.57,24.57,24.56,24.57,24.565,20,9
1632492553,24.57,24.57,24.56,24.57,24.565,5,1
1632492554,24.57,24.57,24.57,24.57,24.57,1,1
1632492555,24.57,24.57,24.56,24.57,24.565,16,9
1632492556,24.57,24.57,24.56,24.57,24.57,0,0
1632492557,24.56,24.56,24.55,24.55,24.556,15,7
1632492558,24.56,24.56,24.55,24.56,24.558,23,4
1632492559,24.55,24.55,24.52,24.53,24.538,27,13
1632492560,24.54,24.54,24.52,24.54,24.537,17,7
1632492561,24.55,24.55,24.55,24.55,24.55,7,2
1632492562,24.55,24.56,24.54,24.56,24.553,6,4
1632492563,24.56,24.56,24.56,24.56,24.56,13,10
1632492564,24.56,24.56,24.55,24.55,24.553,40,14
1632492565,24.56,24.56,24.55,24.56,24.56,9,9
1632492566,24.56,24.56,24.56,24.56,24.56,2,2
1632492567,24.56,24.57,24.55,24.57,24.557,36,11
1632492568,24.57,24.58,24.55,24.58,24.574,24,11
1632492569,24.59,24.59,24.58,24.59,24.59,18,6
1632492570,24.59,24.61,24.59,24.61,24.6,46,14
1632492571,24.61,24.61,24.6,24.61,24.61,3,1
1632492572,24.61,24.61,24.6,24.61,24.605,8,2
1632492573,24.61,24.61,24.6,24.61,24.61,0,0
1632492574,24.61,24.62,24.61,24.62,24.612,11,7
1632492575,24.62,24.62,24.62,24.62,24.62,2,1
1632492576,24.62,24.63,24.61,24.62,24.613,19,5
1632492577,24.62,24.63,24.61,24.63,24.621,14,6
1632492578,24.62,24.62,24.61,24.62,24.62,22,2
1632492579,24.63,24.64,24.6,24.62,24.62,161,39
1632492580,24.63,24.65,24.62,24.63,24.633,58,13
1632492581,24.64,24.64,24.63,24.63,24.634,31,12
1632492582,24.63,24.63,24.62,24.63,24.621,28,6
1632492583,24.62,24.63,24.61,24.61,24.617,52,16
1632492584,24.62,24.62,24.61,24.62,24.615,24,8
1632492585,24.61,24.62,24.61,24.62,24.612,9,3
1632492586,24.61,24.61,24.6,24.61,24.609,11,6
1632492587,24.61,24.61,24.61,24.61,24.61,0,0
1632492588,24.61,24.61,24.6,24.61,24.605,2,1
1632492589,24.61,24.61,24.6,24.61,24.608,4,2
1632492590,24.61,24.61,24.59,24.6,24.601,26,6
1632492591,24.59,24.6,24.58,24.6,24.595,17,13
1632492592,24.6,24.6,24.59,24.59,24.594,4,3
1632492593,24.59,24.6,24.58,24.59,24.586,41,4
1632492594,24.59,24.6,24.58,24.6,24.591,25,11
1632492595,24.6,24.6,24.6,24.6,24.6,5,1
1632492596,24.6,24.6,24.59,24.6,24.595,17,5
1632492597,24.59,24.59,24.59,24.59,24.59,8,1
1632492598,24.6,24.61,24.59,24.61,24.602,17,8
1632492599,24.61,24.62,24.61,24.62,24.612,16,9
1632492600,24.62,24.62,24.61,24.62,24.615,28,7
1632492601,24.62,24.62,24.61,24.61,24.613,2,2
1632492602,24.62,24.62,24.61,24.62,24.612,6,4
1632492603,24.62,24.62,24.61,24.62,24.619,25,11
1632492604,24.63,24.63,24.62,24.63,24.625,48,5
1632492605,24.63,24.63,24.62,24.63,24.624,4,4
1632492606,24.63,24.63,24.62,24.63,24.63,1,1
1632492607,24.63,24.64,24.62,24.64,24.635,12,5
1632492608,24.64,24.67,24.64,24.66,24.657,105,22
1632492609,24.66,24.66,24.65,24.66,24.66,18,6
1632492610,24.67,24.67,24.65,24.66,24.653,26,3
1632492611,24.65,24.67,24.65,24.67,24.666,132,37
1632492612,24.66,24.67,24.66,24.67,24.66,21,2
1632492613,24.67,24.68,24.66,24.68,24.665,25,4
1632492614,24.67,24.68,24.66,24.68,24.668,17,4
1632492615,24.68,24.68,24.66,24.66,24.662,17,3
1632492616,24.67,24.67,24.64,24.65,24.652,30,11
1632492617,24.66,24.66,24.64,24.66,24.651,38,6
1632492618,24.65,24.65,24.63,24.64,24.642,5,4
1632492619,24.64,24.65,24.62,24.65,24.63,22,5
1632492620,24.65,24.65,24.65,24.65,24.65,0,0
1632492621,24.65,24.65,24.65,24.65,24.65,0,0
1632492622,24.65,24.65,24.65,24.65,24.65,4,2
1632492623,24.65,24.65,24.64,24.64,24.649,28,7
1632492624,24.63,24.63,24.63,24.63,24.63,25,1
1632492625,24.63,24.64,24.63,24.64,24.637,3,2
1632492626,24.64,24.64,24.63,24.64,24.635,11,2
1632492627,24.64,24.65,24.63,24.64,24.639,7,7
1632492628,24.64,24.65,24.63,24.65,24.645,11,8
1632492629,24.66,24.66,24.65,24.65,24.658,31,2
1632492630,24.66,24.67,24.65,24.67,24.66,27,7
1632492631,24.67,24.67,24.66,24.67,24.67,0,0
1632492632,24.67,24.67,24.67,24.67,24.67,1,1
1632492633,24.67,24.67,24.67,24.67,24.67,23,3
1632492634,24.68,24.68,24.67,24.68,24.679,1,1
1632492635,24.68,24.68,24.67,24.68,24.675,6,4
1632492636,24.68,24.68,24.66,24.67,24.666,67,36
1632492637,24.68,24.68,24.66,24.66,24.674,28,9
1632492638,24.69,24.71,24.68,24.7,24.699,292,29
1632492639,24.7,24.71,24.7,24.71,24.702,25,2
1632492640,24.71,24.71,24.68,24.69,24.696,45,19
1632492641,24.69,24.69,24.68,24.69,24.687,62,4
1632492642,24.69,24.73,24.68,24.69,24.704,123,66
1632492643,24.7,24.7,24.68,24.69,24.691,23,8
1632492644,24.68,24.69,24.68,24.68,24.687,26,3
1632492645,24.68,24.69,24.67,24.67,24.678,29,7
1632492646,24.67,24.67,24.66,24.67,24.665,36,16
1632492647,24.67,24.67,24.67,24.67,24.67,0,0
1632492648,24.66,24.67,24.66,24.67,24.666,2,2
1632492649,24.66,24.66,24.64,24.64,24.651,145,28
1632492650,24.64,24.67,24.64,24.67,24.649,24,11
1632492651,24.67,24.67,24.67,24.67,24.67,0,0
1632492652,24.66,24.67,24.66,24.66,24.663,1,1
1632492653,24.66,24.66,24.65,24.66,24.655,1,1
1632492654,24.67,24.67,24.66,24.66,24.664,7,2
1632492655,24.66,24.66,24.65,24.66,24.655,25,3
1632492656,24.65,24.66,24.65,24.65,24.651,5,1
1632492657,24.66,24.67,24.65,24.65,24.65,105,27
1632492658,24.67,24.67,24.66,24.67,24.67,3,3
1632492659,24.66,24.66,24.66,24.66,24.66,7,1
1632492660,24.66,24.66,24.65,24.65,24.657,8,4
1632492661,24.65,24.67,24.65,24.67,24.669,25,10
1632492662,24.66,24.67,24.66,24.67,24.663,5,3
1632492663,24.66,24.66,24.66,24.66,24.66,25,6
1632492664,24.67,24.67,24.66,24.67,24.668,9,4
1632492665,24.67,24.69,24.66,24.68,24.677,17,6
1632492666,24.67,24.69,24.67,24.69,24.681,10,2
1632492667,24.69,24.69,24.68,24.69,24.689,9,3
1632492668,24.69,24.69,24.68,24.69,24.685,5,1
1632492669,24.69,24.69,24.68,24.69,24.69,0,0
1632492670,24.68,24.69,24.68,24.68,24.68,1,1
1632492671,24.68,24.71,24.68,24.71,24.7,61,17
1632492672,24.7,24.78,24.7,24.78,24.749,402,110
1632492673,24.75,24.79,24.74,24.79,24.781,478,81
1632492674,24.79,24.79,24.75,24.75,24.766,109,32
1632492675,24.77,24.77,24.74,24.75,24.761,29,12
1632492676,24.75,24.76,24.73,24.75,24.747,25,8
1632492677,24.74,24.75,24.73,24.73,24.737,18,10
1632492678,24.73,24.74,24.71,24.72,24.722,4,3
1632492679,24.72,24.73,24.71,24.71,24.715,27,11
1632492680,24.7,24.72,24.7,24.72,24.709,11,4
1632492681,24.72,24.72,24.71,24.72,24.717,8,5
1632492682,24.7,24.71,24.7,24.71,24.707,18,8
1632492683,24.71,24.71,24.71,24.71,24.71,0,0
1632492684,24.7,24.71,24.7,24.7,24.705,31,3
1632492685,24.72,24.72,24.71,24.72,24.719,35,11
1632492686,24.72,24.72,24.71,24.71,24.719,18,3
1632492687,24.72,24.72,24.71,24.71,24.72,21,2
1632492688,24.71,24.72,24.71,24.72,24.717,11,2
1632492689,24.71,24.72,24.71,24.72,24.719,21,8
1632492690,24.71,24.71,24.67,24.7,24.69,145,50
1632492691,24.71,24.72,24.71,24.71,24.713,4,3
1632492692,24.72,24.72,24.72,24.72,24.72,12,3
1632492693,24.71,24.72,24.71,24.72,24.715,2,2
1632492694,24.72,24.74,24.71,24.73,24.727,74,22
1632492695,24.73,24.73,24.73,24.73,24.73,0,0
1632492696,24.73,24.75,24.73,24.75,24.736,29,6
1632492697,24.75,24.75,24.66,24.67,24.7,147,75
1632492698,24.68,24.68,24.67,24.68,24.678,10,1
1632492699,24.69,24.69,24.67,24.67,24.676,50,2
1632492700,24.7,24.7,24.69,24.7,24.7,10,1
1632492701,24.67,24.69,24.67,24.69,24.675,30,2
1632492702,24.7,24.7,24.68,24.69,24.691,8,4
1632492703,24.7,24.7,24.69,24.7,24.698,19,4
1632492704,24.7,24.7,24.68,24.69,24.688,11,4
1632492705,24.69,24.7,24.69,24.69,24.694,18,3
1632492706,24.69,24.69,24.69,24.69,24.69,2,1
1632492707,24.69,24.69,24.69,24.69,24.69,1,1
1632492708,24.7,24.7,24.69,24.7,24.698,10,1
1632492709,24.69,24.69,24.64,24.66,24.66,134,41
1632492710,24.66,24.66,24.66,24.66,24.66,0,0
1632492711,24.65,24.67,24.64,24.66,24.65,29,12
1632492712,24.68,24.68,24.64,24.67,24.667,6,3
1632492713,24.66,24.66,24.65,24.65,24.651,10,2
1632492714,24.67,24.68,24.66,24.67,24.667,22,5
1632492715,24.68,24.68,24.67,24.68,24.678,7,3
1632492716,24.68,24.68,24.67,24.68,24.679,1,1
1632492717,24.68,24.68,24.67,24.68,24.679,1,1
1632492718,24.68,24.68,24.68,24.68,24.68,4,1
1632492719,24.68,24.69,24.67,24.69,24.684,21,3
1632492720,24.69,24.69,24.66,24.67,24.676,20,6
1632492721,24.67,24.67,24.66,24.66,24.667,3,3
1632492722,24.67,24.67,24.66,24.66,24.668,4,2
1632492723,24.67,24.68,24.67,24.67,24.674,9,3
1632492724,24.68,24.68,24.67,24.68,24.675,10,1
1632492725,24.68,24.68,24.64,24.64,24.657,41,16
1632492726,24.63,24.64,24.6,24.6,24.617,97,30
1632492727,24.6,24.62,24.59,24.59,24.601,145,15
1632492728,24.59,24.6,24.57,24.57,24.582,42,17
1632492729,24.57,24.58,24.56,24.56,24.567,77,12
1632492730,24.57,24.58,24.57,24.57,24.573,52,14
1632492731,24.57,24.58,24.57,24.57,24.571,17,7
1632492732,24.58,24.59,24.57,24.59,24.583,29,7
1632492733,24.58,24.59,24.57,24.59,24.583,23,12
1632492734,24.59,24.59,24.59,24.59,24.59,0,0
1632492735,24.6,24.6,24.59,24.6,24.598,6,2
1632492736,24.6,24.6,24.59,24.6,24.599,3,2
1632492737,24.6,24.6,24.59,24.6,24.595,4,3
1632492738,24.6,24.6,24.59,24.6,24.596,21,8
1632492739,24.59,24.6,24.59,24.59,24.594,7,5
1632492740,24.58,24.59,24.58,24.58,24.581,3,2
1632492741,24.6,24.6,24.59,24.59,24.591,17,5
1632492742,24.6,24.61,24.59,24.61,24.603,7,4
1632492743,24.61,24.61,24.6,24.6,24.606,23,6
1632492744,24.6,24.6,24.59,24.6,24.599,1,1
1632492745,24.59,24.59,24.57,24.58,24.578,8,8
1632492746,24.58,24.6,24.58,24.6,24.59,5,3
1632492747,24.6,24.6,24.59,24.59,24.595,7,3
1632492748,24.59,24.59,24.59,24.59,24.59,2,1
1632492749,24.59,24.6,24.59,24.6,24.596,6,2
1632492750,24.58,24.59,24.58,24.59,24.581,14,3
1632492751,24.59,24.6,24.59,24.6,24.596,40,16
1632492752,24.6,24.6,24.59,24.6,24.595,1,1
1632492753,24.6,24.6,24.59,24.6,24.6,17,12
1632492754,24.6,24.6,24.59,24.6,24.598,6,2
1632492755,24.6,24.61,24.59,24.61,24.6,21,10
1632492756,24.59,24.59,24.58,24.58,24.584,8,4
1632492757,24.58,24.59,24.58,24.59,24.587,12,5
1632492758,24.59,24.59,24.59,24.59,24.59,0,0
1632492759,24.59,24.59,24.59,24.59,24.59,0,0
1632492760,24.58,24.59,24.58,24.59,24.587,7,2
1632492761,24.59,24.59,24.58,24.59,24.59,0,0
1632492762,24.59,24.59,24.58,24.59,24.59,0,0
1632492763,24.59,24.59,24.58,24.59,24.59,0,0
1632492764,24.58,24.59,24.58,24.59,24.582,17,3
1632492765,24.59,24.6,24.59,24.6,24.592,6,5
1632492766,24.59,24.6,24.59,24.6,24.598,4,4
1632492767,24.61,24.61,24.6,24.6,24.603,2,2
1632492768,24.6,24.61,24.6,24.6,24.6,5,3
1632492769,24.6,24.61,24.6,24.6,24.6,0,0
1632492770,24.61,24.61,24.6,24.61,24.608,3,3
1632492771,24.61,24.61,24.58,24.58,24.603,18,15
1632492772,24.58,24.58,24.58,24.58,24.58,0,0
1632492773,24.6,24.6,24.6,24.6,24.6,10,1
1632492774,24.59,24.6,24.58,24.58,24.581,30,4
1632492775,24.58,24.59,24.58,24.58,24.581,6,2
1632492776,24.6,24.6,24.56,24.59,24.579,31,13
1632492777,24.58,24.58,24.57,24.58,24.575,2,1
1632492778,24.58,24.58,24.57,24.58,24.58,0,0
1632492779,24.56,24.56,24.54,24.54,24.544,95,20
1632492780,24.54,24.56,24.53,24.53,24.546,11,5
1632492781,24.54,24.55,24.53,24.55,24.536,39,7
1632492782,24.53,24.54,24.52,24.53,24.53,6,5
1632492783,24.53,24.54,24.52,24.52,24.524,37,13
1632492784,24.51,24.52,24.5,24.52,24.502,136,21
1632492785,24.51,24.51,24.5,24.51,24.507,11,11
1632492786,24.52,24.52,24.52,24.52,24.52,1,1
1632492787,24.52,24.52,24.52,24.52,24.52,0,0
1632492788,24.52,24.52,24.51,24.52,24.519,16,7
1632492789,24.51,24.52,24.51,24.52,24.516,16,3
1632492790,24.52,24.53,24.51,24.53,24.517,44,3
1632492791,24.52,24.53,24.52,24.52,24.521,18,2
1632492792,24.51,24.53,24.51,24.51,24.52,20,6
1632492793,24.53,24.53,24.52,24.52,24.522,20,2
1632492794,24.51,24.52,24.51,24.51,24.512,5,1
1632492795,24.53,24.53,24.52,24.53,24.528,8,6
1632492796,24.53,24.53,24.53,24.53,24.53,11,7
1632492797,24.53,24.54,24.53,24.54,24.533,20,10
1632492798,24.54,24.55,24.54,24.55,24.544,29,7
1632492799,24.55,24.55,24.54,24.54,24.544,9,4
1632492800,24.55,24.55,24.55,24.55,24.55,5,1
1632492801,24.56,24.56,24.56,24.56,24.56,1,1
1632492802,24.57,24.57,24.55,24.56,24.567,8,3
1632492803,24.57,24.57,24.56,24.57,24.565,1,1
1632492804,24.58,24.6,24.55,24.6,24.584,137,27
1632492805,24.6,24.6,24.58,24.58,24.584,25,7
1632492806,24.61,24.62,24.6,24.61,24.613,19,7
1632492807,24.62,24.62,24.61,24.62,24.616,17,4
1632492808,24.64,24.64,24.61,24.62,24.621,22,3
1632492809,24.61,24.64,24.61,24.64,24.613,12,3
1632492810,24.64,24.64,24.61,24.64,24.635,18,5
1632492811,24.64,24.64,24.62,24.63,24.632,2,2
1632492812,24.6,24.64,24.6,24.63,24.628,7,3
1632492813,24.63,24.63,24.62,24.63,24.63,0,0
1632492814,24.64,24.64,24.61,24.63,24.637,12,3
1632492815,24.63,24.63,24.61,24.61,24.629,21,2
1632492816,24.64,24.64,24.63,24.64,24.638,10,1
1632492817,24.63,24.63,24.62,24.63,24.625,6,1
1632492818,24.63,24.63,24.62,24.63,24.625,3,1
1632492819,24.63,24.63,24.63,24.63,24.63,6,5
1632492820,24.63,24.63,24.61,24.62,24.622,26,13
1632492821,24.61,24.62,24.59,24.6,24.607,21,11
1632492822,24.59,24.59,24.57,24.58,24.581,9,5
1632492823,24.56,24.58,24.56,24.58,24.573,3,2
1632492824,24.57,24.58,24.56,24.58,24.57,25,4
1632492825,24.58,24.58,24.56,24.56,24.579,20,2
1632492826,24.56,24.56,24.56,24.56,24.56,0,0
1632492827,24.58,24.58,24.57,24.58,24.58,25,10
1632492828,24.58,24.62,24.57,24.62,24.598,62,37
1632492829,24.58,24.58,24.58,24.58,24.58,2,2
1632492830,24.6,24.62,24.58,24.58,24.6,42,6
1632492831,24.6,24.62,24.6,24.61,24.609,7,2
1632492832,24.59,24.6,24.55,24.55,24.565,85,13
1632492833,24.55,24.55,24.55,24.55,24.55,0,0
1632492834,24.55,24.55,24.55,24.55,24.55,0,0
1632492835,24.58,24.58,24.58,24.58,24.58,3,1
1632492836,24.58,24.58,24.58,24.58,24.58,0,0
1632492837,24.58,24.58,24.58,24.58,24.58,0,0
1632492838,24.58,24.58,24.57,24.58,24.576,10,5
1632492839,24.57,24.57,24.55,24.56,24.558,54,11
1632492840,24.54,24.54,24.54,24.54,24.54,6,1
1632492841,24.56,24.56,24.56,24.56,24.56,2,2
1632492842,24.54,24.57,24.54,24.55,24.552,6,5
1632492843,24.54,24.55,24.54,24.54,24.543,2,1
1632492844,24.56,24.57,24.55,24.56,24.56,5,5
1632492845,24.57,24.57,24.56,24.57,24.566,9,1
1632492846,24.58,24.58,24.58,24.58,24.58,1,1
1632492847,24.58,24.6,24.57,24.6,24.58,82,18
1632492848,24.58,24.58,24.58,24.58,24.58,20,2
1632492849,24.56,24.57,24.56,24.56,24.561,2,2
1632492850,24.58,24.59,24.58,24.58,24.58,2,1
1632492851,24.58,24.6,24.58,24.59,24.593,13,3
1632492852,24.58,24.61,24.58,24.61,24.585,6,2
1632492853,24.58,24.6,24.58,24.59,24.584,45,7
1632492854,24.59,24.6,24.59,24.59,24.593,4,1
1632492855,24.6,24.6,24.59,24.6,24.598,1,1
1632492856,24.59,24.61,24.59,24.61,24.596,5,5
1632492857,24.6,24.6,24.59,24.6,24.595,1,1
1632492858,24.59,24.59,24.59,24.59,24.59,1,1
1632492859,24.58,24.58,24.58,24.58,24.58,30,1
1632492860,24.59,24.59,24.59,24.59,24.59,10,1
1632492861,24.6,24.6,24.58,24.59,24.592,4,3
1632492862,24.59,24.59,24.59,24.59,24.59,0,0
1632492863,24.59,24.59,24.58,24.58,24.584,30,2
1632492864,24.59,24.59,24.58,24.58,24.581,6,2
1632492865,24.58,24.58,24.56,24.57,24.569,23,9
1632492866,24.57,24.58,24.56,24.57,24.568,3,2
1632492867,24.58,24.58,24.57,24.58,24.577,11,8
1632492868,24.59,24.59,24.56,24.57,24.57,26,2
1632492869,24.59,24.59,24.57,24.57,24.589,46,2
1632492870,24.57,24.58,24.57,24.57,24.57,0,0
1632492871,24.59,24.59,24.58,24.58,24.587,11,2
1632492872,24.56,24.57,24.56,24.57,24.568,7,3
1632492873,24.56,24.57,24.55,24.55,24.557,5,4
1632492874,24.56,24.56,24.55,24.55,24.555,10,3
1632492875,24.55,24.55,24.55,24.55,24.55,0,0
1632492876,24.55,24.56,24.55,24.56,24.558,12,3
1632492877,24.56,24.56,24.56,24.56,24.56,12,2
1632492878,24.56,24.56,24.56,24.56,24.56,0,0
1632492879,24.56,24.56,24.56,24.56,24.56,0,0
1632492880,24.56,24.56,24.56,24.56,24.56,0,0
1632492881,24.55,24.56,24.55,24.55,24.555,1,1
1632492882,24.55,24.55,24.53,24.54,24.541,11,11
1632492883,24.55,24.55,24.54,24.55,24.549,3,3
1632492884,24.56,24.56,24.55,24.56,24.557,4,1
1632492885,24.56,24.56,24.55,24.56,24.56,0,0
1632492886,24.56,24.56,24.55,24.56,24.56,0,0
1632492887,24.55,24.55,24.55,24.55,24.55,5,1
1632492888,24.55,24.55,24.55,24.55,24.55,0,0
1632492889,24.55,24.55,24.54,24.55,24.549,16,4
1632492890,24.56,24.56,24.56,24.56,24.56,5,1
1632492891,24.54,24.54,24.54,24.54,24.54,5,1
1632492892,24.54,24.54,24.54,24.54,24.54,0,0
1632492893,24.54,24.54,24.54,24.54,24.54,0,0
1632492894,24.54,24.56,24.54,24.56,24.556,18,10
1632492895,24.58,24.58,24.57,24.58,24.58,5,1
1632492896,24.58,24.58,24.58,24.58,24.58,5,1
1632492897,24.58,24.58,24.58,24.58,24.58,2,2
1632492898,24.57,24.58,24.57,24.57,24.572,5,1
1632492899,24.57,24.58,24.57,24.57,24.571,2,1
1632492900,24.57,24.58,24.57,24.57,24.573,5,3
1632492901,24.57,24.57,24.57,24.57,24.57,2,1
1632492902,24.57,24.57,24.57,24.57,24.57,0,0
1632492903,24.56,24.57,24.56,24.56,24.561,15,2
1632492904,24.58,24.58,24.57,24.58,24.578,10,2
1632492905,24.57,24.57,24.57,24.57,24.57,10,1
1632492906,24.57,24.57,24.57,24.57,24.57,0,0
1632492907,24.58,24.58,24.57,24.58,24.578,2,1
1632492908,24.57,24.58,24.57,24.57,24.571,3,2
1632492909,24.57,24.58,24.57,24.58,24.577,7,2
1632492910,24.58,24.58,24.57,24.58,24.58,0,0
1632492911,24.58,24.58,24.57,24.58,24.58,0,0
1632492912,24.56,24.6,24.56,24.6,24.593,41,25
1632492913,24.6,24.6,24.6,24.6,24.6,0,0
1632492914,24.6,24.6,24.59,24.59,24.594,4,2
1632492915,24.59,24.59,24.59,24.59,24.59,0,0
1632492916,24.59,24.59,24.59,24.59,24.59,0,0
1632492917,24.58,24.59,24.58,24.58,24.583,1,1
1632492918,24.6,24.6,24.58,24.6,24.596,21,16
1632492919,24.61,24.61,24.6,24.61,24.61,11,3
1632492920,24.61,24.62,24.61,24.61,24.612,51,3
1632492921,24.61,24.61,24.6,24.6,24.61,31,2
1632492922,24.62,24.62,24.61,24.62,24.618,3,1
1632492923,24.62,24.62,24.61,24.62,24.62,0,0
1632492924,24.6,24.61,24.6,24.61,24.607,28,2
1632492925,24.61,24.62,24.61,24.61,24.61,10,1
1632492926,24.61,24.61,24.61,24.61,24.61,2,1
1632492927,24.62,24.62,24.61,24.62,24.618,3,1
1632492928,24.61,24.61,24.6,24.61,24.61,1,1
1632492929,24.61,24.61,24.61,24.61,24.61,2,1
1632492930,24.61,24.62,24.61,24.62,24.617,48,17
1632492931,24.63,24.63,24.63,24.63,24.63,6,3
1632492932,24.64,24.66,24.63,24.66,24.648,23,16
1632492933,24.66,24.66,24.65,24.66,24.66,21,2
1632492934,24.66,24.66,24.65,24.65,24.654,4,2
1632492935,24.64,24.65,24.64,24.64,24.643,3,2
1632492936,24.64,24.66,24.64,24.66,24.647,5,3
1632492937,24.66,24.66,24.65,24.66,24.655,2,1
1632492938,24.66,24.66,24.65,24.66,24.66,0,0
1632492939,24.66,24.68,24.65,24.68,24.664,20,9
1632492940,24.69,24.7,24.68,24.69,24.696,21,8
1632492941,24.69,24.69,24.69,24.69,24.69,23,2
1632492942,24.69,24.7,24.69,24.69,24.69,17,6
1632492943,24.69,24.69,24.68,24.68,24.683,16,10
1632492944,24.68,24.68,24.68,24.68,24.68,0,0
1632492945,24.67,24.68,24.66,24.68,24.677,65,3
1632492946,24.67,24.67,24.66,24.67,24.666,1,1
1632492947,24.68,24.69,24.67,24.68,24.679,24,6
1632492948,24.68,24.69,24.67,24.68,24.68,18,3
1632492949,24.68,24.69,24.67,24.69,24.685,7,2
1632492950,24.69,24.69,24.68,24.69,24.689,3,1
1632492951,24.69,24.69,24.68,24.68,24.686,13,6
1632492952,24.68,24.7,24.68,24.7,24.69,10,6
1632492953,24.7,24.71,24.69,24.71,24.699,98,19
1632492954,24.7,24.72,24.7,24.72,24.71,61,8
1632492955,24.72,24.72,24.72,24.72,24.72,0,0
1632492956,24.72,24.74,24.71,24.73,24.73,92,13
1632492957,24.73,24.74,24.72,24.74,24.726,11,2
1632492958,24.73,24.73,24.73,24.73,24.73,10,1
1632492959,24.73,24.74,24.72,24.73,24.736,40,8
1632492960,24.73,24.74,24.72,24.73,24.729,35,5
1632492961,24.74,24.74,24.72,24.74,24.736,8,7
1632492962,24.74,24.74,24.73,24.73,24.735,8,3
1632492963,24.74,24.75,24.72,24.73,24.729,161,18
1632492964,24.72,24.75,24.72,24.75,24.744,28,3
1632492965,24.75,24.75,24.72,24.72,24.734,9,4
1632492966,24.74,24.74,24.73,24.74,24.736,9,2
1632492967,24.74,24.74,24.7,24.7,24.718,14,10
1632492968,24.71,24.71,24.7,24.71,24.705,10,1
1632492969,24.71,24.71,24.7,24.7,24.706,2,2
1632492970,24.7,24.71,24.7,24.7,24.7,0,0
1632492971,24.7,24.71,24.7,24.7,24.7,0,0
1632492972,24.71,24.71,24.7,24.71,24.706,6,2
1632492973,24.71,24.71,24.7,24.71,24.71,25,6
1632492974,24.71,24.71,24.71,24.71,24.71,0,0
1632492975,24.72,24.72,24.71,24.72,24.72,3,1
1632492976,24.72,24.72,24.72,24.72,24.72,20,4
1632492977,24.72,24.72,24.72,24.72,24.72,0,0
1632492978,24.72,24.72,24.72,24.72,24.72,10,1
1632492979,24.72,24.73,24.71,24.71,24.722,6,3
1632492980,24.71,24.73,24.71,24.72,24.723,37,6
1632492981,24.71,24.72,24.71,24.71,24.71,2,1
1632492982,24.72,24.73,24.71,24.73,24.726,3,2
1632492983,24.73,24.73,24.72,24.73,24.73,0,0
1632492984,24.72,24.74,24.72,24.73,24.724,8,3
1632492985,24.73,24.74,24.73,24.73,24.73,0,0
1632492986,24.71,24.73,24.71,24.72,24.717,17,7
1632492987,24.72,24.72,24.72,24.72,24.72,0,0
1632492988,24.72,24.72,24.72,24.72,24.72,0,0
1632492989,24.72,24.72,24.72,24.72,24.72,0,0
1632492990,24.72,24.72,24.72,24.72,24.72,0,0
1632492991,24.72,24.73,24.72,24.73,24.725,6,2
1632492992,24.73,24.73,24.72,24.73,24.73,0,0
1632492993,24.73,24.73,24.72,24.73,24.73,0,0
1632492994,24.73,24.73,24.72,24.72,24.724,7,2
1632492995,24.72,24.73,24.71,24.72,24.715,35,17
1632492996,24.71,24.72,24.71,24.72,24.719,52,2
1632492997,24.72,24.72,24.71,24.71,24.719,11,2
1632492998,24.71,24.72,24.71,24.71,24.715,1,1
1632492999,24.7,24.7,24.68,24.69,24.694,22,9
1632493000,24.7,24.7,24.68,24.7,24.695,68,9
1632493001,24.7,24.7,24.69,24.7,24.7,0,0
1632493002,24.7,24.71,24.7,24.7,24.705,1,1
1632493003,24.71,24.71,24.7,24.71,24.706,2,1
1632493004,24.71,24.71,24.7,24.71,24.71,0,0
1632493005,24.7,24.7,24.7,24.7,24.7,2,1
1632493006,24.7,24.7,24.7,24.7,24.7,4,1
1632493007,24.7,24.7,24.7,24.7,24.7,0,0
1632493008,24.69,24.7,24.69,24.69,24.693,10,1
1632493009,24.7,24.7,24.69,24.69,24.691,27,4
1632493010,24.7,24.7,24.69,24.7,24.696,3,1
1632493011,24.7,24.7,24.69,24.7,24.695,10,1
1632493012,24.7,24.7,24.7,24.7,24.7,2,1
1632493013,24.69,24.7,24.69,24.69,24.692,2,1
1632493014,24.69,24.7,24.69,24.69,24.69,0,0
1632493015,24.7,24.71,24.7,24.7,24.701,5,4
1632493016,24.7,24.71,24.7,24.7,24.7,0,0
1632493017,24.7,24.7,24.7,24.7,24.7,1,1
1632493018,24.7,24.71,24.7,24.71,24.705,53,15
1632493019,24.71,24.71,24.7,24.71,24.708,4,2
1632493020,24.71,24.71,24.7,24.7,24.703,5,2
1632493021,24.71,24.71,24.71,24.71,24.71,1,1
1632493022,24.71,24.72,24.71,24.72,24.711,8,6
1632493023,24.71,24.71,24.7,24.7,24.7,49,2
1632493024,24.7,24.71,24.7,24.7,24.702,2,1
1632493025,24.72,24.72,24.7,24.7,24.707,3,2
1632493026,24.72,24.72,24.71,24.72,24.717,2,1
1632493027,24.72,24.72,24.71,24.72,24.717,2,1
1632493028,24.71,24.72,24.7,24.7,24.712,23,6
1632493029,24.7,24.7,24.7,24.7,24.7,0,0
1632493030,24.71,24.72,24.71,24.71,24.71,1,1
1632493031,24.71,24.72,24.71,24.71,24.712,3,2
1632493032,24.72,24.72,24.71,24.72,24.718,1,1
1632493033,24.72,24.72,24.71,24.72,24.718,1,1
1632493034,24.7,24.71,24.7,24.7,24.704,4,1
1632493035,24.72,24.72,24.71,24.72,24.718,3,1
1632493036,24.7,24.71,24.7,24.7,24.702,9,1
1632493037,24.7,24.7,24.69,24.69,24.693,91,23
1632493038,24.69,24.69,24.69,24.69,24.69,0,0
1632493039,24.69,24.69,24.69,24.69,24.69,0,0
1632493040,24.7,24.72,24.7,24.72,24.708,2,2
1632493041,24.71,24.71,24.71,24.71,24.71,2,1
1632493042,24.72,24.72,24.71,24.72,24.72,4,4
1632493043,24.72,24.73,24.71,24.73,24.723,56,16
1632493044,24.74,24.74,24.72,24.72,24.736,26,3
1632493045,24.73,24.73,24.72,24.72,24.726,17,2
1632493046,24.74,24.74,24.73,24.74,24.738,10,1
1632493047,24.74,24.74,24.73,24.74,24.74,3,1
1632493048,24.74,24.74,24.73,24.74,24.74,0,0
1632493049,24.73,24.73,24.72,24.73,24.729,8,3
1632493050,24.73,24.74,24.72,24.73,24.733,5,5
1632493051,24.74,24.75,24.74,24.74,24.741,51,20
1632493052,24.75,24.75,24.74,24.74,24.743,25,3
1632493053,24.75,24.75,24.74,24.75,24.748,37,3
1632493054,24.74,24.75,24.74,24.75,24.747,18,4
1632493055,24.74,24.75,24.73,24.75,24.737,64,18
1632493056,24.75,24.75,24.75,24.75,24.75,10,1
1632493057,24.76,24.77,24.76,24.77,24.768,22,10
1632493058,24.75,24.75,24.74,24.74,24.745,25,3
1632493059,24.74,24.74,24.73,24.73,24.731,36,16
1632493060,24.75,24.77,24.74,24.75,24.752,82,21
1632493061,24.75,24.76,24.75,24.75,24.75,0,0
1632493062,24.76,24.77,24.76,24.77,24.763,3,2
1632493063,24.77,24.77,24.76,24.76,24.763,4,2
1632493064,24.76,24.77,24.76,24.77,24.769,67,3
1632493065,24.75,24.77,24.75,24.77,24.752,37,2
1632493066,24.76,24.77,24.75,24.76,24.76,37,7
1632493067,24.77,24.77,24.76,24.77,24.77,20,1
1632493068,24.77,24.77,24.76,24.77,24.77,0,0
1632493069,24.75,24.77,24.75,24.77,24.758,32,3
1632493070,24.77,24.77,24.74,24.75,24.754,29,16
1632493071,24.75,24.75,24.74,24.75,24.75,0,0
1632493072,24.76,24.76,24.74,24.75,24.754,13,4
1632493073,24.74,24.75,24.73,24.73,24.736,4,2
1632493074,24.73,24.73,24.73,24.73,24.73,0,0
1632493075,24.73,24.75,24.73,24.75,24.733,6,2
1632493076,24.75,24.75,24.74,24.75,24.749,8,8
1632493077,24.75,24.75,24.74,24.75,24.75,11,3
1632493078,24.75,24.75,24.74,24.75,24.75,0,0
1632493079,24.77,24.77,24.76,24.77,24.768,55,2
1632493080,24.77,24.78,24.77,24.77,24.77,34,9
1632493081,24.77,24.77,24.77,24.77,24.77,0,0
1632493082,24.77,24.77,24.77,24.77,24.77,0,0
1632493083,24.76,24.77,24.76,24.76,24.761,7,1
1632493084,24.77,24.77,24.77,24.77,24.77,10,1
1632493085,24.78,24.78,24.77,24.78,24.778,2,1
1632493086,24.78,24.78,24.76,24.78,24.764,19,5
1632493087,24.78,24.78,24.77,24.78,24.78,44,24
1632493088,24.77,24.77,24.74,24.75,24.75,187,26
1632493089,24.75,24.75,24.73,24.74,24.743,4,3
1632493090,24.76,24.77,24.75,24.77,24.764,58,6
1632493091,24.76,24.77,24.76,24.76,24.76,1,1
1632493092,24.78,24.78,24.76,24.77,24.77,11,3
1632493093,24.76,24.78,24.76,24.77,24.77,31,4
1632493094,24.76,24.78,24.76,24.78,24.778,11,2
1632493095,24.77,24.77,24.77,24.77,24.77,10,1
1632493096,24.76,24.77,24.76,24.76,24.76,10,1
1632493097,24.76,24.77,24.76,24.76,24.76,0,0
1632493098,24.76,24.77,24.76,24.76,24.76,0,0
1632493099,24.77,24.77,24.77,24.77,24.77,10,1
1632493100,24.78,24.78,24.76,24.77,24.779,21,2
1632493101,24.77,24.78,24.77,24.77,24.771,1,1
1632493102,24.77,24.78,24.77,24.77,24.77,0,0
1632493103,24.77,24.78,24.77,24.77,24.77,0,0
1632493104,24.78,24.78,24.77,24.78,24.78,5,1
1632493105,24.78,24.78,24.77,24.78,24.78,29,2
1632493106,24.77,24.77,24.74,24.74,24.748,54,15
1632493107,24.74,24.75,24.74,24.74,24.74,0,0
1632493108,24.75,24.76,24.75,24.75,24.751,10,1
1632493109,24.75,24.76,24.75,24.75,24.75,0,0
1632493110,24.76,24.76,24.74,24.74,24.742,70,2
1632493111,24.76,24.77,24.75,24.76,24.758,2,2
1632493112,24.76,24.77,24.76,24.76,24.76,0,0
1632493113,24.74,24.74,24.74,24.74,24.74,20,1
1632493114,24.77,24.77,24.76,24.77,24.769,8,2
1632493115,24.74,24.76,24.74,24.75,24.749,17,4
1632493116,24.76,24.76,24.75,24.76,24.758,20,1
1632493117,24.76,24.76,24.75,24.76,24.76,0,0
1632493118,24.76,24.76,24.75,24.76,24.76,0,0
1632493119,24.76,24.76,24.75,24.76,24.76,0,0
1632493120,24.74,24.75,24.74,24.74,24.74,6,6
1632493121,24.73,24.73,24.73,24.73,24.73,6,4
1632493122,24.71,24.72,24.7,24.7,24.703,36,18
1632493123,24.7,24.72,24.7,24.71,24.705,81,4
1632493124,24.7,24.7,24.69,24.7,24.699,18,13
1632493125,24.69,24.71,24.69,24.71,24.696,14,3
1632493126,24.7,24.71,24.68,24.68,24.687,47,23
1632493127,24.68,24.69,24.68,24.68,24.68,16,5
1632493128,24.69,24.69,24.68,24.68,24.688,25,2
1632493129,24.69,24.69,24.68,24.68,24.685,2,2
1632493130,24.68,24.69,24.68,24.68,24.68,0,0
1632493131,24.68,24.68,24.68,24.68,24.68,3,2
1632493132,24.68,24.68,24.68,24.68,24.68,2,2
1632493133,24.69,24.69,24.68,24.68,24.683,58,3
1632493134,24.69,24.69,24.68,24.69,24.688,1,1
1632493135,24.68,24.68,24.68,24.68,24.68,5,1
1632493136,24.68,24.68,24.68,24.68,24.68,0,0
1632493137,24.68,24.68,24.68,24.68,24.68,1,1
1632493138,24.69,24.69,24.68,24.69,24.689,12,1
1632493139,24.67,24.68,24.62,24.62,24.634,379,49
1632493140,24.64,24.65,24.64,24.64,24.642,3,3
1632493141,24.64,24.64,24.64,24.64,24.64,14,1
1632493142,24.63,24.65,24.63,24.65,24.645,4,2
1632493143,24.63,24.65,24.63,24.64,24.636,41,3
1632493144,24.65,24.66,24.65,24.65,24.65,52,13
1632493145,24.65,24.65,24.65,24.65,24.65,0,0
1632493146,24.65,24.65,24.65,24.65,24.65,0,0
1632493147,24.65,24.65,24.64,24.65,24.645,2,1
1632493148,24.65,24.65,24.64,24.65,24.65,0,0
1632493149,24.68,24.68,24.64,24.68,24.677,69,11
1632493150,24.65,24.67,24.65,24.66,24.66,50,3
1632493151,24.66,24.66,24.66,24.66,24.66,25,1
1632493152,24.66,24.66,24.66,24.66,24.66,0,0
1632493153,24.66,24.66,24.66,24.66,24.66,0,0
1632493154,24.68,24.68,24.67,24.68,24.68,1,1
1632493155,24.66,24.66,24.66,24.66,24.66,1,1
1632493156,24.66,24.66,24.66,24.66,24.66,0,0
1632493157,24.66,24.67,24.64,24.64,24.65,8,8
1632493158,24.64,24.64,24.62,24.62,24.624,16,2
1632493159,24.62,24.63,24.61,24.62,24.618,23,3
1632493160,24.63,24.63,24.61,24.62,24.62,31,5
1632493161,24.62,24.62,24.61,24.61,24.611,69,3
1632493162,24.61,24.62,24.61,24.61,24.61,0,0
1632493163,24.62,24.62,24.61,24.62,24.62,20,1
1632493164,24.63,24.63,24.63,24.63,24.63,20,1
1632493165,24.62,24.63,24.62,24.63,24.624,11,2
1632493166,24.61,24.61,24.61,24.61,24.61,1,1
1632493167,24.61,24.61,24.61,24.61,24.61,0,0
1632493168,24.62,24.62,24.6,24.61,24.606,50,19
1632493169,24.6,24.61,24.6,24.61,24.602,7,2
1632493170,24.61,24.61,24.6,24.61,24.61,0,0
1632493171,24.61,24.61,24.6,24.61,24.61,0,0
1632493172,24.6,24.6,24.6,24.6,24.6,2,2
1632493173,24.59,24.59,24.56,24.59,24.583,34,25
1632493174,24.59,24.6,24.59,24.6,24.596,4,2
1632493175,24.6,24.6,24.57,24.59,24.595,12,3
1632493176,24.6,24.6,24.59,24.6,24.6,50,1
1632493177,24.6,24.6,24.59,24.6,24.6,0,0
1632493178,24.59,24.6,24.58,24.59,24.592,3,3
1632493179,24.6,24.6,24.59,24.6,24.6,1,1
1632493180,24.61,24.62,24.6,24.61,24.61,39,25
1632493181,24.62,24.62,24.62,24.62,24.62,1,1
1632493182,24.62,24.62,24.62,24.62,24.62,0,0
1632493183,24.62,24.62,24.62,24.62,24.62,0,0
1632493184,24.63,24.63,24.62,24.63,24.629,1,1
1632493185,24.62,24.63,24.62,24.62,24.621,9,6
1632493186,24.62,24.62,24.62,24.62,24.62,0,0
1632493187,24.62,24.63,24.62,24.63,24.627,3,2
1632493188,24.63,24.63,24.63,24.63,24.63,0,0
1632493189,24.63,24.63,24.62,24.63,24.625,4,2
1632493190,24.63,24.63,24.62,24.63,24.63,0,0
1632493191,24.64,24.65,24.64,24.64,24.645,20,1
1632493192,24.64,24.65,24.64,24.64,24.64,0,0
1632493193,24.64,24.65,24.64,24.64,24.641,70,2
1632493194,24.64,24.65,24.64,24.64,24.644,3,1
1632493195,24.64,24.65,24.64,24.64,24.64,0,0
1632493196,24.64,24.65,24.64,24.64,24.64,0,0
1632493197,24.64,24.65,24.64,24.64,24.64,0,0
1632493198,24.64,24.64,24.64,24.64,24.64,1,1
1632493199,24.64,24.64,24.64,24.64,24.64,0,0
1632493200,24.64,24.64,24.64,24.64,24.64,0,0
1632493201,24.64,24.65,24.64,24.64,24.642,4,1
1632493202,24.64,24.65,24.64,24.64,24.64,0,0
1632493203,24.64,24.65,24.64,24.64,24.64,0,0
1632493204,24.65,24.65,24.65,24.65,24.65,14,1
1632493205,24.65,24.65,24.65,24.65,24.65,0,0
1632493206,24.64,24.64,24.64,24.64,24.64,4,1
1632493207,24.64,24.65,24.64,24.64,24.64,6,2
1632493208,24.65,24.65,24.65,24.65,24.65,25,1
1632493209,24.65,24.66,24.65,24.65,24.655,20,1
1632493210,24.65,24.66,24.65,24.66,24.657,11,8
1632493211,24.65,24.65,24.64,24.65,24.648,1,1
1632493212,24.65,24.65,24.64,24.65,24.65,0,0
1632493213,24.64,24.66,24.64,24.66,24.642,15,2
1632493214,24.66,24.66,24.65,24.66,24.66,0,0
1632493215,24.65,24.65,24.65,24.65,24.65,10,3
1632493216,24.66,24.66,24.65,24.66,24.658,10,2
1632493217,24.66,24.66,24.65,24.66,24.659,9,5
1632493218,24.66,24.66,24.66,24.66,24.66,0,0
1632493219,24.66,24.66,24.66,24.66,24.66,0,0
1632493220,24.66,24.66,24.66,24.66,24.66,0,0
1632493221,24.66,24.66,24.66,24.66,24.66,0,0
1632493222,24.68,24.68,24.64,24.64,24.661,58,25
1632493223,24.64,24.64,24.64,24.64,24.64,0,0
1632493224,24.64,24.64,24.64,24.64,24.64,0,0
1632493225,24.65,24.65,24.64,24.65,24.649,10,1
1632493226,24.65,24.65,24.64,24.64,24.648,9,6
1632493227,24.64,24.65,24.64,24.64,24.64,0,0
1632493228,24.64,24.65,24.64,24.64,24.64,0,0
1632493229,24.64,24.65,24.64,24.64,24.641,5,1
1632493230,24.65,24.65,24.63,24.63,24.64,5,5
1632493231,24.63,24.63,24.63,24.63,24.63,0,0
1632493232,24.62,24.63,24.62,24.63,24.623,19,3
1632493233,24.63,24.63,24.62,24.63,24.625,1,1
1632493234,24.63,24.63,24.62,24.63,24.625,20,1
1632493235,24.63,24.63,24.62,24.63,24.63,0,0
1632493236,24.63,24.63,24.62,24.63,24.625,1,1
1632493237,24.63,24.63,24.62,24.63,24.628,2,2
1632493238,24.63,24.63,24.63,24.63,24.63,8,1
1632493239,24.63,24.63,24.61,24.62,24.621,14,7
1632493240,24.62,24.62,24.61,24.62,24.62,10,1
1632493241,24.62,24.62,24.61,24.62,24.618,3,2
1632493242,24.62,24.63,24.62,24.63,24.629,18,9
1632493243,24.63,24.63,24.63,24.63,24.63,3,1
1632493244,24.65,24.65,24.63,24.63,24.635,13,3
1632493245,24.63,24.64,24.63,24.63,24.63,0,0
1632493246,24.63,24.64,24.63,24.63,24.63,0,0
1632493247,24.65,24.65,24.64,24.65,24.65,1,1
1632493248,24.64,24.65,24.63,24.64,24.64,2,2
1632493249,24.64,24.65,24.64,24.65,24.643,3,2
1632493250,24.65,24.65,24.65,24.65,24.65,0,0
1632493251,24.65,24.65,24.64,24.65,24.65,10,1
1632493252,24.64,24.64,24.63,24.64,24.635,1,1
1632493253,24.64,24.64,24.63,24.64,24.64,0,0
1632493254,24.64,24.64,24.64,24.64,24.64,3,1
1632493255,24.64,24.64,24.64,24.64,24.64,0,0
1632493256,24.63,24.64,24.63,24.63,24.63,1,1
1632493257,24.64,24.64,24.63,24.63,24.635,2,2
1632493258,24.63,24.63,24.63,24.63,24.63,0,0
1632493259,24.63,24.63,24.63,24.63,24.63,0,0
1632493260,24.64,24.65,24.64,24.64,24.643,2,2
1632493261,24.64,24.65,24.64,24.64,24.64,0,0
1632493262,24.64,24.65,24.64,24.64,24.64,0,0
1632493263,24.64,24.65,24.64,24.64,24.64,0,0
1632493264,24.64,24.67,24.64,24.67,24.653,48,21
1632493265,24.67,24.67,24.66,24.67,24.67,0,0
1632493266,24.67,24.67,24.66,24.66,24.663,3,3
1632493267,24.67,24.67,24.66,24.67,24.665,1,1
1632493268,24.67,24.67,24.66,24.67,24.67,0,0
1632493269,24.68,24.68,24.66,24.67,24.67,15,2
1632493270,24.67,24.67,24.66,24.67,24.67,0,0
1632493271,24.67,24.68,24.66,24.68,24.67,2,2
1632493272,24.68,24.68,24.67,24.68,24.68,3,2
1632493273,24.67,24.68,24.67,24.67,24.671,3,1
1632493274,24.68,24.68,24.67,24.68,24.676,6,3
1632493275,24.68,24.68,24.67,24.68,24.675,1,1
1632493276,24.68,24.68,24.67,24.68,24.68,0,0
1632493277,24.68,24.68,24.67,24.68,24.676,5,4
1632493278,24.68,24.68,24.67,24.68,24.68,0,0
1632493279,24.68,24.68,24.67,24.68,24.68,0,0
1632493280,24.68,24.68,24.67,24.68,24.68,0,0
1632493281,24.68,24.68,24.67,24.68,24.68,0,0
1632493282,24.68,24.68,24.67,24.68,24.68,0,0
1632493283,24.69,24.69,24.69,24.69,24.69,2,1
1632493284,24.69,24.69,24.69,24.69,24.69,1,1
1632493285,24.69,24.69,24.69,24.69,24.69,0,0
1632493286,24.69,24.69,24.69,24.69,24.69,0,0
1632493287,24.69,24.69,24.69,24.69,24.69,0,0
1632493288,24.69,24.69,24.69,24.69,24.69,0,0
1632493289,24.7,24.7,24.7,24.7,24.7,24,5
1632493290,24.68,24.69,24.68,24.68,24.683,1,1
1632493291,24.69,24.69,24.68,24.69,24.689,17,2
1632493292,24.7,24.7,24.69,24.7,24.698,3,1
1632493293,24.7,24.7,24.69,24.7,24.699,27,7
1632493294,24.7,24.7,24.7,24.7,24.7,0,0
1632493295,24.72,24.72,24.71,24.71,24.72,62,2
1632493296,24.71,24.71,24.71,24.71,24.71,1,1
1632493297,24.71,24.71,24.7,24.71,24.709,16,3
1632493298,24.7,24.71,24.69,24.69,24.698,29,12
1632493299,24.69,24.7,24.69,24.69,24.69,0,0
1632493300,24.69,24.7,24.69,24.69,24.69,0,0
1632493301,24.69,24.7,24.69,24.69,24.69,0,0
1632493302,24.69,24.7,24.69,24.69,24.69,0,0
1632493303,24.69,24.69,24.69,24.69,24.69,1,1
1632493304,24.7,24.7,24.69,24.7,24.695,4,1
1632493305,24.7,24.7,24.69,24.7,24.7,0,0
1632493306,24.7,24.7,24.69,24.7,24.699,3,1
1632493307,24.7,24.7,24.69,24.7,24.7,0,0
1632493308,24.7,24.7,24.69,24.7,24.696,1,1
1632493309,24.69,24.7,24.69,24.69,24.69,9,5
1632493310,24.69,24.7,24.69,24.69,24.691,1,1
1632493311,24.68,24.69,24.68,24.68,24.681,12,1
1632493312,24.68,24.69,24.68,24.68,24.68,0,0
1632493313,24.68,24.69,24.68,24.68,24.68,0,0
1632493314,24.68,24.69,24.68,24.69,24.686,12,3
1632493315,24.69,24.69,24.68,24.69,24.687,1,1
1632493316,24.69,24.69,24.68,24.69,24.69,0,0
1632493317,24.69,24.69,24.68,24.69,24.69,0,0
1632493318,24.7,24.7,24.69,24.7,24.697,1,1
1632493319,24.7,24.7,24.69,24.7,24.7,0,0
1632493320,24.69,24.69,24.69,24.69,24.69,5,1
1632493321,24.69,24.69,24.69,24.69,24.69,3,3
1632493322,24.7,24.7,24.69,24.7,24.698,3,1
1632493323,24.7,24.7,24.69,24.7,24.699,1,1
1632493324,24.7,24.7,24.69,24.7,24.7,0,0
1632493325,24.7,24.7,24.69,24.7,24.7,0,0
1632493326,24.7,24.7,24.69,24.7,24.7,0,0
1632493327,24.69,24.69,24.69,24.69,24.69,5,2
1632493328,24.69,24.69,24.68,24.69,24.69,5,2
1632493329,24.69,24.69,24.69,24.69,24.69,0,0
1632493330,24.69,24.69,24.69,24.69,24.69,0,0
1632493331,24.69,24.69,24.69,24.69,24.69,1,1
1632493332,24.69,24.69,24.69,24.69,24.69,3,3
1632493333,24.69,24.69,24.66,24.67,24.678,76,30
1632493334,24.65,24.65,24.65,24.65,24.65,4,3
1632493335,24.65,24.65,24.65,24.65,24.65,0,0
1632493336,24.64,24.65,24.64,24.64,24.644,15,2
1632493337,24.64,24.65,24.62,24.62,24.625,30,17
1632493338,24.63,24.63,24.61,24.62,24.619,123,33
1632493339,24.63,24.63,24.62,24.63,24.63,2,1
1632493340,24.61,24.62,24.61,24.61,24.611,9,5
1632493341,24.61,24.62,24.61,24.61,24.61,6,3
1632493342,24.61,24.61,24.61,24.61,24.61,6,2
1632493343,24.61,24.61,24.61,24.61,24.61,0,0
1632493344,24.6,24.62,24.6,24.62,24.604,57,7
1632493345,24.61,24.62,24.6,24.61,24.612,5,3
1632493346,24.61,24.61,24.6,24.61,24.61,0,0
1632493347,24.61,24.61,24.6,24.61,24.61,0,0
1632493348,24.61,24.61,24.6,24.61,24.61,0,0
1632493349,24.61,24.61,24.6,24.61,24.61,0,0
1632493350,24.6,24.6,24.6,24.6,24.6,30,12
1632493351,24.6,24.62,24.59,24.62,24.617,48,3
1632493352,24.62,24.62,24.62,24.62,24.62,0,0
1632493353,24.62,24.62,24.61,24.61,24.612,10,2
1632493354,24.61,24.61,24.61,24.61,24.61,0,0
1632493355,24.6,24.61,24.6,24.6,24.6,2,1
1632493356,24.61,24.64,24.61,24.62,24.622,61,29
1632493357,24.62,24.63,24.62,24.62,24.622,1,1
1632493358,24.63,24.63,24.63,24.63,24.63,1,1
1632493359,24.62,24.64,24.62,24.63,24.621,52,3
1632493360,24.62,24.63,24.62,24.62,24.623,1,1
1632493361,24.62,24.63,24.62,24.62,24.62,4,1
1632493362,24.63,24.64,24.63,24.63,24.637,9,7
1632493363,24.63,24.63,24.63,24.63,24.63,0,0
1632493364,24.63,24.63,24.63,24.63,24.63,0,0
1632493365,24.63,24.63,24.63,24.63,24.63,0,0
1632493366,24.63,24.63,24.63,24.63,24.63,0,0
1632493367,24.64,24.65,24.64,24.65,24.647,3,3
1632493368,24.65,24.65,24.64,24.65,24.65,9,4
1632493369,24.65,24.65,24.65,24.65,24.65,0,0
1632493370,24.65,24.65,24.65,24.65,24.65,4,1
1632493371,24.64,24.65,24.64,24.65,24.645,2,2
1632493372,24.65,24.65,24.65,24.65,24.65,0,0
1632493373,24.65,24.65,24.65,24.65,24.65,0,0
1632493374,24.66,24.66,24.66,24.66,24.66,30,1
1632493375,24.64,24.65,24.64,24.64,24.64,1,1
1632493376,24.65,24.66,24.63,24.64,24.649,108,9
1632493377,24.64,24.64,24.63,24.63,24.632,6,2
1632493378,24.64,24.64,24.64,24.64,24.64,1,1
1632493379,24.65,24.65,24.63,24.64,24.64,9,6
1632493380,24.65,24.66,24.65,24.65,24.654,2,1
1632493381,24.64,24.68,24.64,24.68,24.678,141,7
1632493382,24.66,24.68,24.65,24.68,24.679,205,2
1632493383,24.66,24.67,24.64,24.66,24.653,8,7
1632493384,24.66,24.67,24.66,24.66,24.66,0,0
1632493385,24.65,24.68,24.65,24.68,24.663,4,4
1632493386,24.66,24.66,24.66,24.66,24.66,6,1
1632493387,24.66,24.66,24.66,24.66,24.66,0,0
1632493388,24.66,24.66,24.66,24.66,24.66,0,0
1632493389,24.66,24.66,24.66,24.66,24.66,0,0
1632493390,24.67,24.68,24.67,24.67,24.674,2,1
1632493391,24.66,24.67,24.65,24.67,24.665,6,3
1632493392,24.67,24.67,24.65,24.65,24.653,31,9
1632493393,24.68,24.68,24.68,24.68,24.68,31,13
1632493394,24.69,24.69,24.67,24.68,24.68,20,3
1632493395,24.7,24.7,24.7,24.7,24.7,7,5
1632493396,24.7,24.7,24.7,24.7,24.7,0,0
1632493397,24.69,24.7,24.69,24.69,24.694,1,1
1632493398,24.71,24.72,24.71,24.72,24.713,15,10
1632493399,24.71,24.72,24.71,24.71,24.715,1,1
1632493400,24.71,24.73,24.71,24.73,24.726,57,13
1632493401,24.73,24.73,24.72,24.73,24.728,10,2
1632493402,24.72,24.75,24.72,24.75,24.746,42,16
1632493403,24.75,24.75,24.74,24.74,24.744,22,4
1632493404,24.74,24.75,24.74,24.75,24.744,43,15
1632493405,24.75,24.75,24.75,24.75,24.75,0,0
1632493406,24.75,24.75,24.74,24.75,24.749,22,3
1632493407,24.73,24.73,24.73,24.73,24.73,40,1
1632493408,24.75,24.75,24.74,24.75,24.745,10,1
1632493409,24.74,24.75,24.74,24.74,24.74,1,1
1632493410,24.75,24.75,24.74,24.74,24.743,7,2
1632493411,24.74,24.75,24.74,24.74,24.74,0,0
1632493412,24.75,24.75,24.74,24.74,24.741,6,2
1632493413,24.75,24.75,24.74,24.75,24.745,3,3
1632493414,24.75,24.75,24.74,24.75,24.746,10,1
1632493415,24.75,24.75,24.74,24.75,24.75,118,37
1632493416,24.76,24.76,24.76,24.76,24.76,3,1
1632493417,24.76,24.76,24.76,24.76,24.76,1,1
1632493418,24.75,24.76,24.75,24.75,24.751,12,6
1632493419,24.74,24.75,24.73,24.73,24.738,24,11
1632493420,24.74,24.74,24.74,24.74,24.74,3,1
1632493421,24.73,24.74,24.73,24.73,24.734,6,2
1632493422,24.73,24.73,24.72,24.72,24.724,5,4
1632493423,24.72,24.72,24.72,24.72,24.72,0,0
1632493424,24.71,24.72,24.71,24.72,24.72,32,2
1632493425,24.71,24.72,24.71,24.71,24.711,8,3
1632493426,24.71,24.71,24.7,24.7,24.707,13,7
1632493427,24.71,24.72,24.71,24.72,24.717,35,12
1632493428,24.74,24.74,24.74,24.74,24.74,1,1
1632493429,24.7,24.72,24.64,24.67,24.677,76,38
1632493430,24.69,24.69,24.68,24.69,24.685,6,1
1632493431,24.69,24.7,24.68,24.69,24.691,23,7
1632493432,24.69,24.7,24.69,24.69,24.69,0,0
1632493433,24.69,24.7,24.69,24.69,24.69,0,0
1632493434,24.69,24.69,24.69,24.69,24.69,2,1
1632493435,24.7,24.7,24.69,24.7,24.7,23,4
1632493436,24.7,24.71,24.7,24.71,24.709,16,11
1632493437,24.71,24.71,24.71,24.71,24.71,0,0
1632493438,24.71,24.71,24.7,24.71,24.705,2,2
1632493439,24.71,24.71,24.7,24.71,24.705,1,1
1632493440,24.71,24.71,24.7,24.71,24.71,0,0
1632493441,24.71,24.71,24.68,24.7,24.699,11,6
1632493442,24.7,24.7,24.7,24.7,24.7,4,1
1632493443,24.69,24.69,24.69,24.69,24.69,2,1
1632493444,24.68,24.68,24.67,24.67,24.673,7,4
1632493445,24.67,24.67,24.67,24.67,24.67,0,0
1632493446,24.67,24.68,24.66,24.68,24.665,11,3
1632493447,24.69,24.69,24.68,24.69,24.689,3,1
1632493448,24.69,24.69,24.68,24.69,24.69,0,0
1632493449,24.66,24.67,24.66,24.66,24.661,5,1
1632493450,24.68,24.7,24.68,24.7,24.69,15,8
1632493451,24.69,24.69,24.68,24.69,24.685,2,1
1632493452,24.68,24.69,24.68,24.68,24.683,11,3
1632493453,24.68,24.69,24.68,24.69,24.685,13,3
1632493454,24.69,24.69,24.68,24.69,24.69,0,0
1632493455,24.69,24.69,24.69,24.69,24.69,2,1
1632493456,24.7,24.7,24.7,24.7,24.7,1,1
1632493457,24.69,24.73,24.69,24.73,24.712,21,8
1632493458,24.71,24.73,24.7,24.71,24.72,16,9
1632493459,24.74,24.74,24.73,24.73,24.734,2,2
1632493460,24.73,24.74,24.73,24.74,24.739,8,6
1632493461,24.75,24.75,24.75,24.75,24.75,55,16
1632493462,24.73,24.76,24.73,24.74,24.748,32,8
1632493463,24.76,24.77,24.76,24.77,24.761,23,13
1632493464,24.76,24.77,24.76,24.77,24.762,10,3
1632493465,24.76,24.77,24.75,24.77,24.766,4,3
1632493466,24.77,24.78,24.77,24.77,24.777,39,12
1632493467,24.78,24.78,24.77,24.78,24.779,58,15
1632493468,24.78,24.78,24.78,24.78,24.78,0,0
1632493469,24.79,24.8,24.78,24.79,24.794,43,13
1632493470,24.8,24.8,24.79,24.8,24.799,9,4
1632493471,24.8,24.81,24.8,24.81,24.807,108,26
1632493472,24.81,24.81,24.79,24.8,24.801,30,10
1632493473,24.8,24.8,24.76,24.77,24.777,33,22
1632493474,24.78,24.78,24.76,24.77,24.77,20,5
1632493475,24.77,24.77,24.76,24.77,24.77,0,0
1632493476,24.77,24.77,24.76,24.77,24.77,0,0
1632493477,24.77,24.77,24.76,24.77,24.77,0,0
1632493478,24.77,24.77,24.76,24.76,24.764,4,2
1632493479,24.78,24.78,24.77,24.77,24.778,9,2
1632493480,24.78,24.78,24.76,24.78,24.768,23,4
1632493481,24.78,24.78,24.78,24.78,24.78,0,0
1632493482,24.78,24.78,24.78,24.78,24.78,0,0
1632493483,24.77,24.77,24.77,24.77,24.77,10,1
1632493484,24.78,24.78,24.78,24.78,24.78,1,1
1632493485,24.78,24.78,24.75,24.75,24.769,70,20
1632493486,24.76,24.76,24.74,24.76,24.756,11,3
1632493487,24.76,24.76,24.75,24.76,24.76,0,0
1632493488,24.76,24.76,24.75,24.76,24.755,1,1
1632493489,24.76,24.76,24.75,24.76,24.755,2,2
1632493490,24.76,24.76,24.75,24.76,24.76,0,0
1632493491,24.75,24.76,24.75,24.75,24.751,10,1
1632493492,24.76,24.76,24.75,24.75,24.756,8,2
1632493493,24.76,24.76,24.75,24.76,24.757,11,6
1632493494,24.76,24.76,24.75,24.76,24.76,0,0
1632493495,24.76,24.76,24.75,24.76,24.76,0,0
1632493496,24.75,24.75,24.71,24.71,24.735,19,11
1632493497,24.71,24.72,24.69,24.7,24.705,60,24
1632493498,24.7,24.73,24.7,24.73,24.713,12,8
1632493499,24.7,24.73,24.7,24.72,24.707,74,3
1632493500,24.72,24.72,24.71,24.72,24.72,0,0
1632493501,24.72,24.72,24.71,24.72,24.72,0,0
1632493502,24.72,24.72,24.71,24.72,24.72,0,0
1632493503,24.71,24.73,24.71,24.71,24.726,7,3
1632493504,24.71,24.72,24.71,24.71,24.71,0,0
1632493505,24.73,24.73,24.72,24.73,24.727,7,1
1632493506,24.73,24.73,24.72,24.73,24.73,0,0
1632493507,24.73,24.73,24.72,24.73,24.73,0,0
1632493508,24.73,24.73,24.72,24.73,24.73,0,0
1632493509,24.71,24.72,24.71,24.72,24.715,4,2
1632493510,24.72,24.72,24.71,24.72,24.72,0,0
1632493511,24.71,24.72,24.7,24.71,24.711,2,2
1632493512,24.72,24.72,24.71,24.72,24.715,5,1
1632493513,24.72,24.73,24.71,24.71,24.718,6,4
1632493514,24.71,24.72,24.71,24.71,24.715,2,1
1632493515,24.72,24.72,24.72,24.72,24.72,5,1
1632493516,24.72,24.72,24.71,24.71,24.713,15,2
1632493517,24.72,24.72,24.72,24.72,24.72,1,1
1632493518,24.71,24.72,24.71,24.71,24.715,1,1
1632493519,24.71,24.72,24.71,24.71,24.71,0,0
1632493520,24.71,24.72,24.71,24.71,24.71,0,0
1632493521,24.71,24.72,24.71,24.71,24.71,0,0
1632493522,24.71,24.72,24.71,24.71,24.71,0,0
1632493523,24.71,24.72,24.71,24.72,24.711,23,2
1632493524,24.72,24.72,24.72,24.72,24.72,3,3
1632493525,24.72,24.72,24.72,24.72,24.72,0,0
1632493526,24.72,24.72,24.72,24.72,24.72,3,2
1632493527,24.72,24.72,24.72,24.72,24.72,0,0
1632493528,24.72,24.72,24.72,24.72,24.72,0,0
1632493529,24.72,24.72,24.72,24.72,24.72,0,0
1632493530,24.72,24.73,24.72,24.72,24.72,11,1
1632493531,24.72,24.73,24.72,24.72,24.722,2,1
1632493532,24.72,24.73,24.72,24.72,24.72,0,0
1632493533,24.72,24.73,24.72,24.72,24.72,0,0
1632493534,24.72,24.73,24.72,24.72,24.72,0,0
1632493535,24.72,24.73,24.72,24.72,24.72,0,0
1632493536,24.72,24.73,24.72,24.72,24.72,0,0
1632493537,24.72,24.73,24.72,24.72,24.72,1,1
1632493538,24.73,24.73,24.72,24.73,24.727,10,2
1632493539,24.72,24.76,24.72,24.72,24.736,134,40
1632493540,24.75,24.75,24.75,24.75,24.75,10,1
1632493541,24.76,24.76,24.76,24.76,24.76,1,1
1632493542,24.76,24.76,24.76,24.76,24.76,0,0
1632493543,24.76,24.76,24.76,24.76,24.76,0,0
1632493544,24.75,24.76,24.75,24.75,24.754,30,1
1632493545,24.75,24.76,24.75,24.75,24.75,25,3
1632493546,24.75,24.75,24.75,24.75,24.75,2,1
1632493547,24.76,24.77,24.75,24.77,24.767,63,16
1632493548,24.76,24.76,24.76,24.76,24.76,3,1
1632493549,24.76,24.76,24.76,24.76,24.76,2,1
1632493550,24.75,24.76,24.75,24.75,24.759,34,8
1632493551,24.75,24.75,24.75,24.75,24.75,0,0
1632493552,24.77,24.77,24.76,24.77,24.77,2,1
1632493553,24.77,24.77,24.76,24.77,24.77,0,0
1632493554,24.76,24.76,24.71,24.71,24.743,38,17
1632493555,24.72,24.73,24.71,24.71,24.719,21,5
1632493556,24.71,24.72,24.71,24.71,24.71,0,0
1632493557,24.71,24.72,24.71,24.71,24.71,0,0
1632493558,24.71,24.72,24.71,24.71,24.71,0,0
1632493559,24.71,24.72,24.71,24.72,24.717,13,8
1632493560,24.72,24.72,24.72,24.72,24.72,0,0
1632493561,24.71,24.72,24.71,24.72,24.718,27,17
1632493562,24.71,24.72,24.71,24.72,24.719,9,8
1632493563,24.72,24.74,24.72,24.73,24.723,16,9
1632493564,24.73,24.74,24.73,24.73,24.73,0,0
1632493565,24.73,24.74,24.73,24.73,24.73,0,0
1632493566,24.73,24.74,24.73,24.73,24.73,51,9
1632493567,24.72,24.73,24.72,24.73,24.721,48,5
1632493568,24.74,24.74,24.73,24.74,24.737,1,1
1632493569,24.73,24.73,24.73,24.73,24.73,5,1
1632493570,24.73,24.73,24.72,24.73,24.73,21,2
1632493571,24.74,24.74,24.72,24.73,24.733,2,2
1632493572,24.73,24.73,24.72,24.73,24.73,0,0
1632493573,24.73,24.73,24.72,24.73,24.73,0,0
1632493574,24.73,24.73,24.72,24.73,24.73,0,0
1632493575,24.73,24.77,24.73,24.77,24.757,21,15
1632493576,24.76,24.76,24.75,24.76,24.758,25,4
1632493577,24.76,24.76,24.75,24.76,24.757,11,2
1632493578,24.75,24.75,24.75,24.75,24.75,10,1
1632493579,24.76,24.76,24.75,24.76,24.76,10,2
1632493580,24.75,24.76,24.75,24.75,24.753,3,1
1632493581,24.75,24.76,24.75,24.75,24.751,1,1
1632493582,24.76,24.76,24.75,24.76,24.755,16,1
1632493583,24.76,24.76,24.75,24.76,24.76,0,0
1632493584,24.76,24.76,24.75,24.76,24.755,15,2
1632493585,24.75,24.75,24.75,24.75,24.75,2,1
1632493586,24.75,24.75,24.74,24.75,24.745,12,2
1632493587,24.75,24.75,24.74,24.75,24.745,2,1
1632493588,24.75,24.75,24.74,24.75,24.745,9,8
1632493589,24.75,24.75,24.74,24.75,24.75,0,0
1632493590,24.75,24.75,24.74,24.75,24.75,0,0
1632493591,24.75,24.75,24.74,24.75,24.745,5,1
1632493592,24.75,24.75,24.74,24.75,24.75,0,0
1632493593,24.75,24.75,24.74,24.75,24.747,8,7
1632493594,24.75,24.75,24.74,24.75,24.75,4,1
1632493595,24.75,24.75,24.74,24.75,24.748,3,2
1632493596,24.75,24.75,24.75,24.75,24.75,2,1
1632493597,24.75,24.75,24.74,24.74,24.747,3,3
1632493598,24.74,24.75,24.74,24.74,24.74,0,0
1632493599,24.74,24.75,24.74,24.74,24.74,17,3
1632493600,24.75,24.75,24.74,24.74,24.742,4,3
1632493601,24.74,24.74,24.74,24.74,24.74,0,0
1632493602,24.74,24.75,24.72,24.72,24.731,28,11
1632493603,24.72,24.73,24.72,24.72,24.72,0,0
1632493604,24.72,24.73,24.72,24.72,24.72,0,0
1632493605,24.73,24.73,24.72,24.73,24.729,38,2
1632493606,24.73,24.73,24.72,24.73,24.73,0,0
1632493607,24.73,24.73,24.72,24.73,24.73,0,0
1632493608,24.73,24.73,24.72,24.73,24.73,0,0
1632493609,24.73,24.73,24.72,24.73,24.73,0,0
1632493610,24.73,24.73,24.72,24.73,24.73,0,0
1632493611,24.73,24.73,24.72,24.73,24.73,0,0
1632493612,24.73,24.73,24.72,24.73,24.73,4,2
1632493613,24.73,24.73,24.72,24.73,24.73,0,0
1632493614,24.73,24.73,24.72,24.73,24.73,0,0
1632493615,24.73,24.73,24.72,24.73,24.73,0,0
1632493616,24.73,24.74,24.72,24.73,24.73,21,11
1632493617,24.73,24.73,24.73,24.73,24.73,0,0
1632493618,24.72,24.73,24.72,24.72,24.72,5,1
1632493619,24.72,24.73,24.72,24.72,24.721,1,1
1632493620,24.73,24.75,24.72,24.75,24.733,26,11
1632493621,24.75,24.75,24.75,24.75,24.75,0,0
1632493622,24.75,24.75,24.75,24.75,24.75,0,0
1632493623,24.74,24.75,24.74,24.75,24.748,5,2
1632493624,24.74,24.76,24.74,24.76,24.751,25,14
1632493625,24.77,24.77,24.76,24.77,24.765,2,1
1632493626,24.77,24.77,24.76,24.76,24.77,61,2
1632493627,24.76,24.76,24.76,24.76,24.76,0,0
1632493628,24.76,24.76,24.76,24.76,24.76,1,1
1632493629,24.77,24.77,24.76,24.77,24.765,1,1
1632493630,24.77,24.77,24.76,24.77,24.77,0,0
1632493631,24.77,24.77,24.76,24.77,24.77,0,0
1632493632,24.77,24.77,24.76,24.77,24.765,1,1
1632493633,24.77,24.77,24.76,24.77,24.77,0,0
1632493634,24.77,24.77,24.76,24.77,24.77,0,0
1632493635,24.77,24.77,24.76,24.77,24.77,0,0
1632493636,24.77,24.77,24.76,24.77,24.765,1,1
1632493637,24.77,24.77,24.76,24.77,24.767,7,3
1632493638,24.77,24.77,24.76,24.77,24.77,0,0
1632493639,24.77,24.77,24.76,24.77,24.765,5,1
1632493640,24.77,24.77,24.76,24.77,24.77,0,0
1632493641,24.77,24.77,24.76,24.76,24.763,11,8
1632493642,24.76,24.76,24.76,24.76,24.76,0,0
1632493643,24.76,24.76,24.76,24.76,24.76,0,0
1632493644,24.76,24.76,24.75,24.76,24.759,12,10
1632493645,24.77,24.8,24.77,24.8,24.783,167,42
1632493646,24.8,24.8,24.79,24.8,24.799,7,4
1632493647,24.79,24.8,24.79,24.8,24.797,6,5
1632493648,24.8,24.8,24.79,24.8,24.799,11,3
1632493649,24.79,24.79,24.77,24.78,24.776,78,20
1632493650,24.79,24.79,24.78,24.79,24.784,25,6
1632493651,24.79,24.79,24.79,24.79,24.79,0,0
1632493652,24.79,24.79,24.79,24.79,24.79,0,0
1632493653,24.79,24.79,24.79,24.79,24.79,0,0
1632493654,24.78,24.78,24.77,24.78,24.775,21,2
1632493655,24.78,24.78,24.77,24.78,24.78,0,0
1632493656,24.78,24.78,24.77,24.78,24.78,0,0
1632493657,24.77,24.77,24.77,24.77,24.77,10,1
1632493658,24.78,24.78,24.78,24.78,24.78,1,1
1632493659,24.78,24.78,24.77,24.78,24.775,5,1
1632493660,24.78,24.78,24.77,24.78,24.78,0,0
1632493661,24.78,24.78,24.77,24.78,24.78,0,0
1632493662,24.78,24.78,24.77,24.78,24.775,3,3
1632493663,24.78,24.78,24.77,24.78,24.78,0,0
1632493664,24.78,24.78,24.77,24.78,24.778,6,5
1632493665,24.78,24.78,24.77,24.78,24.78,0,0
1632493666,24.78,24.78,24.77,24.78,24.78,0,0
1632493667,24.77,24.78,24.76,24.77,24.77,10,8
1632493668,24.77,24.77,24.76,24.77,24.77,0,0
1632493669,24.77,24.77,24.76,24.77,24.769,5,1
1632493670,24.77,24.77,24.76,24.77,24.765,10,1
1632493671,24.77,24.77,24.76,24.77,24.765,2,2
1632493672,24.77,24.78,24.76,24.77,24.774,23,14
1632493673,24.78,24.78,24.77,24.78,24.775,1,1
1632493674,24.78,24.78,24.77,24.78,24.78,38,10
1632493675,24.78,24.78,24.77,24.78,24.775,46,6
1632493676,24.78,24.78,24.78,24.78,24.78,3,2
1632493677,24.78,24.78,24.78,24.78,24.78,0,0
1632493678,24.78,24.78,24.77,24.78,24.777,2,1
1632493679,24.78,24.78,24.76,24.76,24.774,20,12
1632493680,24.77,24.77,24.77,24.77,24.77,5,1
1632493681,24.77,24.77,24.76,24.77,24.766,1,1
1632493682,24.76,24.76,24.76,24.76,24.76,5,1
1632493683,24.76,24.77,24.76,24.76,24.76,60,1
1632493684,24.76,24.77,24.76,24.76,24.76,0,0
1632493685,24.77,24.77,24.76,24.77,24.765,21,3
1632493686,24.77,24.77,24.76,24.77,24.77,0,0
1632493687,24.77,24.77,24.76,24.77,24.77,0,0
1632493688,24.76,24.77,24.76,24.76,24.761,10,1
1632493689,24.77,24.77,24.74,24.74,24.752,43,23
1632493690,24.75,24.76,24.75,24.76,24.751,43,4
1632493691,24.76,24.77,24.74,24.75,24.758,74,12
1632493692,24.75,24.76,24.75,24.75,24.75,10,1
1632493693,24.77,24.77,24.76,24.77,24.767,2,1
1632493694,24.75,24.76,24.75,24.75,24.75,1,1
1632493695,24.76,24.77,24.75,24.75,24.756,12,4
1632493696,24.75,24.75,24.75,24.75,24.75,11,2
1632493697,24.75,24.75,24.75,24.75,24.75,0,0
1632493698,24.76,24.76,24.76,24.76,24.76,1,1
1632493699,24.76,24.76,24.75,24.76,24.755,5,1
1632493700,24.77,24.77,24.76,24.77,24.767,2,1
1632493701,24.76,24.77,24.76,24.76,24.761,17,3
1632493702,24.77,24.77,24.76,24.77,24.77,4,1
1632493703,24.77,24.77,24.76,24.77,24.77,0,0
1632493704,24.76,24.76,24.76,24.76,24.76,1,1
1632493705,24.76,24.76,24.76,24.76,24.76,0,0
1632493706,24.76,24.76,24.75,24.75,24.751,10,7
1632493707,24.75,24.75,24.75,24.75,24.75,4,1
1632493708,24.76,24.76,24.75,24.76,24.757,1,1
1632493709,24.74,24.75,24.74,24.74,24.742,2,2
1632493710,24.74,24.75,24.74,24.74,24.742,1,1
1632493711,24.74,24.75,24.74,24.74,24.74,0,0
1632493712,24.75,24.75,24.74,24.75,24.75,3,1
1632493713,24.75,24.75,24.75,24.75,24.75,1,1
1632493714,24.74,24.74,24.72,24.72,24.727,42,31
1632493715,24.72,24.72,24.72,24.72,24.72,0,0
1632493716,24.71,24.72,24.71,24.71,24.71,12,8
1632493717,24.71,24.72,24.71,24.71,24.711,10,1
1632493718,24.71,24.74,24.71,24.73,24.719,22,18
1632493719,24.72,24.74,24.72,24.72,24.72,64,5
1632493720,24.72,24.73,24.72,24.72,24.721,10,1
1632493721,24.72,24.73,24.72,24.72,24.72,0,0
1632493722,24.72,24.73,24.72,24.72,24.72,0,0
1632493723,24.72,24.73,24.72,24.73,24.725,2,2
1632493724,24.73,24.73,24.73,24.73,24.73,0,0
1632493725,24.73,24.73,24.73,24.73,24.73,0,0
1632493726,24.73,24.73,24.73,24.73,24.73,0,0
1632493727,24.73,24.73,24.73,24.73,24.73,12,1
1632493728,24.73,24.74,24.73,24.73,24.732,5,1
1632493729,24.73,24.74,24.73,24.73,24.73,0,0
1632493730,24.73,24.74,24.73,24.73,24.731,2,2
1632493731,24.73,24.73,24.73,24.73,24.73,0,0
1632493732,24.73,24.73,24.73,24.73,24.73,2,1
1632493733,24.73,24.73,24.73,24.73,24.73,0,0
1632493734,24.74,24.74,24.74,24.74,24.74,2,1
1632493735,24.73,24.73,24.73,24.73,24.73,1,1
1632493736,24.73,24.73,24.73,24.73,24.73,1,1
1632493737,24.73,24.73,24.73,24.73,24.73,1,1
1632493738,24.73,24.73,24.73,24.73,24.73,0,0
1632493739,24.73,24.73,24.73,24.73,24.73,10,1
1632493740,24.73,24.73,24.73,24.73,24.73,0,0
1632493741,24.73,24.73,24.73,24.73,24.73,0,0
1632493742,24.73,24.73,24.73,24.73,24.73,0,0
1632493743,24.73,24.73,24.73,24.73,24.73,0,0
1632493744,24.73,24.74,24.73,24.74,24.736,11,2
1632493745,24.73,24.74,24.73,24.73,24.734,7,4
1632493746,24.73,24.74,24.73,24.73,24.73,0,0
1632493747,24.74,24.74,24.73,24.74,24.739,5,1
1632493748,24.74,24.74,24.73,24.73,24.735,13,4
1632493749,24.73,24.74,24.73,24.73,24.73,0,0
1632493750,24.74,24.74,24.73,24.73,24.739,3,3
1632493751,24.74,24.74,24.73,24.74,24.739,7,1
1632493752,24.74,24.74,24.73,24.74,24.74,0,0
1632493753,24.73,24.74,24.73,24.73,24.731,5,1
1632493754,24.74,24.74,24.74,24.74,24.74,5,1
1632493755,24.73,24.74,24.73,24.74,24.738,3,2
1632493756,24.74,24.74,24.73,24.74,24.739,1,1
1632493757,24.73,24.73,24.73,24.73,24.73,11,9
1632493758,24.73,24.73,24.72,24.73,24.725,21,2
1632493759,24.73,24.73,24.72,24.73,24.73,0,0
1632493760,24.72,24.73,24.72,24.72,24.72,6,6
1632493761,24.72,24.73,24.72,24.72,24.72,0,0
1632493762,24.72,24.73,24.72,24.72,24.72,0,0
1632493763,24.73,24.74,24.72,24.73,24.735,185,38
1632493764,24.73,24.73,24.72,24.73,24.729,2,1
1632493765,24.73,24.73,24.72,24.73,24.73,0,0
1632493766,24.73,24.73,24.72,24.72,24.722,8,2
1632493767,24.73,24.73,24.72,24.73,24.725,3,2
1632493768,24.73,24.73,24.72,24.73,24.73,0,0
1632493769,24.72,24.73,24.72,24.73,24.725,39,3
1632493770,24.72,24.72,24.72,24.72,24.72,1,1
1632493771,24.72,24.73,24.72,24.72,24.72,105,2
1632493772,24.72,24.72,24.72,24.72,24.72,1,1
1632493773,24.73,24.75,24.72,24.75,24.735,38,19
1632493774,24.74,24.75,24.74,24.75,24.742,4,3
1632493775,24.74,24.74,24.74,24.74,24.74,31,2
1632493776,24.74,24.74,24.74,24.74,24.74,11,2
1632493777,24.74,24.74,24.74,24.74,24.74,0,0
1632493778,24.74,24.74,24.74,24.74,24.74,0,0
1632493779,24.73,24.74,24.73,24.73,24.731,1,1
1632493780,24.74,24.74,24.73,24.74,24.739,2,1
1632493781,24.74,24.74,24.73,24.74,24.74,0,0
1632493782,24.73,24.76,24.73,24.76,24.751,21,15
1632493783,24.74,24.75,24.74,24.75,24.741,11,2
1632493784,24.75,24.75,24.75,24.75,24.75,0,0
1632493785,24.75,24.75,24.75,24.75,24.75,0,0
1632493786,24.76,24.76,24.75,24.75,24.757,3,3
1632493787,24.75,24.76,24.75,24.75,24.754,6,1
1632493788,24.75,24.75,24.74,24.75,24.746,1,1
1632493789,24.75,24.76,24.75,24.75,24.754,1,1
1632493790,24.75,24.75,24.75,24.75,24.75,3,2
1632493791,24.76,24.76,24.75,24.76,24.756,6,2
1632493792,24.76,24.76,24.75,24.76,24.76,0,0
1632493793,24.76,24.76,24.75,24.76,24.76,0,0
1632493794,24.76,24.76,24.75,24.76,24.76,0,0
1632493795,24.76,24.76,24.75,24.76,24.76,0,0
1632493796,24.74,24.75,24.72,24.72,24.727,35,5
1632493797,24.72,24.72,24.72,24.72,24.72,0,0
1632493798,24.74,24.74,24.73,24.74,24.738,1,1
1632493799,24.74,24.74,24.73,24.74,24.74,0,0
