date,open,high,low,close,average,volume,count
1631631600,35.52,35.52,35.51,35.52,35.52,4,1
1631631601,35.52,35.52,35.52,35.52,35.52,2,1
1631631602,35.54,35.54,35.53,35.54,35.54,20,1
1631631603,35.54,35.54,35.54,35.54,35.54,3,3
1631631604,35.56,35.56,35.56,35.56,35.56,3,1
1631631605,35.56,35.56,35.56,35.56,35.56,0,0
1631631606,35.56,35.56,35.56,35.56,35.56,0,0
1631631607,35.56,35.56,35.56,35.56,35.56,0,0
1631631608,35.56,35.56,35.56,35.56,35.56,0,0
1631631609,35.56,35.56,35.56,35.56,35.56,0,0
1631631610,35.56,35.56,35.56,35.56,35.56,0,0
1631631611,35.56,35.56,35.56,35.56,35.56,0,0
1631631612,35.56,35.56,35.56,35.56,35.56,0,0
1631631613,35.56,35.56,35.56,35.56,35.56,0,0
1631631614,35.56,35.56,35.56,35.56,35.56,0,0
1631631615,35.56,35.56,35.56,35.56,35.56,0,0
1631631616,35.56,35.56,35.56,35.56,35.56,0,0
1631631617,35.56,35.56,35.56,35.56,35.56,0,0
1631631618,35.56,35.56,35.56,35.56,35.56,0,0
1631631619,35.56,35.56,35.56,35.56,35.56,0,0
1631631620,35.56,35.56,35.56,35.56,35.56,0,0
1631631621,35.56,35.56,35.56,35.56,35.56,3,3
1631631622,35.56,35.57,35.56,35.57,35.563,16,2
1631631623,35.6,35.6,35.6,35.6,35.6,2,1
1631631624,35.58,35.59,35.58,35.58,35.581,3,1
1631631625,35.58,35.59,35.58,35.58,35.58,0,0
1631631626,35.58,35.59,35.58,35.58,35.58,0,0
1631631627,35.58,35.59,35.58,35.58,35.58,0,0
1631631628,35.59,35.6,35.59,35.6,35.599,9,4
1631631629,35.62,35.62,35.61,35.61,35.617,9,9
1631631630,35.65,35.65,35.64,35.65,35.649,7,2
1631631631,35.65,35.65,35.64,35.65,35.65,0,0
1631631632,35.65,35.65,35.64,35.65,35.65,0,0
1631631633,35.65,35.65,35.64,35.65,35.65,0,0
1631631634,35.62,35.63,35.62,35.62,35.622,20,1
1631631635,35.62,35.63,35.62,35.62,35.62,0,0
1631631636,35.65,35.65,35.61,35.64,35.623,16,13
1631631637,35.65,35.65,35.64,35.65,35.645,2,1
1631631638,35.65,35.65,35.64,35.65,35.65,43,1
1631631639,35.64,35.65,35.64,35.65,35.647,9,7
1631631640,35.65,35.65,35.65,35.65,35.65,0,0
1631631641,35.65,35.65,35.62,35.63,35.63,6,2
1631631642,35.65,35.65,35.65,35.65,35.65,6,4
1631631643,35.67,35.67,35.66,35.67,35.668,1,1
1631631644,35.68,35.68,35.66,35.66,35.666,4,3
1631631645,35.68,35.69,35.68,35.68,35.684,3,1
1631631646,35.68,35.69,35.68,35.68,35.68,0,0
1631631647,35.68,35.69,35.68,35.68,35.68,0,0
1631631648,35.7,35.7,35.69,35.7,35.698,6,2
1631631649,35.7,35.7,35.68,35.69,35.69,11,11
1631631650,35.71,35.71,35.69,35.69,35.694,7,7
1631631651,35.7,35.7,35.7,35.7,35.7,1,1
1631631652,35.66,35.66,35.66,35.66,35.66,35,5
1631631653,35.7,35.7,35.69,35.69,35.695,2,2
1631631654,35.69,35.69,35.69,35.69,35.69,0,0
1631631655,35.69,35.69,35.69,35.69,35.69,0,0
1631631656,35.69,35.69,35.69,35.69,35.69,0,0
1631631657,35.69,35.69,35.69,35.69,35.69,0,0
1631631658,35.7,35.7,35.69,35.7,35.697,3,3
1631631659,35.71,35.71,35.7,35.7,35.707,3,3
1631631660,35.7,35.7,35.69,35.7,35.695,2,1
1631631661,35.7,35.7,35.69,35.7,35.7,0,0
1631631662,35.7,35.7,35.69,35.7,35.7,0,0
1631631663,35.7,35.7,35.69,35.7,35.697,5,1
1631631664,35.7,35.7,35.69,35.7,35.7,0,0
1631631665,35.7,35.7,35.69,35.7,35.7,0,0
1631631666,35.67,35.69,35.67,35.68,35.674,6,2
1631631667,35.68,35.69,35.68,35.68,35.68,0,0
1631631668,35.67,35.68,35.63,35.65,35.648,35,14
1631631669,35.65,35.65,35.64,35.65,35.65,0,0
1631631670,35.65,35.65,35.64,35.65,35.65,0,0
1631631671,35.65,35.65,35.64,35.64,35.648,8,4
1631631672,35.65,35.65,35.65,35.65,35.65,1,1
1631631673,35.65,35.65,35.65,35.65,35.65,0,0
1631631674,35.65,35.65,35.65,35.65,35.65,0,0
1631631675,35.65,35.65,35.64,35.65,35.65,10,1
1631631676,35.65,35.65,35.59,35.59,35.624,22,15
1631631677,35.61,35.61,35.61,35.61,35.61,1,1
1631631678,35.61,35.61,35.61,35.61,35.61,0,0
1631631679,35.61,35.61,35.61,35.61,35.61,0,0
1631631680,35.58,35.63,35.58,35.63,35.613,3,2
1631631681,35.6,35.62,35.6,35.62,35.618,23,3
1631631682,35.62,35.62,35.61,35.62,35.62,0,0
1631631683,35.6,35.6,35.6,35.6,35.6,2,1
1631631684,35.62,35.62,35.6,35.6,35.611,13,3
1631631685,35.61,35.61,35.61,35.61,35.61,2,2
1631631686,35.62,35.62,35.6,35.6,35.619,16,2
1631631687,35.6,35.61,35.6,35.6,35.6,0,0
1631631688,35.6,35.61,35.6,35.6,35.6,0,0
1631631689,35.62,35.64,35.62,35.62,35.623,26,5
1631631690,35.62,35.62,35.62,35.62,35.62,0,0
1631631691,35.62,35.62,35.61,35.62,35.62,50,1
1631631692,35.63,35.63,35.63,35.63,35.63,1,1
1631631693,35.62,35.64,35.62,35.63,35.63,87,16
1631631694,35.67,35.67,35.67,35.67,35.67,1,1
1631631695,35.67,35.67,35.66,35.67,35.669,20,2
1631631696,35.67,35.67,35.66,35.67,35.667,18,8
1631631697,35.67,35.67,35.67,35.67,35.67,26,3
1631631698,35.67,35.68,35.67,35.67,35.672,16,2
1631631699,35.67,35.68,35.67,35.67,35.67,0,0
1631631700,35.66,35.69,35.66,35.69,35.661,21,2
1631631701,35.71,35.71,35.69,35.7,35.704,4,4
1631631702,35.7,35.7,35.69,35.7,35.7,0,0
1631631703,35.7,35.7,35.69,35.7,35.7,0,0
1631631704,35.69,35.69,35.68,35.69,35.685,10,1
1631631705,35.69,35.69,35.68,35.69,35.69,0,0
1631631706,35.7,35.7,35.69,35.69,35.697,2,2
1631631707,35.72,35.72,35.71,35.72,35.72,10,1
1631631708,35.72,35.72,35.71,35.72,35.72,0,0
1631631709,35.72,35.72,35.71,35.72,35.72,0,0
1631631710,35.71,35.71,35.71,35.71,35.71,2,1
1631631711,35.7,35.7,35.68,35.68,35.692,9,5
1631631712,35.68,35.68,35.68,35.68,35.68,0,0
1631631713,35.68,35.68,35.68,35.68,35.68,0,0
1631631714,35.68,35.68,35.68,35.68,35.68,0,0
1631631715,35.68,35.68,35.68,35.68,35.68,0,0
1631631716,35.69,35.71,35.69,35.71,35.702,3,2
1631631717,35.71,35.71,35.7,35.71,35.71,0,0
1631631718,35.7,35.71,35.7,35.7,35.703,1,1
1631631719,35.7,35.71,35.7,35.7,35.7,0,0
1631631720,35.7,35.7,35.7,35.7,35.7,4,4
1631631721,35.71,35.71,35.71,35.71,35.71,1,1
1631631722,35.71,35.71,35.71,35.71,35.71,0,0
1631631723,35.71,35.71,35.71,35.71,35.71,0,0
1631631724,35.71,35.71,35.71,35.71,35.71,0,0
1631631725,35.71,35.71,35.71,35.71,35.71,0,0
1631631726,35.71,35.71,35.71,35.71,35.71,0,0
1631631727,35.71,35.71,35.71,35.71,35.71,0,0
1631631728,35.7,35.7,35.7,35.7,35.7,9,7
1631631729,35.67,35.67,35.67,35.67,35.67,10,5
1631631730,35.67,35.67,35.67,35.67,35.67,0,0
1631631731,35.67,35.67,35.67,35.67,35.67,0,0
1631631732,35.67,35.67,35.67,35.67,35.67,0,0
1631631733,35.67,35.67,35.67,35.67,35.67,0,0
1631631734,35.68,35.68,35.67,35.68,35.678,3,1
1631631735,35.68,35.68,35.67,35.68,35.68,0,0
1631631736,35.7,35.7,35.69,35.7,35.699,1,1
1631631737,35.7,35.7,35.69,35.7,35.7,50,1
1631631738,35.7,35.7,35.69,35.7,35.7,0,0
1631631739,35.7,35.7,35.69,35.7,35.7,15,1
1631631740,35.7,35.7,35.69,35.7,35.7,0,0
1631631741,35.7,35.7,35.69,35.7,35.7,0,0
1631631742,35.66,35.67,35.66,35.66,35.66,2,1
1631631743,35.66,35.67,35.66,35.66,35.66,0,0
1631631744,35.66,35.67,35.66,35.66,35.66,0,0
1631631745,35.66,35.67,35.66,35.66,35.66,0,0
1631631746,35.7,35.7,35.69,35.7,35.7,50,1
1631631747,35.7,35.7,35.69,35.7,35.7,0,0
1631631748,35.69,35.71,35.69,35.71,35.701,17,11
1631631749,35.71,35.71,35.71,35.71,35.71,0,0
1631631750,35.72,35.73,35.72,35.72,35.72,2,2
1631631751,35.72,35.73,35.72,35.72,35.72,0,0
1631631752,35.73,35.74,35.73,35.74,35.738,16,6
1631631753,35.73,35.78,35.72,35.78,35.761,68,16
1631631754,35.78,35.78,35.77,35.78,35.779,2,1
1631631755,35.78,35.78,35.77,35.78,35.78,0,0
1631631756,35.75,35.75,35.73,35.73,35.735,13,11
1631631757,35.71,35.71,35.71,35.71,35.71,2,2
1631631758,35.71,35.71,35.7,35.7,35.706,5,4
1631631759,35.7,35.7,35.7,35.7,35.7,0,0
1631631760,35.71,35.72,35.71,35.72,35.717,4,3
1631631761,35.72,35.72,35.72,35.72,35.72,0,0
1631631762,35.72,35.72,35.72,35.72,35.72,0,0
1631631763,35.72,35.72,35.72,35.72,35.72,0,0
1631631764,35.72,35.72,35.72,35.72,35.72,0,0
1631631765,35.74,35.76,35.74,35.76,35.75,28,9
1631631766,35.76,35.77,35.76,35.76,35.762,1,1
1631631767,35.76,35.77,35.76,35.76,35.76,0,0
1631631768,35.76,35.77,35.76,35.76,35.76,0,0
1631631769,35.76,35.77,35.76,35.76,35.76,0,0
1631631770,35.76,35.77,35.76,35.76,35.76,0,0
1631631771,35.77,35.77,35.77,35.77,35.77,4,2
1631631772,35.77,35.77,35.77,35.77,35.77,0,0
1631631773,35.75,35.75,35.75,35.75,35.75,10,1
1631631774,35.75,35.77,35.75,35.77,35.766,25,3
1631631775,35.77,35.77,35.77,35.77,35.77,0,0
1631631776,35.77,35.77,35.77,35.77,35.77,1,1
1631631777,35.77,35.77,35.77,35.77,35.77,36,5
1631631778,35.76,35.76,35.76,35.76,35.76,2,1
1631631779,35.79,35.79,35.79,35.79,35.79,1,1
1631631780,35.81,35.82,35.81,35.82,35.816,8,7
1631631781,35.82,35.82,35.82,35.82,35.82,0,0
1631631782,35.82,35.82,35.82,35.82,35.82,0,0
1631631783,35.79,35.8,35.79,35.79,35.793,1,1
1631631784,35.81,35.81,35.81,35.81,35.81,5,1
1631631785,35.8,35.8,35.79,35.8,35.8,8,4
1631631786,35.8,35.8,35.79,35.8,35.8,0,0
1631631787,35.82,35.82,35.82,35.82,35.82,1,1
1631631788,35.82,35.82,35.82,35.82,35.82,0,0
1631631789,35.82,35.82,35.82,35.82,35.82,0,0
1631631790,35.82,35.82,35.82,35.82,35.82,0,0
1631631791,35.82,35.82,35.82,35.82,35.82,0,0
1631631792,35.82,35.82,35.82,35.82,35.82,0,0
1631631793,35.82,35.82,35.79,35.79,35.813,7,3
1631631794,35.79,35.79,35.79,35.79,35.79,0,0
1631631795,35.79,35.79,35.79,35.79,35.79,0,0
1631631796,35.84,35.85,35.84,35.84,35.845,5,1
1631631797,35.84,35.85,35.84,35.84,35.84,0,0
1631631798,35.8,35.82,35.8,35.82,35.808,2,2
1631631799,35.82,35.82,35.81,35.82,35.82,0,0
1631631800,35.79,35.8,35.79,35.79,35.791,1,1
1631631801,35.84,35.84,35.8,35.8,35.834,8,2
1631631802,35.79,35.83,35.79,35.83,35.796,24,3
1631631803,35.83,35.83,35.83,35.83,35.83,1,1
1631631804,35.84,35.84,35.83,35.84,35.839,5,1
1631631805,35.86,35.86,35.85,35.86,35.86,5,1
1631631806,35.83,35.84,35.8,35.8,35.825,39,11
1631631807,35.8,35.8,35.8,35.8,35.8,0,0
1631631808,35.8,35.8,35.8,35.8,35.8,0,0
1631631809,35.8,35.8,35.8,35.8,35.8,0,0
1631631810,35.8,35.81,35.8,35.81,35.803,3,3
1631631811,35.84,35.84,35.84,35.84,35.84,5,1
1631631812,35.84,35.84,35.84,35.84,35.84,1,1
1631631813,35.84,35.84,35.84,35.84,35.84,0,0
1631631814,35.84,35.84,35.84,35.84,35.84,0,0
1631631815,35.84,35.84,35.84,35.84,35.84,0,0
1631631816,35.84,35.84,35.84,35.84,35.84,0,0
1631631817,35.84,35.84,35.84,35.84,35.84,0,0
1631631818,35.84,35.84,35.84,35.84,35.84,0,0
1631631819,35.84,35.84,35.84,35.84,35.84,0,0
1631631820,35.89,35.89,35.89,35.89,35.89,3,2
1631631821,35.89,35.89,35.89,35.89,35.89,0,0
1631631822,35.89,35.89,35.89,35.89,35.89,0,0
1631631823,35.89,35.89,35.89,35.89,35.89,0,0
1631631824,35.88,35.88,35.86,35.86,35.867,6,5
1631631825,35.88,35.89,35.88,35.88,35.883,1,1
1631631826,35.88,35.89,35.88,35.88,35.88,0,0
1631631827,35.86,35.86,35.86,35.86,35.86,1,1
1631631828,35.86,35.86,35.86,35.86,35.86,0,0
1631631829,35.86,35.86,35.86,35.86,35.86,0,0
1631631830,35.86,35.88,35.86,35.86,35.861,21,3
1631631831,35.88,35.88,35.86,35.86,35.862,15,9
1631631832,35.86,35.86,35.86,35.86,35.86,0,0
1631631833,35.86,35.86,35.86,35.86,35.86,0,0
1631631834,35.86,35.86,35.86,35.86,35.86,0,0
1631631835,35.89,35.89,35.89,35.89,35.89,5,1
1631631836,35.89,35.89,35.87,35.89,35.878,26,3
1631631837,35.89,35.89,35.88,35.89,35.89,0,0
1631631838,35.89,35.89,35.88,35.89,35.89,0,0
1631631839,35.89,35.89,35.88,35.89,35.89,0,0
1631631840,35.88,35.9,35.88,35.9,35.89,2,2
1631631841,35.88,35.88,35.88,35.88,35.88,5,1
1631631842,35.9,35.91,35.89,35.9,35.903,34,10
1631631843,35.92,35.92,35.92,35.92,35.92,1,1
1631631844,35.92,35.92,35.92,35.92,35.92,0,0
1631631845,35.92,35.92,35.92,35.92,35.92,0,0
1631631846,35.92,35.92,35.92,35.92,35.92,0,0
1631631847,35.9,35.92,35.9,35.91,35.906,20,4
1631631848,35.91,35.91,35.9,35.91,35.905,1,1
1631631849,35.92,35.92,35.92,35.92,35.92,1,1
1631631850,35.92,35.92,35.92,35.92,35.92,0,0
1631631851,35.89,35.9,35.89,35.89,35.89,5,1
1631631852,35.89,35.9,35.88,35.9,35.889,12,11
1631631853,35.91,35.92,35.91,35.91,35.913,1,1
1631631854,35.91,35.92,35.91,35.91,35.91,0,0
1631631855,35.9,35.9,35.9,35.9,35.9,1,1
1631631856,35.9,35.91,35.9,35.91,35.902,6,4
1631631857,35.9,35.91,35.9,35.9,35.904,5,1
1631631858,35.91,35.91,35.88,35.88,35.886,12,9
1631631859,35.88,35.88,35.88,35.88,35.88,3,2
1631631860,35.88,35.9,35.88,35.9,35.882,26,3
1631631861,35.88,35.89,35.81,35.81,35.856,22,19
1631631862,35.84,35.84,35.81,35.82,35.82,6,2
1631631863,35.84,35.85,35.84,35.84,35.843,1,1
1631631864,35.84,35.85,35.84,35.84,35.84,0,0
1631631865,35.84,35.85,35.84,35.84,35.84,0,0
1631631866,35.84,35.84,35.83,35.84,35.837,2,1
1631631867,35.85,35.88,35.85,35.87,35.855,4,4
1631631868,35.87,35.88,35.87,35.87,35.87,0,0
1631631869,35.87,35.88,35.87,35.87,35.87,0,0
1631631870,35.83,35.83,35.82,35.83,35.83,20,1
1631631871,35.83,35.83,35.82,35.83,35.83,0,0
1631631872,35.86,35.86,35.82,35.82,35.829,25,9
1631631873,35.82,35.83,35.82,35.82,35.82,0,0
1631631874,35.85,35.87,35.84,35.86,35.848,8,3
1631631875,35.86,35.87,35.86,35.86,35.86,0,0
1631631876,35.86,35.87,35.86,35.86,35.86,0,0
1631631877,35.82,35.87,35.82,35.86,35.83,5,2
1631631878,35.86,35.87,35.86,35.86,35.86,0,0
1631631879,35.86,35.87,35.86,35.86,35.86,0,0
1631631880,35.87,35.87,35.86,35.87,35.869,1,1
1631631881,35.87,35.87,35.86,35.87,35.87,0,0
1631631882,35.87,35.87,35.87,35.87,35.87,2,2
1631631883,35.88,35.88,35.88,35.88,35.88,8,2
1631631884,35.88,35.88,35.88,35.88,35.88,0,0
1631631885,35.88,35.89,35.88,35.89,35.884,2,2
1631631886,35.89,35.89,35.88,35.89,35.89,0,0
1631631887,35.89,35.89,35.88,35.89,35.89,0,0
1631631888,35.89,35.89,35.88,35.89,35.89,0,0
1631631889,35.89,35.89,35.88,35.88,35.886,4,3
1631631890,35.89,35.89,35.89,35.89,35.89,2,1
1631631891,35.89,35.89,35.89,35.89,35.89,43,2
1631631892,35.89,35.89,35.89,35.89,35.89,0,0
1631631893,35.89,35.89,35.89,35.89,35.89,0,0
1631631894,35.9,35.92,35.89,35.92,35.91,27,10
1631631895,35.9,35.94,35.9,35.94,35.928,265,15
1631631896,35.93,35.94,35.92,35.92,35.927,9,9
1631631897,35.94,35.95,35.94,35.95,35.947,3,2
1631631898,35.95,35.95,35.95,35.95,35.95,0,0
1631631899,35.95,35.95,35.95,35.95,35.95,0,0
1631631900,35.95,35.95,35.95,35.95,35.95,4,3
1631631901,35.95,35.95,35.95,35.95,35.95,0,0
1631631902,35.95,35.95,35.94,35.95,35.95,1,1
1631631903,35.94,35.95,35.94,35.95,35.95,20,5
1631631904,35.95,35.95,35.95,35.95,35.95,0,0
1631631905,35.92,35.93,35.92,35.92,35.923,10,1
1631631906,35.92,35.93,35.92,35.92,35.92,0,0
1631631907,35.95,35.95,35.95,35.95,35.95,3,1
1631631908,35.92,35.94,35.92,35.92,35.921,17,12
1631631909,35.92,35.92,35.92,35.92,35.92,0,0
1631631910,35.91,35.92,35.91,35.91,35.912,5,1
1631631911,35.91,35.92,35.91,35.91,35.91,0,0
1631631912,35.91,35.92,35.91,35.91,35.91,0,0
1631631913,35.94,35.94,35.92,35.92,35.934,13,3
1631631914,35.92,35.92,35.92,35.92,35.92,0,0
1631631915,35.92,35.92,35.92,35.92,35.92,0,0
1631631916,35.94,35.95,35.94,35.95,35.949,7,3
1631631917,35.95,35.95,35.94,35.95,35.95,0,0
1631631918,35.95,35.95,35.94,35.95,35.95,0,0
1631631919,35.93,35.93,35.92,35.93,35.925,2,1
1631631920,35.93,35.93,35.92,35.93,35.93,0,0
1631631921,35.94,35.96,35.92,35.94,35.945,64,16
1631631922,35.94,35.95,35.94,35.94,35.94,0,0
1631631923,35.94,35.95,35.94,35.94,35.94,0,0
1631631924,35.96,35.96,35.96,35.96,35.96,1,1
1631631925,35.97,35.97,35.95,35.95,35.953,8,6
1631631926,35.95,35.95,35.95,35.95,35.95,0,0
1631631927,35.94,35.98,35.94,35.98,35.943,32,2
1631631928,35.98,35.98,35.98,35.98,35.98,0,0
1631631929,35.94,35.97,35.94,35.97,35.945,36,2
1631631930,35.96,35.96,35.96,35.96,35.96,1,1
1631631931,35.96,35.96,35.96,35.96,35.96,0,0
1631631932,35.96,35.96,35.96,35.96,35.96,0,0
1631631933,35.96,35.96,35.96,35.96,35.96,0,0
1631631934,35.94,35.94,35.94,35.94,35.94,8,4
1631631935,35.94,35.94,35.94,35.94,35.94,11,1
1631631936,35.92,35.92,35.92,35.92,35.92,2,2
1631631937,35.92,35.93,35.92,35.92,35.92,10,1
1631631938,35.92,35.93,35.88,35.88,35.894,36,8
1631631939,35.92,35.92,35.9,35.91,35.905,31,2
1631631940,35.91,35.92,35.88,35.88,35.906,38,7
1631631941,35.88,35.92,35.88,35.91,35.897,2,2
1631631942,35.9,35.9,35.89,35.9,35.9,5,1
1631631943,35.88,35.89,35.82,35.82,35.848,33,14
1631631944,35.84,35.85,35.82,35.83,35.837,3,3
1631631945,35.81,35.82,35.81,35.81,35.81,30,2
1631631946,35.81,35.86,35.81,35.86,35.828,47,2
1631631947,35.83,35.83,35.8,35.81,35.81,52,31
1631631948,35.81,35.81,35.81,35.81,35.81,0,0
1631631949,35.81,35.84,35.81,35.84,35.812,31,4
1631631950,35.84,35.84,35.84,35.84,35.84,0,0
1631631951,35.85,35.85,35.85,35.85,35.85,1,1
1631631952,35.85,35.85,35.85,35.85,35.85,0,0
1631631953,35.85,35.85,35.85,35.85,35.85,0,0
1631631954,35.85,35.85,35.85,35.85,35.85,2,2
1631631955,35.85,35.85,35.85,35.85,35.85,1,1
1631631956,35.84,35.87,35.84,35.87,35.845,37,5
1631631957,35.87,35.87,35.87,35.87,35.87,0,0
1631631958,35.84,35.84,35.84,35.84,35.84,2,2
1631631959,35.84,35.84,35.84,35.84,35.84,0,0
1631631960,35.84,35.84,35.84,35.84,35.84,0,0
1631631961,35.85,35.85,35.85,35.85,35.85,1,1
1631631962,35.85,35.85,35.85,35.85,35.85,0,0
1631631963,35.85,35.85,35.85,35.85,35.85,0,0
1631631964,35.85,35.85,35.85,35.85,35.85,0,0
1631631965,35.85,35.85,35.85,35.85,35.85,0,0
1631631966,35.85,35.85,35.85,35.85,35.85,0,0
1631631967,35.85,35.85,35.85,35.85,35.85,0,0
1631631968,35.85,35.85,35.84,35.85,35.847,6,3
1631631969,35.86,35.86,35.86,35.86,35.86,1,1
1631631970,35.86,35.86,35.86,35.86,35.86,0,0
1631631971,35.86,35.86,35.86,35.86,35.86,0,0
1631631972,35.87,35.87,35.87,35.87,35.87,15,1
1631631973,35.87,35.87,35.87,35.87,35.87,0,0
1631631974,35.87,35.87,35.87,35.87,35.87,0,0
1631631975,35.87,35.87,35.87,35.87,35.87,0,0
1631631976,35.87,35.87,35.87,35.87,35.87,0,0
1631631977,35.87,35.87,35.87,35.87,35.87,0,0
1631631978,35.87,35.87,35.87,35.87,35.87,0,0
1631631979,35.87,35.87,35.85,35.87,35.866,11,7
1631631980,35.87,35.87,35.87,35.87,35.87,0,0
1631631981,35.87,35.87,35.87,35.87,35.87,0,0
1631631982,35.88,35.88,35.88,35.88,35.88,1,1
1631631983,35.88,35.88,35.88,35.88,35.88,3,1
1631631984,35.9,35.9,35.9,35.9,35.9,1,1
1631631985,35.86,35.9,35.86,35.9,35.87,8,2
1631631986,35.88,35.88,35.88,35.88,35.88,2,1
1631631987,35.88,35.88,35.88,35.88,35.88,0,0
1631631988,35.88,35.88,35.88,35.88,35.88,0,0
1631631989,35.88,35.88,35.88,35.88,35.88,0,0
1631631990,35.88,35.88,35.88,35.88,35.88,0,0
1631631991,35.88,35.88,35.88,35.88,35.88,0,0
1631631992,35.88,35.88,35.88,35.88,35.88,0,0
1631631993,35.88,35.88,35.88,35.88,35.88,0,0
1631631994,35.88,35.88,35.88,35.88,35.88,0,0
1631631995,35.88,35.88,35.88,35.88,35.88,0,0
1631631996,35.88,35.88,35.88,35.88,35.88,0,0
1631631997,35.88,35.88,35.88,35.88,35.88,0,0
1631631998,35.88,35.88,35.88,35.88,35.88,0,0
1631631999,35.88,35.88,35.88,35.88,35.88,1,1
1631632000,35.88,35.88,35.88,35.88,35.88,0,0
1631632001,35.88,35.88,35.88,35.88,35.88,0,0
1631632002,35.88,35.88,35.88,35.88,35.88,0,0
1631632003,35.88,35.88,35.88,35.88,35.88,0,0
1631632004,35.88,35.89,35.88,35.88,35.882,5,1
1631632005,35.89,35.89,35.88,35.88,35.883,7,4
1631632006,35.88,35.88,35.88,35.88,35.88,0,0
1631632007,35.88,35.88,35.88,35.88,35.88,0,0
1631632008,35.88,35.88,35.88,35.88,35.88,0,0
1631632009,35.86,35.86,35.83,35.83,35.85,6,6
1631632010,35.83,35.84,35.81,35.83,35.827,9,9
1631632011,35.79,35.79,35.79,35.79,35.79,5,1
1631632012,35.79,35.79,35.79,35.79,35.79,0,0
1631632013,35.79,35.79,35.79,35.79,35.79,0,0
1631632014,35.83,35.84,35.8,35.8,35.816,2,2
1631632015,35.82,35.82,35.82,35.82,35.82,1,1
1631632016,35.82,35.82,35.82,35.82,35.82,0,0
1631632017,35.82,35.82,35.82,35.82,35.82,1,1
1631632018,35.84,35.84,35.83,35.84,35.836,6,1
1631632019,35.82,35.82,35.82,35.82,35.82,1,1
1631632020,35.84,35.84,35.84,35.84,35.84,25,20
1631632021,35.83,35.83,35.82,35.83,35.829,6,6
1631632022,35.83,35.84,35.83,35.83,35.831,20,1
1631632023,35.84,35.84,35.84,35.84,35.84,4,4
1631632024,35.84,35.84,35.84,35.84,35.84,0,0
1631632025,35.84,35.84,35.84,35.84,35.84,0,0
1631632026,35.85,35.85,35.85,35.85,35.85,1,1
1631632027,35.85,35.85,35.85,35.85,35.85,0,0
1631632028,35.85,35.85,35.85,35.85,35.85,0,0
1631632029,35.85,35.85,35.85,35.85,35.85,0,0
1631632030,35.85,35.85,35.85,35.85,35.85,0,0
1631632031,35.85,35.85,35.85,35.85,35.85,0,0
1631632032,35.85,35.85,35.85,35.85,35.85,0,0
1631632033,35.84,35.84,35.83,35.84,35.836,9,3
1631632034,35.83,35.85,35.83,35.85,35.837,3,3
1631632035,35.82,35.82,35.82,35.82,35.82,2,2
1631632036,35.82,35.82,35.82,35.82,35.82,0,0
1631632037,35.82,35.82,35.82,35.82,35.82,0,0
1631632038,35.82,35.82,35.82,35.82,35.82,0,0
1631632039,35.82,35.82,35.82,35.82,35.82,0,0
1631632040,35.82,35.82,35.82,35.82,35.82,0,0
1631632041,35.82,35.82,35.82,35.82,35.82,0,0
1631632042,35.82,35.82,35.82,35.82,35.82,1,1
1631632043,35.82,35.82,35.82,35.82,35.82,0,0
1631632044,35.82,35.82,35.81,35.82,35.816,20,1
1631632045,35.81,35.81,35.81,35.81,35.81,7,6
1631632046,35.8,35.81,35.8,35.81,35.804,43,10
1631632047,35.81,35.81,35.81,35.81,35.81,0,0
1631632048,35.82,35.82,35.81,35.82,35.82,31,4
1631632049,35.83,35.85,35.83,35.84,35.841,9,8
1631632050,35.85,35.88,35.85,35.88,35.861,21,6
1631632051,35.88,35.88,35.88,35.88,35.88,0,0
1631632052,35.88,35.88,35.88,35.88,35.88,0,0
1631632053,35.88,35.88,35.88,35.88,35.88,0,0
1631632054,35.88,35.88,35.88,35.88,35.88,0,0
1631632055,35.88,35.88,35.88,35.88,35.88,0,0
1631632056,35.88,35.88,35.87,35.88,35.878,1,1
1631632057,35.89,35.9,35.89,35.9,35.899,9,3
1631632058,35.9,35.9,35.9,35.9,35.9,0,0
1631632059,35.9,35.9,35.9,35.9,35.9,0,0
1631632060,35.9,35.9,35.9,35.9,35.9,0,0
1631632061,35.9,35.9,35.9,35.9,35.9,0,0
1631632062,35.9,35.9,35.9,35.9,35.9,0,0
1631632063,35.89,35.9,35.89,35.89,35.891,2,1
1631632064,35.89,35.9,35.89,35.89,35.89,0,0
1631632065,35.89,35.9,35.89,35.89,35.89,0,0
1631632066,35.88,35.88,35.88,35.88,35.88,7,6
1631632067,35.88,35.88,35.88,35.88,35.88,0,0
1631632068,35.88,35.88,35.88,35.88,35.88,1,1
1631632069,35.88,35.88,35.88,35.88,35.88,0,0
1631632070,35.88,35.88,35.88,35.88,35.88,0,0
1631632071,35.88,35.88,35.88,35.88,35.88,0,0
1631632072,35.87,35.87,35.86,35.87,35.868,1,1
1631632073,35.85,35.85,35.85,35.85,35.85,2,2
1631632074,35.87,35.87,35.86,35.87,35.87,6,1
1631632075,35.87,35.87,35.86,35.87,35.87,0,0
1631632076,35.87,35.87,35.86,35.86,35.868,4,4
1631632077,35.86,35.86,35.86,35.86,35.86,0,0
1631632078,35.86,35.86,35.86,35.86,35.86,0,0
1631632079,35.86,35.86,35.86,35.86,35.86,0,0
1631632080,35.86,35.86,35.86,35.86,35.86,0,0
1631632081,35.86,35.86,35.86,35.86,35.86,0,0
1631632082,35.86,35.86,35.86,35.86,35.86,0,0
1631632083,35.86,35.86,35.86,35.86,35.86,0,0
1631632084,35.86,35.86,35.86,35.86,35.86,0,0
1631632085,35.86,35.86,35.86,35.86,35.86,0,0
1631632086,35.86,35.86,35.86,35.86,35.86,0,0
1631632087,35.83,35.83,35.83,35.83,35.83,5,1
1631632088,35.83,35.83,35.83,35.83,35.83,0,0
1631632089,35.83,35.83,35.83,35.83,35.83,0,0
1631632090,35.83,35.83,35.83,35.83,35.83,0,0
1631632091,35.87,35.87,35.86,35.87,35.87,2,1
1631632092,35.87,35.87,35.86,35.87,35.87,0,0
1631632093,35.87,35.87,35.86,35.87,35.87,0,0
1631632094,35.87,35.87,35.86,35.87,35.87,0,0
1631632095,35.87,35.87,35.86,35.87,35.87,0,0
1631632096,35.87,35.87,35.86,35.87,35.87,0,0
1631632097,35.87,35.87,35.86,35.87,35.87,0,0
1631632098,35.87,35.87,35.86,35.87,35.87,0,0
1631632099,35.87,35.87,35.86,35.87,35.87,0,0
1631632100,35.87,35.87,35.86,35.87,35.87,0,0
1631632101,35.87,35.87,35.86,35.87,35.87,0,0
1631632102,35.87,35.87,35.86,35.87,35.87,0,0
1631632103,35.87,35.87,35.86,35.87,35.87,0,0
1631632104,35.87,35.87,35.86,35.87,35.87,0,0
1631632105,35.87,35.87,35.86,35.87,35.87,0,0
1631632106,35.87,35.87,35.86,35.87,35.87,0,0
1631632107,35.87,35.87,35.86,35.87,35.87,2,2
1631632108,35.87,35.87,35.87,35.87,35.87,0,0
1631632109,35.87,35.87,35.87,35.87,35.87,0,0
1631632110,35.87,35.87,35.87,35.87,35.87,0,0
1631632111,35.87,35.87,35.87,35.87,35.87,0,0
1631632112,35.87,35.87,35.87,35.87,35.87,0,0
1631632113,35.84,35.85,35.82,35.83,35.835,15,10
1631632114,35.83,35.83,35.83,35.83,35.83,0,0
1631632115,35.83,35.83,35.83,35.83,35.83,0,0
1631632116,35.84,35.84,35.84,35.84,35.84,1,1
1631632117,35.84,35.84,35.84,35.84,35.84,0,0
1631632118,35.85,35.88,35.85,35.88,35.878,23,3
1631632119,35.88,35.88,35.88,35.88,35.88,13,6
1631632120,35.88,35.88,35.88,35.88,35.88,0,0
1631632121,35.88,35.88,35.88,35.88,35.88,0,0
1631632122,35.88,35.88,35.88,35.88,35.88,0,0
1631632123,35.9,35.9,35.9,35.9,35.9,1,1
1631632124,35.9,35.9,35.9,35.9,35.9,0,0
1631632125,35.9,35.9,35.9,35.9,35.9,0,0
1631632126,35.9,35.9,35.9,35.9,35.9,0,0
1631632127,35.9,35.9,35.9,35.9,35.9,0,0
1631632128,35.9,35.9,35.9,35.9,35.9,0,0
1631632129,35.9,35.9,35.89,35.9,35.9,4,1
1631632130,35.9,35.9,35.89,35.9,35.9,0,0
1631632131,35.9,35.9,35.89,35.9,35.9,0,0
1631632132,35.9,35.9,35.88,35.88,35.892,13,8
1631632133,35.88,35.88,35.88,35.88,35.88,0,0
1631632134,35.88,35.88,35.88,35.88,35.88,0,0
1631632135,35.88,35.88,35.88,35.88,35.88,1,1
1631632136,35.88,35.88,35.88,35.88,35.88,0,0
1631632137,35.88,35.88,35.88,35.88,35.88,0,0
1631632138,35.88,35.88,35.88,35.88,35.88,0,0
1631632139,35.88,35.88,35.88,35.88,35.88,0,0
1631632140,35.87,35.87,35.87,35.87,35.87,5,5
1631632141,35.87,35.87,35.87,35.87,35.87,2,2
1631632142,35.84,35.84,35.84,35.84,35.84,3,1
1631632143,35.84,35.84,35.84,35.84,35.84,0,0
1631632144,35.82,35.82,35.82,35.82,35.82,1,1
1631632145,35.82,35.82,35.82,35.82,35.82,0,0
1631632146,35.82,35.82,35.82,35.82,35.82,0,0
1631632147,35.82,35.82,35.82,35.82,35.82,0,0
1631632148,35.82,35.82,35.82,35.82,35.82,0,0
1631632149,35.82,35.82,35.82,35.82,35.82,0,0
1631632150,35.82,35.82,35.82,35.82,35.82,0,0
1631632151,35.82,35.82,35.82,35.82,35.82,0,0
1631632152,35.86,35.86,35.85,35.86,35.855,10,1
1631632153,35.86,35.86,35.85,35.86,35.86,0,0
1631632154,35.86,35.86,35.85,35.86,35.86,0,0
1631632155,35.86,35.87,35.86,35.86,35.865,10,1
1631632156,35.87,35.87,35.86,35.87,35.865,5,1
1631632157,35.87,35.87,35.86,35.87,35.87,0,0
1631632158,35.87,35.87,35.86,35.87,35.87,0,0
1631632159,35.87,35.87,35.86,35.87,35.87,0,0
1631632160,35.87,35.87,35.86,35.87,35.87,0,0
1631632161,35.87,35.87,35.86,35.87,35.87,0,0
1631632162,35.87,35.87,35.86,35.87,35.87,0,0
1631632163,35.87,35.87,35.86,35.87,35.87,0,0
1631632164,35.87,35.87,35.86,35.87,35.87,0,0
1631632165,35.87,35.87,35.86,35.87,35.87,0,0
1631632166,35.87,35.87,35.86,35.87,35.87,0,0
1631632167,35.87,35.87,35.86,35.87,35.87,0,0
1631632168,35.87,35.87,35.86,35.87,35.87,0,0
1631632169,35.87,35.87,35.86,35.87,35.87,0,0
1631632170,35.86,35.86,35.85,35.85,35.855,2,2
1631632171,35.85,35.86,35.85,35.85,35.852,1,1
1631632172,35.85,35.86,35.85,35.85,35.85,0,0
1631632173,35.85,35.86,35.85,35.85,35.85,0,0
1631632174,35.85,35.86,35.85,35.85,35.85,0,0
1631632175,35.86,35.86,35.86,35.86,35.86,2,1
1631632176,35.86,35.86,35.86,35.86,35.86,0,0
1631632177,35.86,35.86,35.86,35.86,35.86,0,0
1631632178,35.86,35.86,35.86,35.86,35.86,0,0
1631632179,35.86,35.86,35.86,35.86,35.86,0,0
1631632180,35.87,35.87,35.86,35.87,35.865,1,1
1631632181,35.87,35.87,35.86,35.87,35.87,0,0
1631632182,35.87,35.87,35.86,35.87,35.87,0,0
1631632183,35.87,35.87,35.86,35.87,35.87,0,0
1631632184,35.87,35.87,35.86,35.87,35.87,0,0
1631632185,35.87,35.87,35.86,35.87,35.87,0,0
1631632186,35.87,35.87,35.86,35.87,35.87,0,0
1631632187,35.87,35.87,35.86,35.87,35.87,0,0
1631632188,35.84,35.85,35.82,35.82,35.835,10,8
1631632189,35.84,35.84,35.84,35.84,35.84,5,1
1631632190,35.84,35.84,35.84,35.84,35.84,0,0
1631632191,35.84,35.84,35.84,35.84,35.84,0,0
1631632192,35.84,35.84,35.84,35.84,35.84,0,0
1631632193,35.84,35.84,35.84,35.84,35.84,0,0
1631632194,35.84,35.84,35.84,35.84,35.84,0,0
1631632195,35.87,35.91,35.86,35.87,35.877,91,40
1631632196,35.87,35.87,35.87,35.87,35.87,0,0
1631632197,35.87,35.87,35.87,35.87,35.87,0,0
1631632198,35.87,35.87,35.87,35.87,35.87,0,0
1631632199,35.87,35.87,35.87,35.87,35.87,0,0
1631632200,35.87,35.87,35.87,35.87,35.87,0,0
1631632201,35.9,35.9,35.9,35.9,35.9,14,11
1631632202,35.9,35.9,35.9,35.9,35.9,0,0
1631632203,35.88,35.88,35.88,35.88,35.88,9,1
1631632204,35.9,35.9,35.88,35.88,35.889,7,5
1631632205,35.88,35.88,35.88,35.88,35.88,0,0
1631632206,35.88,35.88,35.88,35.88,35.88,0,0
1631632207,35.88,35.88,35.88,35.88,35.88,0,0
1631632208,35.88,35.88,35.87,35.88,35.877,2,1
1631632209,35.86,35.87,35.86,35.87,35.862,5,5
1631632210,35.85,35.85,35.85,35.85,35.85,5,3
1631632211,35.85,35.85,35.85,35.85,35.85,0,0
1631632212,35.84,35.84,35.84,35.84,35.84,5,1
1631632213,35.84,35.84,35.84,35.84,35.84,0,0
1631632214,35.84,35.84,35.84,35.84,35.84,0,0
1631632215,35.84,35.84,35.84,35.84,35.84,0,0
1631632216,35.82,35.83,35.82,35.82,35.823,1,1
1631632217,35.82,35.83,35.82,35.82,35.82,0,0
1631632218,35.84,35.86,35.84,35.86,35.845,3,3
1631632219,35.86,35.86,35.86,35.86,35.86,0,0
1631632220,35.86,35.86,35.86,35.86,35.86,0,0
1631632221,35.82,35.83,35.82,35.82,35.82,4,1
1631632222,35.84,35.84,35.82,35.82,35.831,2,2
1631632223,35.82,35.82,35.82,35.82,35.82,0,0
1631632224,35.82,35.82,35.82,35.82,35.82,0,0
1631632225,35.82,35.82,35.82,35.82,35.82,0,0
1631632226,35.82,35.82,35.82,35.82,35.82,0,0
1631632227,35.82,35.82,35.82,35.82,35.82,0,0
1631632228,35.82,35.82,35.82,35.82,35.82,0,0
1631632229,35.86,35.86,35.85,35.86,35.859,2,1
1631632230,35.86,35.86,35.85,35.86,35.86,0,0
1631632231,35.86,35.86,35.85,35.86,35.86,0,0
1631632232,35.86,35.86,35.85,35.86,35.86,0,0
1631632233,35.82,35.83,35.81,35.81,35.818,15,14
1631632234,35.81,35.81,35.81,35.81,35.81,0,0
1631632235,35.81,35.81,35.81,35.81,35.81,0,0
1631632236,35.85,35.85,35.85,35.85,35.85,1,1
1631632237,35.85,35.85,35.85,35.85,35.85,0,0
1631632238,35.85,35.85,35.85,35.85,35.85,0,0
1631632239,35.85,35.85,35.85,35.85,35.85,0,0
1631632240,35.85,35.85,35.85,35.85,35.85,0,0
1631632241,35.85,35.85,35.85,35.85,35.85,0,0
1631632242,35.85,35.85,35.85,35.85,35.85,0,0
1631632243,35.85,35.85,35.85,35.85,35.85,0,0
1631632244,35.85,35.85,35.85,35.85,35.85,0,0
1631632245,35.85,35.85,35.85,35.85,35.85,0,0
1631632246,35.82,35.82,35.81,35.81,35.814,3,3
1631632247,35.81,35.81,35.81,35.81,35.81,0,0
1631632248,35.81,35.81,35.81,35.81,35.81,0,0
1631632249,35.81,35.81,35.81,35.81,35.81,0,0
1631632250,35.81,35.81,35.81,35.81,35.81,0,0
1631632251,35.81,35.81,35.81,35.81,35.81,0,0
1631632252,35.81,35.81,35.81,35.81,35.81,0,0
1631632253,35.81,35.81,35.81,35.81,35.81,0,0
1631632254,35.81,35.81,35.81,35.81,35.81,0,0
1631632255,35.84,35.85,35.84,35.84,35.844,2,1
1631632256,35.84,35.85,35.84,35.84,35.84,0,0
1631632257,35.84,35.85,35.84,35.84,35.84,0,0
1631632258,35.84,35.85,35.84,35.84,35.84,0,0
1631632259,35.84,35.85,35.84,35.84,35.84,0,0
1631632260,35.84,35.85,35.84,35.84,35.84,0,0
1631632261,35.84,35.85,35.84,35.84,35.84,0,0
1631632262,35.84,35.85,35.84,35.84,35.84,0,0
1631632263,35.84,35.85,35.84,35.84,35.84,0,0
1631632264,35.84,35.85,35.84,35.84,35.84,0,0
1631632265,35.84,35.85,35.84,35.84,35.84,0,0
1631632266,35.83,35.83,35.83,35.83,35.83,1,1
1631632267,35.83,35.83,35.83,35.83,35.83,0,0
1631632268,35.81,35.81,35.81,35.81,35.81,1,1
1631632269,35.81,35.81,35.81,35.81,35.81,0,0
1631632270,35.81,35.81,35.81,35.81,35.81,0,0
1631632271,35.84,35.84,35.84,35.84,35.84,3,3
1631632272,35.84,35.84,35.84,35.84,35.84,0,0
1631632273,35.83,35.83,35.83,35.83,35.83,1,1
1631632274,35.83,35.83,35.83,35.83,35.83,0,0
1631632275,35.83,35.83,35.83,35.83,35.83,0,0
1631632276,35.83,35.83,35.83,35.83,35.83,0,0
1631632277,35.82,35.82,35.82,35.82,35.82,1,1
1631632278,35.82,35.82,35.82,35.82,35.82,0,0
1631632279,35.82,35.82,35.82,35.82,35.82,0,0
1631632280,35.82,35.82,35.82,35.82,35.82,0,0
1631632281,35.82,35.82,35.82,35.82,35.82,0,0
1631632282,35.82,35.82,35.82,35.82,35.82,0,0
1631632283,35.82,35.82,35.82,35.82,35.82,0,0
1631632284,35.82,35.82,35.82,35.82,35.82,0,0
1631632285,35.83,35.83,35.83,35.83,35.83,2,2
1631632286,35.83,35.83,35.83,35.83,35.83,0,0
1631632287,35.83,35.83,35.83,35.83,35.83,0,0
1631632288,35.82,35.82,35.81,35.82,35.813,24,16
1631632289,35.82,35.82,35.82,35.82,35.82,0,0
1631632290,35.85,35.86,35.85,35.86,35.856,13,8
1631632291,35.86,35.86,35.86,35.86,35.86,0,0
1631632292,35.86,35.86,35.86,35.86,35.86,0,0
1631632293,35.89,35.9,35.89,35.89,35.891,20,1
1631632294,35.9,35.9,35.89,35.89,35.895,2,2
1631632295,35.92,35.95,35.9,35.95,35.92,44,7
1631632296,35.95,35.97,35.95,35.97,35.967,14,8
1631632297,35.99,36.0,35.98,35.98,35.993,46,26
1631632298,36.0,36.0,35.99,35.99,35.997,3,3
1631632299,35.99,35.99,35.99,35.99,35.99,0,0
1631632300,35.96,36.0,35.96,35.99,35.977,20,13
1631632301,35.99,35.99,35.99,35.99,35.99,0,0
1631632302,35.99,35.99,35.99,35.99,35.99,0,0
1631632303,36.0,36.0,35.99,36.0,35.995,5,1
1631632304,36.02,36.03,36.01,36.02,36.023,15,9
1631632305,36.03,36.03,36.03,36.03,36.03,1,1
1631632306,36.04,36.06,36.04,36.06,36.055,4,3
1631632307,36.06,36.06,36.06,36.06,36.06,0,0
1631632308,36.06,36.06,36.06,36.06,36.06,0,0
1631632309,36.04,36.06,36.03,36.06,36.041,34,13
1631632310,36.06,36.06,36.06,36.06,36.06,1,1
1631632311,36.06,36.06,36.06,36.06,36.06,0,0
1631632312,36.07,36.07,36.06,36.07,36.07,1,1
1631632313,36.02,36.02,36.02,36.02,36.02,1,1
1631632314,36.02,36.02,36.02,36.02,36.02,0,0
1631632315,36.02,36.02,36.02,36.02,36.02,0,0
1631632316,36.07,36.07,36.05,36.05,36.068,32,26
1631632317,36.05,36.05,36.05,36.05,36.05,0,0
1631632318,36.06,36.06,36.02,36.02,36.024,11,2
1631632319,36.05,36.05,36.04,36.05,36.05,2,1
1631632320,36.05,36.05,36.04,36.05,36.05,0,0
1631632321,36.03,36.04,36.03,36.03,36.032,6,6
1631632322,36.04,36.04,36.03,36.03,36.032,11,6
1631632323,36.03,36.03,36.03,36.03,36.03,5,1
1631632324,36.03,36.03,36.03,36.03,36.03,0,0
1631632325,36.07,36.07,36.06,36.06,36.067,9,9
1631632326,36.08,36.1,36.07,36.09,36.095,60,25
1631632327,36.1,36.1,36.1,36.1,36.1,8,8
1631632328,36.1,36.13,36.09,36.12,36.112,18,14
1631632329,36.12,36.14,36.12,36.12,36.132,17,14
1631632330,36.12,36.13,36.12,36.12,36.122,32,16
1631632331,36.07,36.1,36.07,36.1,36.095,6,2
1631632332,36.1,36.1,36.1,36.1,36.1,0,0
1631632333,36.13,36.13,36.12,36.13,36.125,4,1
1631632334,36.13,36.13,36.12,36.13,36.13,0,0
1631632335,36.13,36.13,36.12,36.13,36.13,1,1
1631632336,36.13,36.13,36.12,36.13,36.13,0,0
1631632337,36.13,36.13,36.12,36.13,36.129,1,1
1631632338,36.13,36.13,36.12,36.13,36.13,0,0
1631632339,36.08,36.08,36.07,36.08,36.078,1,1
1631632340,36.09,36.1,36.07,36.07,36.08,7,2
1631632341,36.09,36.12,36.09,36.12,36.107,20,2
1631632342,36.12,36.12,36.11,36.12,36.12,0,0
1631632343,36.12,36.12,36.11,36.12,36.12,0,0
1631632344,36.12,36.12,36.11,36.12,36.12,0,0
1631632345,36.09,36.09,36.08,36.09,36.085,15,1
1631632346,36.09,36.09,36.08,36.09,36.09,0,0
1631632347,36.1,36.12,36.1,36.12,36.107,3,3
1631632348,36.12,36.12,36.12,36.12,36.12,0,0
1631632349,36.12,36.12,36.12,36.12,36.12,0,0
1631632350,36.12,36.12,36.12,36.12,36.12,0,0
1631632351,36.1,36.12,36.1,36.12,36.103,13,9
1631632352,36.11,36.11,36.1,36.1,36.105,3,2
1631632353,36.09,36.09,36.08,36.09,36.085,7,1
1631632354,36.09,36.09,36.08,36.09,36.09,0,0
1631632355,36.1,36.1,36.09,36.1,36.098,5,1
1631632356,36.1,36.1,36.09,36.1,36.1,0,0
1631632357,36.1,36.1,36.09,36.1,36.1,0,0
1631632358,36.1,36.1,36.09,36.1,36.1,0,0
1631632359,36.1,36.1,36.09,36.1,36.1,0,0
1631632360,36.1,36.1,36.09,36.1,36.1,0,0
1631632361,36.08,36.09,36.08,36.08,36.081,1,1
1631632362,36.08,36.09,36.08,36.08,36.08,0,0
1631632363,36.08,36.09,36.08,36.08,36.08,0,0
1631632364,36.08,36.09,36.08,36.08,36.08,0,0
1631632365,36.08,36.09,36.08,36.08,36.08,0,0
1631632366,36.08,36.09,36.08,36.08,36.08,0,0
1631632367,36.08,36.09,36.08,36.08,36.08,0,0
1631632368,36.09,36.09,36.08,36.09,36.089,1,1
1631632369,36.09,36.09,36.08,36.08,36.082,5,5
1631632370,36.08,36.08,36.08,36.08,36.08,0,0
1631632371,36.08,36.08,36.08,36.08,36.08,0,0
1631632372,36.1,36.1,36.09,36.1,36.096,2,1
1631632373,36.1,36.1,36.09,36.1,36.1,0,0
1631632374,36.1,36.1,36.09,36.1,36.1,0,0
1631632375,36.07,36.08,36.07,36.07,36.073,1,1
1631632376,36.07,36.08,36.07,36.07,36.07,0,0
1631632377,36.07,36.08,36.07,36.07,36.07,0,0
1631632378,36.07,36.08,36.07,36.07,36.07,0,0
1631632379,36.07,36.08,36.07,36.07,36.07,0,0
1631632380,36.07,36.08,36.07,36.07,36.07,0,0
1631632381,36.07,36.08,36.07,36.07,36.07,0,0
1631632382,36.07,36.08,36.07,36.07,36.07,0,0
1631632383,36.07,36.07,36.07,36.07,36.07,9,9
1631632384,36.06,36.07,36.01,36.07,36.029,20,8
1631632385,36.07,36.07,36.06,36.07,36.069,2,2
1631632386,36.07,36.07,36.07,36.07,36.07,0,0
1631632387,36.07,36.07,36.07,36.07,36.07,0,0
1631632388,36.07,36.07,36.07,36.07,36.07,0,0
1631632389,36.07,36.07,36.07,36.07,36.07,0,0
1631632390,36.07,36.07,36.07,36.07,36.07,0,0
1631632391,36.07,36.07,36.06,36.07,36.07,20,1
1631632392,36.02,36.02,36.02,36.02,36.02,10,1
1631632393,36.02,36.02,36.02,36.02,36.02,0,0
1631632394,36.02,36.02,36.02,36.02,36.02,0,0
1631632395,36.02,36.02,36.02,36.02,36.02,0,0
1631632396,36.05,36.06,36.05,36.05,36.055,1,1
1631632397,36.05,36.06,36.05,36.05,36.05,0,0
1631632398,36.05,36.06,36.05,36.05,36.05,0,0
1631632399,36.05,36.06,36.05,36.05,36.05,0,0
1631632400,36.05,36.06,36.05,36.05,36.05,0,0
1631632401,36.05,36.06,36.05,36.05,36.05,0,0
1631632402,36.05,36.06,36.05,36.05,36.05,0,0
1631632403,36.06,36.07,36.06,36.07,36.069,12,4
1631632404,36.08,36.08,36.07,36.08,36.077,5,1
1631632405,36.08,36.08,36.07,36.08,36.08,0,0
1631632406,36.08,36.1,36.07,36.07,36.084,22,16
1631632407,36.05,36.09,36.05,36.09,36.059,16,3
1631632408,36.09,36.09,36.08,36.09,36.086,3,3
1631632409,36.09,36.09,36.09,36.09,36.09,0,0
1631632410,36.09,36.09,36.09,36.09,36.09,0,0
1631632411,36.1,36.1,36.1,36.1,36.1,3,2
1631632412,36.1,36.11,36.1,36.1,36.103,1,1
1631632413,36.12,36.12,36.11,36.11,36.118,24,14
1631632414,36.11,36.11,36.11,36.11,36.11,0,0
1631632415,36.12,36.12,36.11,36.12,36.115,5,1
1631632416,36.1,36.1,36.1,36.1,36.1,4,2
1631632417,36.1,36.1,36.1,36.1,36.1,0,0
1631632418,36.1,36.1,36.1,36.1,36.1,0,0
1631632419,36.13,36.14,36.13,36.13,36.134,10,1
1631632420,36.13,36.14,36.13,36.13,36.13,0,0
1631632421,36.15,36.15,36.14,36.15,36.148,46,12
1631632422,36.15,36.15,36.15,36.15,36.15,1,1
1631632423,36.15,36.15,36.15,36.15,36.15,0,0
1631632424,36.15,36.15,36.15,36.15,36.15,0,0
1631632425,36.18,36.18,36.18,36.18,36.18,4,4
1631632426,36.19,36.2,36.19,36.2,36.195,15,5
1631632427,36.2,36.2,36.2,36.2,36.2,0,0
1631632428,36.2,36.2,36.2,36.2,36.2,0,0
1631632429,36.17,36.17,36.17,36.17,36.17,6,5
1631632430,36.17,36.17,36.17,36.17,36.17,0,0
1631632431,36.17,36.17,36.17,36.17,36.17,0,0
1631632432,36.14,36.2,36.14,36.2,36.178,34,15
1631632433,36.17,36.17,36.16,36.17,36.167,10,1
1631632434,36.17,36.17,36.16,36.17,36.17,0,0
1631632435,36.15,36.15,36.15,36.15,36.15,14,9
1631632436,36.15,36.15,36.15,36.15,36.15,0,0
1631632437,36.15,36.15,36.15,36.15,36.15,0,0
1631632438,36.15,36.15,36.15,36.15,36.15,0,0
1631632439,36.17,36.2,36.16,36.19,36.175,4,3
1631632440,36.19,36.2,36.19,36.19,36.19,0,0
1631632441,36.2,36.2,36.19,36.2,36.2,1,1
1631632442,36.18,36.18,36.18,36.18,36.18,63,1
1631632443,36.18,36.18,36.18,36.18,36.18,6,1
1631632444,36.18,36.18,36.18,36.18,36.18,0,0
1631632445,36.16,36.16,36.16,36.16,36.16,63,1
1631632446,36.16,36.16,36.16,36.16,36.16,0,0
1631632447,36.16,36.16,36.16,36.16,36.16,7,5
1631632448,36.16,36.16,36.16,36.16,36.16,0,0
1631632449,36.16,36.18,36.16,36.18,36.167,12,2
1631632450,36.15,36.16,36.15,36.15,36.154,2,1
1631632451,36.15,36.15,36.15,36.15,36.15,11,5
1631632452,36.13,36.13,36.11,36.11,36.121,10,8
1631632453,36.11,36.11,36.11,36.11,36.11,0,0
1631632454,36.17,36.17,36.16,36.17,36.17,1,1
1631632455,36.11,36.11,36.11,36.11,36.11,20,1
1631632456,36.11,36.11,36.11,36.11,36.11,74,4
1631632457,36.13,36.13,36.12,36.13,36.129,3,1
1631632458,36.13,36.13,36.12,36.13,36.13,0,0
1631632459,36.13,36.13,36.12,36.13,36.13,0,0
1631632460,36.11,36.12,36.11,36.11,36.11,5,1
1631632461,36.11,36.12,36.11,36.11,36.11,0,0
1631632462,36.14,36.14,36.13,36.14,36.139,6,1
1631632463,36.13,36.13,36.12,36.13,36.125,2,1
1631632464,36.13,36.13,36.12,36.13,36.13,0,0
1631632465,36.11,36.11,36.11,36.11,36.11,6,6
1631632466,36.11,36.11,36.11,36.11,36.11,0,0
1631632467,36.11,36.11,36.11,36.11,36.11,0,0
1631632468,36.09,36.09,36.09,36.09,36.09,2,1
1631632469,36.09,36.09,36.09,36.09,36.09,0,0
1631632470,36.09,36.09,36.09,36.09,36.09,0,0
1631632471,36.09,36.09,36.08,36.08,36.087,2,2
1631632472,36.08,36.09,36.08,36.08,36.08,0,0
1631632473,36.08,36.09,36.08,36.08,36.08,0,0
1631632474,36.08,36.09,36.07,36.09,36.086,3,3
1631632475,36.09,36.09,36.08,36.09,36.09,0,0
1631632476,36.08,36.08,36.07,36.08,36.078,2,2
1631632477,36.08,36.08,36.07,36.08,36.08,0,0
1631632478,36.07,36.07,36.03,36.03,36.042,21,6
1631632479,36.03,36.03,36.03,36.03,36.03,0,0
1631632480,36.03,36.03,36.03,36.03,36.03,0,0
1631632481,36.07,36.08,36.07,36.07,36.072,1,1
1631632482,36.07,36.08,36.07,36.07,36.07,0,0
1631632483,36.07,36.08,36.07,36.07,36.07,0,0
1631632484,36.05,36.06,36.05,36.05,36.055,1,1
1631632485,36.08,36.08,36.07,36.08,36.076,6,1
1631632486,36.05,36.08,36.05,36.08,36.072,3,2
1631632487,36.08,36.08,36.07,36.08,36.08,0,0
1631632488,36.08,36.08,36.07,36.08,36.08,0,0
1631632489,36.07,36.08,36.07,36.08,36.076,9,7
1631632490,36.08,36.08,36.08,36.08,36.08,0,0
1631632491,36.08,36.08,36.08,36.08,36.08,0,0
1631632492,36.08,36.08,36.08,36.08,36.08,0,0
1631632493,36.08,36.08,36.08,36.08,36.08,0,0
1631632494,36.1,36.1,36.1,36.1,36.1,5,1
1631632495,36.07,36.07,36.07,36.07,36.07,1,1
1631632496,36.09,36.1,36.09,36.09,36.094,1,1
1631632497,36.09,36.1,36.09,36.09,36.09,0,0
1631632498,36.09,36.1,36.09,36.09,36.09,0,0
1631632499,36.09,36.1,36.09,36.09,36.09,0,0
1631632500,36.09,36.1,36.09,36.09,36.09,0,0
1631632501,36.09,36.1,36.09,36.09,36.09,0,0
1631632502,36.09,36.1,36.09,36.09,36.09,0,0
1631632503,36.07,36.07,36.06,36.07,36.067,1,1
1631632504,36.06,36.06,36.06,36.06,36.06,8,6
1631632505,36.06,36.06,36.06,36.06,36.06,0,0
1631632506,36.06,36.06,36.06,36.06,36.06,0,0
1631632507,36.05,36.13,36.05,36.13,36.114,29,16
1631632508,36.13,36.13,36.13,36.13,36.13,0,0
1631632509,36.13,36.13,36.13,36.13,36.13,0,0
1631632510,36.13,36.13,36.12,36.12,36.126,2,2
1631632511,36.14,36.14,36.13,36.14,36.138,9,2
1631632512,36.14,36.14,36.13,36.14,36.14,15,1
1631632513,36.15,36.15,36.14,36.15,36.15,21,2
1631632514,36.15,36.15,36.14,36.15,36.15,0,0
1631632515,36.11,36.15,36.11,36.15,36.14,20,7
1631632516,36.15,36.15,36.15,36.15,36.15,2,2
1631632517,36.11,36.12,36.11,36.11,36.114,5,1
1631632518,36.15,36.15,36.13,36.13,36.144,12,9
1631632519,36.12,36.16,36.12,36.16,36.151,7,3
1631632520,36.16,36.16,36.15,36.16,36.16,0,0
1631632521,36.15,36.16,36.14,36.14,36.141,10,2
1631632522,36.16,36.16,36.16,36.16,36.16,1,1
1631632523,36.14,36.14,36.14,36.14,36.14,3,3
1631632524,36.13,36.14,36.12,36.14,36.137,8,4
1631632525,36.14,36.16,36.14,36.16,36.147,15,2
1631632526,36.16,36.16,36.15,36.16,36.16,0,0
1631632527,36.16,36.17,36.16,36.17,36.168,5,4
1631632528,36.18,36.18,36.16,36.18,36.17,18,4
1631632529,36.19,36.19,36.18,36.19,36.19,9,9
1631632530,36.17,36.18,36.17,36.17,36.172,15,1
1631632531,36.17,36.18,36.17,36.17,36.17,0,0
1631632532,36.17,36.18,36.17,36.17,36.17,0,0
1631632533,36.19,36.2,36.19,36.2,36.199,9,2
1631632534,36.2,36.2,36.2,36.2,36.2,0,0
1631632535,36.16,36.16,36.14,36.14,36.148,15,8
1631632536,36.16,36.16,36.15,36.16,36.157,3,3
1631632537,36.16,36.16,36.16,36.16,36.16,0,0
1631632538,36.12,36.12,36.12,36.12,36.12,1,1
1631632539,36.12,36.12,36.12,36.12,36.12,10,1
1631632540,36.12,36.12,36.09,36.09,36.113,11,11
1631632541,36.09,36.09,36.09,36.09,36.09,0,0
1631632542,36.09,36.09,36.09,36.09,36.09,0,0
1631632543,36.09,36.1,36.09,36.09,36.095,10,1
1631632544,36.09,36.11,36.09,36.11,36.102,14,4
1631632545,36.08,36.09,36.08,36.08,36.08,20,1
1631632546,36.09,36.12,36.09,36.12,36.104,43,7
1631632547,36.12,36.12,36.12,36.12,36.12,0,0
1631632548,36.15,36.15,36.1,36.14,36.131,6,4
1631632549,36.14,36.15,36.14,36.14,36.14,0,0
1631632550,36.14,36.15,36.14,36.14,36.14,0,0
1631632551,36.12,36.12,36.12,36.12,36.12,2,1
1631632552,36.12,36.12,36.12,36.12,36.12,0,0
1631632553,36.12,36.12,36.12,36.12,36.12,0,0
1631632554,36.12,36.12,36.12,36.12,36.12,0,0
1631632555,36.09,36.09,36.07,36.07,36.077,15,12
1631632556,36.07,36.07,36.07,36.07,36.07,0,0
1631632557,36.07,36.08,36.07,36.07,36.072,1,1
1631632558,36.07,36.08,36.07,36.07,36.07,0,0
1631632559,36.07,36.08,36.07,36.07,36.07,0,0
1631632560,36.07,36.08,36.07,36.07,36.07,0,0
1631632561,36.07,36.08,36.07,36.07,36.07,0,0
1631632562,36.12,36.12,36.11,36.12,36.117,7,1
1631632563,36.12,36.12,36.11,36.12,36.12,0,0
1631632564,36.12,36.12,36.11,36.12,36.12,0,0
1631632565,36.07,36.08,36.07,36.07,36.07,5,1
1631632566,36.1,36.12,36.1,36.12,36.103,11,2
1631632567,36.08,36.08,36.08,36.08,36.08,1,1
1631632568,36.08,36.13,36.08,36.13,36.091,5,2
1631632569,36.13,36.13,36.13,36.13,36.13,0,0
1631632570,36.13,36.13,36.13,36.13,36.13,0,0
1631632571,36.13,36.13,36.12,36.13,36.13,10,1
1631632572,36.13,36.13,36.12,36.13,36.13,0,0
1631632573,36.13,36.13,36.13,36.13,36.13,1,1
1631632574,36.13,36.13,36.13,36.13,36.13,0,0
1631632575,36.1,36.1,36.1,36.1,36.1,2,2
1631632576,36.1,36.1,36.1,36.1,36.1,0,0
1631632577,36.08,36.09,36.07,36.09,36.075,11,8
1631632578,36.09,36.09,36.09,36.09,36.09,0,0
1631632579,36.09,36.09,36.09,36.09,36.09,0,0
1631632580,36.09,36.09,36.09,36.09,36.09,0,0
1631632581,36.09,36.09,36.09,36.09,36.09,0,0
1631632582,36.07,36.07,36.07,36.07,36.07,1,1
1631632583,36.07,36.07,36.07,36.07,36.07,0,0
1631632584,36.07,36.07,36.07,36.07,36.07,0,0
1631632585,36.09,36.09,36.09,36.09,36.09,4,1
1631632586,36.08,36.08,36.05,36.07,36.067,28,14
1631632587,36.05,36.07,36.05,36.07,36.061,2,2
1631632588,36.07,36.07,36.06,36.07,36.07,0,0
1631632589,36.08,36.08,36.07,36.08,36.075,1,1
1631632590,36.05,36.05,36.05,36.05,36.05,1,1
1631632591,36.03,36.03,36.03,36.03,36.03,1,1
1631632592,36.06,36.06,36.05,36.06,36.058,2,1
1631632593,36.06,36.06,36.06,36.06,36.06,1,1
1631632594,36.06,36.06,36.06,36.06,36.06,0,0
1631632595,36.05,36.05,36.05,36.05,36.05,1,1
1631632596,36.05,36.05,36.05,36.05,36.05,0,0
1631632597,36.03,36.03,36.03,36.03,36.03,1,1
1631632598,36.03,36.03,36.03,36.03,36.03,0,0
1631632599,36.03,36.03,36.03,36.03,36.03,0,0
1631632600,36.06,36.06,36.02,36.02,36.055,8,2
1631632601,36.02,36.02,36.02,36.02,36.02,0,0
1631632602,36.02,36.02,36.02,36.02,36.02,5,1
1631632603,36.02,36.02,36.02,36.02,36.02,0,0
1631632604,36.05,36.06,36.05,36.05,36.055,1,1
1631632605,36.05,36.06,36.05,36.05,36.05,0,0
1631632606,36.05,36.06,36.05,36.05,36.055,5,1
1631632607,36.05,36.06,36.05,36.05,36.05,0,0
1631632608,36.05,36.06,36.05,36.05,36.05,0,0
1631632609,36.03,36.09,36.02,36.07,36.065,4,4
1631632610,36.07,36.07,36.06,36.07,36.07,0,0
1631632611,36.07,36.07,36.06,36.07,36.065,1,1
1631632612,36.07,36.07,36.06,36.07,36.07,0,0
1631632613,36.07,36.07,36.06,36.07,36.07,0,0
1631632614,36.07,36.07,36.06,36.07,36.07,0,0
1631632615,36.05,36.05,36.04,36.05,36.048,1,1
1631632616,36.05,36.05,36.04,36.05,36.05,0,0
1631632617,36.05,36.05,36.04,36.05,36.048,1,1
1631632618,36.07,36.07,36.07,36.07,36.07,1,1
1631632619,36.07,36.07,36.07,36.07,36.07,0,0
1631632620,36.07,36.07,36.07,36.07,36.07,0,0
1631632621,36.07,36.07,36.07,36.07,36.07,0,0
1631632622,36.07,36.08,36.07,36.08,36.075,2,2
1631632623,36.08,36.08,36.07,36.08,36.08,0,0
1631632624,36.08,36.1,36.08,36.1,36.094,19,7
1631632625,36.1,36.1,36.1,36.1,36.1,0,0
1631632626,36.13,36.13,36.12,36.12,36.124,3,3
1631632627,36.09,36.13,36.09,36.13,36.119,7,4
1631632628,36.14,36.14,36.14,36.14,36.14,1,1
1631632629,36.14,36.14,36.14,36.14,36.14,0,0
1631632630,36.14,36.14,36.14,36.14,36.14,0,0
1631632631,36.14,36.14,36.14,36.14,36.14,0,0
1631632632,36.14,36.14,36.14,36.14,36.14,0,0
1631632633,36.11,36.12,36.11,36.11,36.114,5,1
1631632634,36.11,36.12,36.11,36.11,36.11,0,0
1631632635,36.11,36.12,36.11,36.11,36.11,0,0
1631632636,36.11,36.11,36.11,36.11,36.11,8,1
1631632637,36.11,36.11,36.11,36.11,36.11,0,0
1631632638,36.11,36.11,36.11,36.11,36.11,0,0
1631632639,36.11,36.11,36.11,36.11,36.11,0,0
1631632640,36.11,36.11,36.11,36.11,36.11,0,0
1631632641,36.11,36.11,36.11,36.11,36.11,0,0
1631632642,36.11,36.11,36.11,36.11,36.11,5,1
1631632643,36.11,36.11,36.11,36.11,36.11,0,0
1631632644,36.11,36.11,36.11,36.11,36.11,0,0
1631632645,36.11,36.11,36.11,36.11,36.11,0,0
1631632646,36.13,36.13,36.13,36.13,36.13,22,9
1631632647,36.15,36.15,36.15,36.15,36.15,1,1
1631632648,36.15,36.15,36.15,36.15,36.15,0,0
1631632649,36.15,36.15,36.15,36.15,36.15,0,0
1631632650,36.15,36.15,36.15,36.15,36.15,0,0
1631632651,36.14,36.14,36.13,36.14,36.139,2,1
1631632652,36.14,36.14,36.13,36.14,36.14,0,0
1631632653,36.15,36.16,36.14,36.16,36.147,11,2
1631632654,36.16,36.16,36.16,36.16,36.16,0,0
1631632655,36.16,36.16,36.16,36.16,36.16,0,0
1631632656,36.16,36.16,36.16,36.16,36.16,0,0
1631632657,36.16,36.16,36.16,36.16,36.16,0,0
1631632658,36.16,36.16,36.16,36.16,36.16,0,0
1631632659,36.14,36.14,36.13,36.13,36.133,3,3
1631632660,36.12,36.12,36.11,36.11,36.118,6,6
1631632661,36.11,36.11,36.11,36.11,36.11,0,0
1631632662,36.11,36.11,36.11,36.11,36.11,0,0
1631632663,36.11,36.11,36.11,36.11,36.11,0,0
1631632664,36.13,36.14,36.13,36.13,36.132,1,1
1631632665,36.13,36.14,36.13,36.13,36.13,0,0
1631632666,36.13,36.14,36.13,36.13,36.13,0,0
1631632667,36.13,36.14,36.13,36.13,36.13,0,0
1631632668,36.13,36.14,36.13,36.13,36.13,0,0
1631632669,36.13,36.14,36.13,36.13,36.13,0,0
1631632670,36.12,36.12,36.11,36.11,36.117,10,3
1631632671,36.11,36.11,36.11,36.11,36.11,2,1
1631632672,36.11,36.11,36.11,36.11,36.11,0,0
1631632673,36.11,36.11,36.11,36.11,36.11,0,0
1631632674,36.11,36.11,36.11,36.11,36.11,0,0
1631632675,36.11,36.11,36.11,36.11,36.11,0,0
1631632676,36.11,36.11,36.11,36.11,36.11,0,0
1631632677,36.11,36.11,36.11,36.11,36.11,0,0
1631632678,36.09,36.09,36.09,36.09,36.09,9,7
1631632679,36.08,36.09,36.08,36.08,36.084,2,1
1631632680,36.08,36.09,36.08,36.08,36.08,0,0
1631632681,36.08,36.09,36.08,36.08,36.08,0,0
1631632682,36.08,36.09,36.08,36.08,36.08,0,0
1631632683,36.08,36.09,36.08,36.08,36.08,0,0
1631632684,36.08,36.09,36.08,36.08,36.08,0,0
1631632685,36.08,36.09,36.08,36.08,36.08,0,0
1631632686,36.08,36.08,36.08,36.08,36.08,2,1
1631632687,36.08,36.08,36.07,36.08,36.078,1,1
1631632688,36.08,36.08,36.07,36.08,36.08,0,0
1631632689,36.08,36.08,36.07,36.08,36.08,0,0
1631632690,36.08,36.08,36.07,36.08,36.08,0,0
1631632691,36.08,36.08,36.07,36.08,36.08,0,0
1631632692,36.08,36.08,36.07,36.08,36.08,0,0
1631632693,36.08,36.08,36.07,36.08,36.08,0,0
1631632694,36.08,36.08,36.07,36.08,36.08,0,0
1631632695,36.08,36.08,36.07,36.08,36.08,0,0
1631632696,36.08,36.08,36.07,36.08,36.08,0,0
1631632697,36.08,36.08,36.07,36.08,36.08,0,0
1631632698,36.08,36.08,36.07,36.08,36.08,0,0
1631632699,36.09,36.09,36.08,36.09,36.085,2,1
1631632700,36.09,36.09,36.08,36.09,36.09,0,0
1631632701,36.09,36.09,36.08,36.09,36.09,0,0
1631632702,36.09,36.09,36.08,36.09,36.09,0,0
1631632703,36.09,36.09,36.08,36.09,36.09,0,0
1631632704,36.1,36.1,36.09,36.1,36.097,5,1
1631632705,36.1,36.1,36.09,36.1,36.1,0,0
1631632706,36.1,36.1,36.09,36.1,36.1,0,0
1631632707,36.1,36.1,36.09,36.1,36.1,0,0
1631632708,36.1,36.1,36.09,36.1,36.1,0,0
1631632709,36.1,36.1,36.09,36.1,36.1,0,0
1631632710,36.1,36.1,36.09,36.1,36.1,0,0
1631632711,36.08,36.08,36.08,36.08,36.08,1,1
1631632712,36.08,36.08,36.08,36.08,36.08,0,0
1631632713,36.08,36.08,36.08,36.08,36.08,0,0
1631632714,36.08,36.08,36.08,36.08,36.08,0,0
1631632715,36.08,36.08,36.08,36.08,36.08,0,0
1631632716,36.09,36.1,36.09,36.09,36.092,1,1
1631632717,36.11,36.11,36.1,36.11,36.105,5,1
1631632718,36.11,36.11,36.1,36.11,36.11,0,0
1631632719,36.12,36.12,36.11,36.11,36.115,5,2
1631632720,36.11,36.11,36.11,36.11,36.11,0,0
1631632721,36.11,36.11,36.11,36.11,36.11,0,0
1631632722,36.12,36.12,36.12,36.12,36.12,1,1
1631632723,36.12,36.12,36.12,36.12,36.12,0,0
1631632724,36.12,36.12,36.12,36.12,36.12,0,0
1631632725,36.12,36.12,36.12,36.12,36.12,0,0
1631632726,36.11,36.11,36.11,36.11,36.11,1,1
1631632727,36.11,36.11,36.11,36.11,36.11,0,0
1631632728,36.11,36.11,36.11,36.11,36.11,0,0
1631632729,36.12,36.12,36.12,36.12,36.12,2,1
1631632730,36.12,36.12,36.12,36.12,36.12,0,0
1631632731,36.12,36.12,36.12,36.12,36.12,0,0
1631632732,36.12,36.12,36.12,36.12,36.12,0,0
1631632733,36.12,36.12,36.12,36.12,36.12,0,0
1631632734,36.13,36.13,36.13,36.13,36.13,4,1
1631632735,36.13,36.13,36.13,36.13,36.13,0,0
1631632736,36.13,36.13,36.13,36.13,36.13,0,0
1631632737,36.13,36.13,36.13,36.13,36.13,0,0
1631632738,36.13,36.15,36.13,36.14,36.132,8,2
1631632739,36.14,36.15,36.14,36.14,36.14,0,0
1631632740,36.14,36.15,36.14,36.14,36.14,0,0
1631632741,36.14,36.14,36.13,36.14,36.139,10,1
1631632742,36.13,36.13,36.13,36.13,36.13,1,1
1631632743,36.13,36.13,36.13,36.13,36.13,0,0
1631632744,36.15,36.15,36.15,36.15,36.15,1,1
1631632745,36.15,36.15,36.15,36.15,36.15,0,0
1631632746,36.15,36.15,36.15,36.15,36.15,0,0
1631632747,36.15,36.15,36.15,36.15,36.15,0,0
1631632748,36.15,36.15,36.15,36.15,36.15,0,0
1631632749,36.15,36.15,36.15,36.15,36.15,0,0
1631632750,36.16,36.16,36.15,36.16,36.157,10,1
1631632751,36.16,36.16,36.15,36.16,36.16,0,0
1631632752,36.16,36.16,36.15,36.16,36.16,0,0
1631632753,36.16,36.16,36.15,36.16,36.16,0,0
1631632754,36.16,36.16,36.15,36.16,36.16,0,0
1631632755,36.15,36.17,36.15,36.16,36.157,12,7
1631632756,36.16,36.16,36.16,36.16,36.16,0,0
1631632757,36.16,36.16,36.16,36.16,36.16,0,0
1631632758,36.16,36.16,36.16,36.16,36.16,0,0
1631632759,36.16,36.17,36.16,36.16,36.165,1,1
1631632760,36.16,36.17,36.16,36.16,36.16,0,0
1631632761,36.16,36.17,36.16,36.16,36.16,0,0
1631632762,36.16,36.17,36.16,36.16,36.16,0,0
1631632763,36.16,36.17,36.16,36.16,36.16,0,0
1631632764,36.17,36.17,36.16,36.17,36.165,63,1
1631632765,36.18,36.18,36.17,36.18,36.18,2,1
1631632766,36.18,36.18,36.17,36.18,36.18,0,0
1631632767,36.18,36.18,36.17,36.18,36.18,0,0
1631632768,36.17,36.18,36.16,36.16,36.177,15,5
1631632769,36.16,36.16,36.16,36.16,36.16,0,0
1631632770,36.16,36.16,36.16,36.16,36.16,0,0
1631632771,36.18,36.18,36.18,36.18,36.18,1,1
1631632772,36.18,36.18,36.18,36.18,36.18,0,0
1631632773,36.18,36.18,36.18,36.18,36.18,0,0
1631632774,36.18,36.18,36.18,36.18,36.18,0,0
1631632775,36.18,36.18,36.17,36.18,36.175,11,1
1631632776,36.18,36.18,36.17,36.18,36.18,0,0
1631632777,36.19,36.19,36.18,36.19,36.187,5,1
1631632778,36.19,36.19,36.18,36.19,36.19,0,0
1631632779,36.19,36.19,36.18,36.19,36.19,0,0
1631632780,36.19,36.19,36.18,36.19,36.19,0,0
1631632781,36.18,36.18,36.17,36.18,36.175,63,1
1631632782,36.19,36.21,36.18,36.21,36.197,96,17
1631632783,36.21,36.21,36.21,36.21,36.21,0,0
1631632784,36.2,36.22,36.2,36.22,36.212,10,7
1631632785,36.23,36.23,36.23,36.23,36.23,1,1
1631632786,36.22,36.22,36.22,36.22,36.22,1,1
1631632787,36.22,36.22,36.22,36.22,36.22,0,0
1631632788,36.22,36.22,36.22,36.22,36.22,0,0
1631632789,36.22,36.22,36.21,36.21,36.216,40,17
1631632790,36.21,36.21,36.21,36.21,36.21,3,3
1631632791,36.21,36.21,36.21,36.21,36.21,5,1
1631632792,36.2,36.21,36.2,36.2,36.202,13,10
1631632793,36.2,36.2,36.2,36.2,36.2,0,0
1631632794,36.2,36.2,36.2,36.2,36.2,0,0
1631632795,36.2,36.2,36.2,36.2,36.2,0,0
1631632796,36.2,36.2,36.2,36.2,36.2,0,0
1631632797,36.2,36.2,36.2,36.2,36.2,0,0
1631632798,36.2,36.2,36.2,36.2,36.2,0,0
1631632799,36.2,36.2,36.2,36.2,36.2,0,0
1631632800,36.21,36.21,36.19,36.2,36.205,3,2
1631632801,36.2,36.2,36.19,36.2,36.2,0,0
1631632802,36.2,36.2,36.19,36.2,36.2,0,0
1631632803,36.2,36.2,36.19,36.2,36.2,0,0
1631632804,36.22,36.22,36.22,36.22,36.22,7,7
1631632805,36.21,36.21,36.21,36.21,36.21,3,2
1631632806,36.22,36.22,36.22,36.22,36.22,5,1
1631632807,36.22,36.22,36.22,36.22,36.22,0,0
1631632808,36.22,36.22,36.22,36.22,36.22,0,0
1631632809,36.21,36.21,36.2,36.2,36.201,16,4
1631632810,36.2,36.2,36.2,36.2,36.2,0,0
1631632811,36.2,36.2,36.2,36.2,36.2,0,0
1631632812,36.2,36.2,36.2,36.2,36.2,0,0
1631632813,36.2,36.2,36.2,36.2,36.2,0,0
1631632814,36.2,36.2,36.2,36.2,36.2,0,0
1631632815,36.2,36.2,36.2,36.2,36.2,0,0
1631632816,36.2,36.2,36.2,36.2,36.2,0,0
1631632817,36.23,36.23,36.23,36.23,36.23,2,2
1631632818,36.23,36.23,36.23,36.23,36.23,0,0
1631632819,36.23,36.23,36.23,36.23,36.23,0,0
1631632820,36.23,36.23,36.23,36.23,36.23,0,0
1631632821,36.21,36.23,36.21,36.21,36.211,45,5
1631632822,36.21,36.21,36.21,36.21,36.21,0,0
1631632823,36.21,36.21,36.21,36.21,36.21,0,0
1631632824,36.21,36.21,36.21,36.21,36.21,0,0
1631632825,36.21,36.21,36.21,36.21,36.21,2,1
1631632826,36.21,36.21,36.21,36.21,36.21,0,0
1631632827,36.23,36.23,36.22,36.23,36.23,4,3
1631632828,36.23,36.23,36.22,36.23,36.23,0,0
1631632829,36.23,36.23,36.22,36.23,36.23,0,0
1631632830,36.2,36.21,36.19,36.21,36.201,15,2
1631632831,36.19,36.19,36.19,36.19,36.19,1,1
1631632832,36.19,36.19,36.19,36.19,36.19,0,0
1631632833,36.19,36.19,36.19,36.19,36.19,0,0
1631632834,36.19,36.19,36.19,36.19,36.19,0,0
1631632835,36.22,36.23,36.22,36.23,36.228,4,4
1631632836,36.23,36.23,36.23,36.23,36.23,0,0
1631632837,36.23,36.23,36.23,36.23,36.23,0,0
1631632838,36.2,36.26,36.2,36.26,36.247,30,14
1631632839,36.25,36.25,36.25,36.25,36.25,6,3
1631632840,36.24,36.24,36.23,36.23,36.233,10,2
1631632841,36.23,36.23,36.23,36.23,36.23,0,0
1631632842,36.23,36.23,36.23,36.23,36.23,0,0
1631632843,36.23,36.23,36.23,36.23,36.23,0,0
1631632844,36.23,36.24,36.22,36.22,36.23,12,8
1631632845,36.22,36.22,36.22,36.22,36.22,0,0
1631632846,36.22,36.22,36.22,36.22,36.22,0,0
1631632847,36.22,36.22,36.22,36.22,36.22,0,0
1631632848,36.22,36.22,36.22,36.22,36.22,0,0
1631632849,36.22,36.22,36.22,36.22,36.22,0,0
1631632850,36.22,36.22,36.22,36.22,36.22,0,0
1631632851,36.22,36.22,36.22,36.22,36.22,0,0
1631632852,36.22,36.22,36.22,36.22,36.22,0,0
1631632853,36.22,36.22,36.22,36.22,36.22,0,0
1631632854,36.19,36.19,36.15,36.15,36.163,257,29
1631632855,36.21,36.21,36.19,36.19,36.197,6,2
1631632856,36.19,36.2,36.19,36.19,36.19,0,0
1631632857,36.19,36.2,36.19,36.19,36.19,0,0
1631632858,36.19,36.2,36.19,36.19,36.19,0,0
1631632859,36.19,36.2,36.19,36.19,36.19,0,0
1631632860,36.18,36.19,36.18,36.18,36.182,2,1
1631632861,36.18,36.19,36.18,36.18,36.18,0,0
1631632862,36.18,36.19,36.18,36.18,36.18,0,0
1631632863,36.16,36.16,36.14,36.14,36.158,19,4
1631632864,36.17,36.18,36.17,36.17,36.174,1,1
1631632865,36.16,36.18,36.16,36.18,36.165,4,2
1631632866,36.18,36.18,36.17,36.18,36.18,0,0
1631632867,36.18,36.18,36.17,36.18,36.18,0,0
1631632868,36.18,36.18,36.17,36.18,36.18,0,0
1631632869,36.18,36.18,36.17,36.18,36.18,0,0
1631632870,36.19,36.21,36.19,36.19,36.194,14,12
1631632871,36.21,36.21,36.21,36.21,36.21,1,1
1631632872,36.21,36.21,36.21,36.21,36.21,0,0
1631632873,36.21,36.21,36.21,36.21,36.21,0,0
1631632874,36.18,36.19,36.18,36.18,36.185,5,1
1631632875,36.18,36.19,36.18,36.18,36.18,0,0
1631632876,36.18,36.19,36.18,36.18,36.18,0,0
1631632877,36.23,36.23,36.23,36.23,36.23,10,1
1631632878,36.23,36.23,36.23,36.23,36.23,0,0
1631632879,36.23,36.23,36.23,36.23,36.23,0,0
1631632880,36.2,36.2,36.2,36.2,36.2,20,1
1631632881,36.23,36.23,36.22,36.23,36.23,5,1
1631632882,36.23,36.23,36.22,36.23,36.23,0,0
1631632883,36.23,36.23,36.22,36.23,36.225,2,1
1631632884,36.22,36.23,36.21,36.23,36.229,31,2
1631632885,36.23,36.23,36.22,36.23,36.23,0,0
1631632886,36.23,36.23,36.22,36.23,36.23,0,0
1631632887,36.23,36.23,36.22,36.23,36.23,0,0
1631632888,36.23,36.23,36.22,36.23,36.229,5,1
1631632889,36.22,36.22,36.21,36.22,36.215,1,1
1631632890,36.22,36.22,36.22,36.22,36.22,1,1
1631632891,36.22,36.22,36.22,36.22,36.22,0,0
1631632892,36.22,36.22,36.22,36.22,36.22,0,0
1631632893,36.22,36.22,36.22,36.22,36.22,0,0
1631632894,36.23,36.23,36.22,36.23,36.23,1,1
1631632895,36.23,36.23,36.22,36.23,36.23,0,0
1631632896,36.23,36.23,36.22,36.23,36.23,0,0
1631632897,36.23,36.23,36.22,36.23,36.23,0,0
1631632898,36.22,36.23,36.21,36.23,36.223,4,2
1631632899,36.23,36.23,36.23,36.23,36.23,0,0
1631632900,36.23,36.23,36.23,36.23,36.23,0,0
1631632901,36.23,36.23,36.23,36.23,36.23,0,0
1631632902,36.23,36.23,36.23,36.23,36.23,0,0
1631632903,36.23,36.23,36.23,36.23,36.23,0,0
1631632904,36.22,36.22,36.2,36.2,36.214,31,12
1631632905,36.2,36.2,36.2,36.2,36.2,0,0
1631632906,36.22,36.22,36.21,36.22,36.215,1,1
1631632907,36.22,36.22,36.21,36.22,36.22,0,0
1631632908,36.18,36.18,36.12,36.12,36.167,38,14
1631632909,36.17,36.17,36.13,36.14,36.14,11,2
1631632910,36.18,36.18,36.12,36.12,36.153,10,5
1631632911,36.14,36.14,36.14,36.14,36.14,6,2
1631632912,36.15,36.19,36.12,36.19,36.154,11,7
1631632913,36.19,36.19,36.18,36.19,36.19,0,0
1631632914,36.18,36.19,36.18,36.18,36.182,1,1
1631632915,36.18,36.19,36.18,36.18,36.18,0,0
1631632916,36.16,36.17,36.16,36.16,36.165,2,1
1631632917,36.15,36.15,36.15,36.15,36.15,5,3
1631632918,36.15,36.15,36.15,36.15,36.15,0,0
1631632919,36.15,36.15,36.15,36.15,36.15,0,0
1631632920,36.15,36.15,36.15,36.15,36.15,0,0
1631632921,36.15,36.15,36.15,36.15,36.15,0,0
1631632922,36.15,36.15,36.15,36.15,36.15,0,0
1631632923,36.14,36.15,36.14,36.15,36.149,44,5
1631632924,36.15,36.15,36.15,36.15,36.15,0,0
1631632925,36.12,36.12,36.12,36.12,36.12,1,1
1631632926,36.12,36.12,36.12,36.12,36.12,0,0
1631632927,36.13,36.13,36.12,36.12,36.125,2,2
1631632928,36.12,36.13,36.12,36.12,36.12,0,0
1631632929,36.14,36.14,36.14,36.14,36.14,1,1
1631632930,36.14,36.14,36.14,36.14,36.14,0,0
1631632931,36.13,36.13,36.12,36.13,36.124,9,7
1631632932,36.13,36.13,36.13,36.13,36.13,0,0
1631632933,36.13,36.13,36.13,36.13,36.13,0,0
1631632934,36.13,36.13,36.13,36.13,36.13,0,0
1631632935,36.13,36.13,36.13,36.13,36.13,0,0
1631632936,36.13,36.13,36.13,36.13,36.13,0,0
1631632937,36.15,36.15,36.14,36.15,36.146,5,1
1631632938,36.15,36.15,36.14,36.15,36.15,0,0
1631632939,36.15,36.15,36.14,36.15,36.15,0,0
1631632940,36.15,36.15,36.14,36.15,36.15,0,0
1631632941,36.15,36.15,36.14,36.15,36.15,0,0
1631632942,36.13,36.13,36.13,36.13,36.13,1,1
1631632943,36.13,36.13,36.13,36.13,36.13,0,0
1631632944,36.13,36.13,36.13,36.13,36.13,0,0
1631632945,36.13,36.13,36.13,36.13,36.13,0,0
1631632946,36.13,36.13,36.13,36.13,36.13,1,1
1631632947,36.13,36.13,36.13,36.13,36.13,0,0
1631632948,36.13,36.13,36.13,36.13,36.13,0,0
1631632949,36.13,36.13,36.13,36.13,36.13,0,0
1631632950,36.14,36.14,36.13,36.14,36.14,9,1
1631632951,36.14,36.14,36.13,36.14,36.14,0,0
1631632952,36.14,36.14,36.13,36.14,36.14,0,0
1631632953,36.14,36.14,36.13,36.14,36.14,0,0
1631632954,36.14,36.14,36.14,36.14,36.14,2,1
1631632955,36.14,36.14,36.14,36.14,36.14,0,0
1631632956,36.14,36.14,36.14,36.14,36.14,0,0
1631632957,36.14,36.14,36.14,36.14,36.14,0,0
1631632958,36.14,36.14,36.14,36.14,36.14,0,0
1631632959,36.13,36.14,36.12,36.13,36.13,11,2
1631632960,36.13,36.14,36.13,36.13,36.13,0,0
1631632961,36.13,36.14,36.13,36.13,36.13,0,0
1631632962,36.13,36.14,36.13,36.13,36.13,0,0
1631632963,36.13,36.14,36.13,36.13,36.13,0,0
1631632964,36.13,36.14,36.13,36.13,36.13,0,0
1631632965,36.13,36.14,36.13,36.13,36.13,0,0
1631632966,36.13,36.14,36.13,36.13,36.13,0,0
1631632967,36.13,36.14,36.13,36.13,36.13,0,0
1631632968,36.13,36.14,36.13,36.13,36.13,0,0
1631632969,36.13,36.14,36.13,36.13,36.13,0,0
1631632970,36.13,36.14,36.13,36.13,36.13,0,0
1631632971,36.13,36.14,36.13,36.13,36.13,0,0
1631632972,36.13,36.14,36.13,36.13,36.13,0,0
1631632973,36.13,36.14,36.13,36.13,36.13,0,0
1631632974,36.13,36.14,36.13,36.13,36.13,0,0
1631632975,36.13,36.14,36.13,36.13,36.13,0,0
1631632976,36.13,36.14,36.13,36.13,36.13,0,0
1631632977,36.14,36.14,36.13,36.14,36.136,2,1
1631632978,36.14,36.14,36.13,36.14,36.14,0,0
1631632979,36.14,36.14,36.13,36.14,36.14,0,0
1631632980,36.12,36.13,36.12,36.12,36.125,2,1
1631632981,36.12,36.13,36.12,36.12,36.12,0,0
1631632982,36.11,36.11,36.1,36.1,36.103,3,2
1631632983,36.1,36.1,36.1,36.1,36.1,0,0
1631632984,36.1,36.1,36.1,36.1,36.1,0,0
1631632985,36.1,36.1,36.1,36.1,36.1,0,0
1631632986,36.08,36.11,36.08,36.08,36.085,15,5
1631632987,36.09,36.09,36.09,36.09,36.09,1,1
1631632988,36.09,36.09,36.09,36.09,36.09,0,0
1631632989,36.09,36.09,36.09,36.09,36.09,0,0
1631632990,36.09,36.09,36.09,36.09,36.09,0,0
1631632991,36.09,36.09,36.09,36.09,36.09,0,0
1631632992,36.09,36.09,36.09,36.09,36.09,0,0
1631632993,36.08,36.08,36.06,36.06,36.073,6,6
1631632994,36.08,36.08,36.07,36.08,36.079,10,1
1631632995,36.09,36.09,36.09,36.09,36.09,30,1
1631632996,36.09,36.09,36.09,36.09,36.09,0,0
1631632997,36.09,36.09,36.09,36.09,36.09,0,0
1631632998,36.09,36.12,36.09,36.09,36.103,5,4
1631632999,36.09,36.09,36.09,36.09,36.09,0,0
1631633000,36.09,36.09,36.09,36.09,36.09,0,0
1631633001,36.09,36.09,36.09,36.09,36.09,0,0
1631633002,36.09,36.09,36.09,36.09,36.09,0,0
1631633003,36.14,36.14,36.14,36.14,36.14,4,4
1631633004,36.14,36.14,36.14,36.14,36.14,1,1
1631633005,36.14,36.14,36.14,36.14,36.14,0,0
1631633006,36.14,36.14,36.14,36.14,36.14,0,0
1631633007,36.15,36.15,36.15,36.15,36.15,2,1
1631633008,36.15,36.15,36.15,36.15,36.15,0,0
1631633009,36.15,36.15,36.15,36.15,36.15,0,0
1631633010,36.15,36.15,36.15,36.15,36.15,2,1
1631633011,36.16,36.16,36.15,36.16,36.155,2,1
1631633012,36.15,36.15,36.15,36.15,36.15,1,1
1631633013,36.15,36.15,36.15,36.15,36.15,0,0
1631633014,36.17,36.17,36.14,36.14,36.148,5,2
1631633015,36.14,36.15,36.14,36.14,36.14,0,0
1631633016,36.14,36.15,36.14,36.14,36.14,0,0
1631633017,36.14,36.15,36.14,36.14,36.14,0,0
1631633018,36.14,36.15,36.14,36.14,36.14,0,0
1631633019,36.14,36.15,36.14,36.14,36.14,0,0
1631633020,36.14,36.15,36.14,36.14,36.14,0,0
1631633021,36.14,36.15,36.14,36.14,36.14,0,0
1631633022,36.14,36.15,36.14,36.14,36.14,0,0
1631633023,36.14,36.15,36.14,36.14,36.14,0,0
1631633024,36.14,36.15,36.14,36.14,36.14,0,0
1631633025,36.14,36.15,36.14,36.14,36.14,0,0
1631633026,36.15,36.15,36.15,36.15,36.15,5,1
1631633027,36.17,36.17,36.17,36.17,36.17,6,6
1631633028,36.17,36.17,36.17,36.17,36.17,0,0
1631633029,36.17,36.17,36.17,36.17,36.17,0,0
1631633030,36.17,36.17,36.17,36.17,36.17,0,0
1631633031,36.17,36.17,36.17,36.17,36.17,0,0
1631633032,36.17,36.17,36.17,36.17,36.17,0,0
1631633033,36.17,36.17,36.17,36.17,36.17,0,0
1631633034,36.17,36.17,36.17,36.17,36.17,0,0
1631633035,36.17,36.17,36.17,36.17,36.17,40,1
1631633036,36.19,36.19,36.19,36.19,36.19,1,1
1631633037,36.2,36.21,36.2,36.2,36.204,1,1
1631633038,36.2,36.21,36.2,36.2,36.2,0,0
1631633039,36.2,36.2,36.19,36.2,36.195,1,1
1631633040,36.2,36.2,36.19,36.2,36.2,0,0
1631633041,36.2,36.2,36.19,36.2,36.2,0,0
1631633042,36.2,36.2,36.19,36.2,36.2,0,0
1631633043,36.19,36.19,36.18,36.19,36.185,8,1
1631633044,36.19,36.19,36.18,36.19,36.19,0,0
1631633045,36.19,36.19,36.18,36.19,36.19,0,0
1631633046,36.19,36.19,36.18,36.19,36.19,0,0
1631633047,36.19,36.19,36.18,36.19,36.19,0,0
1631633048,36.19,36.19,36.18,36.19,36.19,0,0
1631633049,36.19,36.19,36.18,36.19,36.19,0,0
1631633050,36.19,36.19,36.18,36.19,36.19,0,0
1631633051,36.22,36.22,36.21,36.22,36.22,1,1
1631633052,36.22,36.22,36.21,36.22,36.22,0,0
1631633053,36.22,36.22,36.21,36.21,36.216,2,2
1631633054,36.2,36.2,36.19,36.2,36.195,1,1
1631633055,36.2,36.2,36.19,36.2,36.2,0,0
1631633056,36.2,36.2,36.19,36.2,36.2,0,0
1631633057,36.2,36.2,36.19,36.2,36.2,0,0
1631633058,36.2,36.2,36.19,36.2,36.2,0,0
1631633059,36.18,36.18,36.14,36.14,36.162,42,25
1631633060,36.14,36.14,36.14,36.14,36.14,0,0
1631633061,36.14,36.14,36.14,36.14,36.14,0,0
1631633062,36.17,36.17,36.17,36.17,36.17,13,1
1631633063,36.17,36.17,36.17,36.17,36.17,0,0
1631633064,36.17,36.17,36.17,36.17,36.17,0,0
1631633065,36.17,36.17,36.17,36.17,36.17,0,0
1631633066,36.17,36.17,36.17,36.17,36.17,0,0
1631633067,36.21,36.21,36.21,36.21,36.21,10,1
1631633068,36.21,36.21,36.21,36.21,36.21,0,0
1631633069,36.21,36.21,36.21,36.21,36.21,0,0
1631633070,36.21,36.21,36.21,36.21,36.21,0,0
1631633071,36.21,36.21,36.21,36.21,36.21,0,0
1631633072,36.21,36.21,36.21,36.21,36.21,0,0
1631633073,36.21,36.21,36.21,36.21,36.21,0,0
1631633074,36.21,36.21,36.21,36.21,36.21,0,0
1631633075,36.21,36.21,36.21,36.21,36.21,0,0
1631633076,36.21,36.21,36.21,36.21,36.21,0,0
1631633077,36.21,36.21,36.21,36.21,36.21,0,0
1631633078,36.21,36.21,36.21,36.21,36.21,0,0
1631633079,36.22,36.22,36.22,36.22,36.22,1,1
1631633080,36.22,36.22,36.22,36.22,36.22,0,0
1631633081,36.22,36.22,36.22,36.22,36.22,0,0
1631633082,36.22,36.22,36.22,36.22,36.22,0,0
1631633083,36.22,36.22,36.22,36.22,36.22,0,0
1631633084,36.22,36.22,36.22,36.22,36.22,0,0
1631633085,36.23,36.25,36.23,36.25,36.232,34,6
1631633086,36.25,36.25,36.25,36.25,36.25,0,0
1631633087,36.25,36.25,36.25,36.25,36.25,0,0
1631633088,36.25,36.25,36.25,36.25,36.25,0,0
1631633089,36.25,36.25,36.25,36.25,36.25,0,0
1631633090,36.24,36.24,36.24,36.24,36.24,5,1
1631633091,36.24,36.24,36.24,36.24,36.24,0,0
1631633092,36.24,36.24,36.24,36.24,36.24,0,0
1631633093,36.24,36.25,36.24,36.24,36.244,15,1
1631633094,36.24,36.25,36.24,36.24,36.24,0,0
1631633095,36.24,36.25,36.24,36.24,36.24,0,0
1631633096,36.24,36.25,36.24,36.24,36.24,0,0
1631633097,36.26,36.26,36.25,36.26,36.26,3,1
1631633098,36.26,36.26,36.25,36.26,36.26,0,0
1631633099,36.26,36.26,36.25,36.26,36.26,0,0
1631633100,36.24,36.24,36.24,36.24,36.24,5,1
1631633101,36.24,36.24,36.24,36.24,36.24,0,0
1631633102,36.24,36.24,36.24,36.24,36.24,1,1
1631633103,36.22,36.22,36.19,36.19,36.205,20,11
1631633104,36.19,36.19,36.19,36.19,36.19,0,0
1631633105,36.19,36.19,36.19,36.19,36.19,0,0
1631633106,36.19,36.2,36.19,36.19,36.194,5,4
1631633107,36.2,36.21,36.2,36.2,36.203,4,1
1631633108,36.2,36.21,36.2,36.2,36.2,0,0
1631633109,36.19,36.19,36.19,36.19,36.19,1,1
1631633110,36.19,36.19,36.19,36.19,36.19,0,0
1631633111,36.19,36.19,36.19,36.19,36.19,0,0
1631633112,36.19,36.19,36.19,36.19,36.19,0,0
1631633113,36.19,36.19,36.19,36.19,36.19,0,0
1631633114,36.19,36.19,36.19,36.19,36.19,0,0
1631633115,36.19,36.19,36.19,36.19,36.19,0,0
1631633116,36.19,36.19,36.19,36.19,36.19,0,0
1631633117,36.19,36.19,36.19,36.19,36.19,0,0
1631633118,36.19,36.19,36.19,36.19,36.19,0,0
1631633119,36.2,36.21,36.2,36.2,36.203,6,1
1631633120,36.19,36.19,36.19,36.19,36.19,15,1
1631633121,36.21,36.22,36.21,36.22,36.219,20,9
1631633122,36.22,36.22,36.21,36.22,36.22,0,0
1631633123,36.22,36.22,36.22,36.22,36.22,19,3
1631633124,36.23,36.24,36.23,36.23,36.234,20,1
1631633125,36.24,36.25,36.24,36.25,36.246,8,3
1631633126,36.26,36.26,36.25,36.26,36.258,1,1
1631633127,36.26,36.26,36.25,36.26,36.26,0,0
1631633128,36.24,36.24,36.24,36.24,36.24,15,1
1631633129,36.26,36.26,36.24,36.24,36.251,11,6
1631633130,36.26,36.26,36.25,36.26,36.255,15,1
1631633131,36.26,36.26,36.25,36.26,36.26,0,0
1631633132,36.26,36.26,36.25,36.26,36.26,0,0
1631633133,36.26,36.26,36.25,36.26,36.26,0,0
1631633134,36.23,36.23,36.23,36.23,36.23,10,1
1631633135,36.23,36.23,36.22,36.22,36.225,11,8
1631633136,36.22,36.22,36.22,36.22,36.22,0,0
1631633137,36.22,36.22,36.22,36.22,36.22,0,0
1631633138,36.22,36.22,36.22,36.22,36.22,0,0
1631633139,36.22,36.22,36.22,36.22,36.22,0,0
1631633140,36.22,36.22,36.22,36.22,36.22,0,0
1631633141,36.22,36.22,36.22,36.22,36.22,0,0
1631633142,36.22,36.22,36.22,36.22,36.22,0,0
1631633143,36.22,36.22,36.22,36.22,36.22,0,0
1631633144,36.22,36.22,36.22,36.22,36.22,0,0
1631633145,36.22,36.22,36.22,36.22,36.22,0,0
1631633146,36.23,36.23,36.23,36.23,36.23,5,1
1631633147,36.23,36.23,36.23,36.23,36.23,4,2
1631633148,36.23,36.23,36.23,36.23,36.23,0,0
1631633149,36.23,36.23,36.23,36.23,36.23,0,0
1631633150,36.23,36.23,36.23,36.23,36.23,6,2
1631633151,36.23,36.23,36.23,36.23,36.23,0,0
1631633152,36.23,36.23,36.23,36.23,36.23,0,0
1631633153,36.23,36.23,36.23,36.23,36.23,0,0
1631633154,36.23,36.23,36.23,36.23,36.23,0,0
1631633155,36.25,36.25,36.25,36.25,36.25,1,1
1631633156,36.23,36.23,36.23,36.23,36.23,9,1
1631633157,36.23,36.23,36.23,36.23,36.23,0,0
1631633158,36.23,36.23,36.23,36.23,36.23,0,0
1631633159,36.27,36.27,36.27,36.27,36.27,2,1
1631633160,36.27,36.27,36.27,36.27,36.27,0,0
1631633161,36.27,36.27,36.27,36.27,36.27,0,0
1631633162,36.27,36.27,36.27,36.27,36.27,0,0
1631633163,36.27,36.27,36.27,36.27,36.27,0,0
1631633164,36.27,36.27,36.27,36.27,36.27,0,0
1631633165,36.23,36.23,36.21,36.21,36.212,20,3
1631633166,36.21,36.22,36.21,36.21,36.21,0,0
1631633167,36.22,36.22,36.22,36.22,36.22,1,1
1631633168,36.22,36.22,36.22,36.22,36.22,0,0
1631633169,36.25,36.25,36.24,36.25,36.25,5,1
1631633170,36.25,36.25,36.24,36.25,36.25,0,0
1631633171,36.25,36.25,36.24,36.25,36.25,0,0
1631633172,36.19,36.19,36.18,36.18,36.185,2,2
1631633173,36.18,36.18,36.18,36.18,36.18,0,0
1631633174,36.18,36.18,36.18,36.18,36.18,0,0
1631633175,36.18,36.18,36.18,36.18,36.18,0,0
1631633176,36.18,36.18,36.18,36.18,36.18,0,0
1631633177,36.18,36.18,36.18,36.18,36.18,0,0
1631633178,36.18,36.18,36.18,36.18,36.18,0,0
1631633179,36.2,36.2,36.19,36.2,36.197,1,1
1631633180,36.2,36.2,36.19,36.2,36.2,0,0
1631633181,36.22,36.23,36.22,36.23,36.224,18,11
1631633182,36.23,36.23,36.23,36.23,36.23,0,0
1631633183,36.24,36.25,36.24,36.24,36.243,1,1
1631633184,36.24,36.25,36.24,36.24,36.24,0,0
1631633185,36.24,36.25,36.24,36.24,36.24,0,0
1631633186,36.24,36.25,36.24,36.24,36.24,0,0
1631633187,36.24,36.25,36.24,36.24,36.24,0,0
1631633188,36.24,36.25,36.24,36.24,36.24,0,0
1631633189,36.23,36.23,36.23,36.23,36.23,1,1
1631633190,36.23,36.23,36.23,36.23,36.23,0,0
1631633191,36.23,36.23,36.23,36.23,36.23,0,0
1631633192,36.23,36.23,36.23,36.23,36.23,0,0
1631633193,36.23,36.23,36.23,36.23,36.23,0,0
1631633194,36.22,36.23,36.16,36.16,36.204,11,7
1631633195,36.16,36.16,36.16,36.16,36.16,0,0
1631633196,36.19,36.19,36.15,36.15,36.158,22,9
1631633197,36.15,36.16,36.15,36.15,36.15,0,0
1631633198,36.15,36.15,36.15,36.15,36.15,1,1
1631633199,36.15,36.15,36.15,36.15,36.15,0,0
1631633200,36.15,36.15,36.15,36.15,36.15,0,0
1631633201,36.17,36.17,36.17,36.17,36.17,1,1
1631633202,36.19,36.19,36.19,36.19,36.19,2,1
1631633203,36.15,36.15,36.15,36.15,36.15,1,1
1631633204,36.17,36.17,36.16,36.17,36.168,1,1
1631633205,36.17,36.17,36.16,36.17,36.17,0,0
1631633206,36.17,36.17,36.16,36.17,36.17,0,0
1631633207,36.17,36.17,36.16,36.17,36.17,0,0
1631633208,36.17,36.17,36.16,36.17,36.17,0,0
1631633209,36.17,36.17,36.16,36.17,36.17,0,0
1631633210,36.17,36.17,36.16,36.17,36.17,0,0
1631633211,36.17,36.17,36.16,36.17,36.17,0,0
1631633212,36.17,36.17,36.16,36.17,36.17,0,0
1631633213,36.17,36.17,36.16,36.17,36.17,0,0
1631633214,36.15,36.15,36.15,36.15,36.15,2,2
1631633215,36.11,36.11,36.11,36.11,36.11,1,1
1631633216,36.11,36.11,36.11,36.11,36.11,0,0
1631633217,36.11,36.11,36.11,36.11,36.11,0,0
1631633218,36.11,36.11,36.11,36.11,36.11,0,0
1631633219,36.13,36.13,36.11,36.12,36.12,5,5
1631633220,36.12,36.12,36.12,36.12,36.12,0,0
1631633221,36.12,36.12,36.12,36.12,36.12,0,0
1631633222,36.12,36.12,36.12,36.12,36.12,0,0
1631633223,36.1,36.1,36.09,36.1,36.094,6,5
1631633224,36.09,36.1,36.09,36.1,36.098,12,3
1631633225,36.1,36.1,36.1,36.1,36.1,0,0
1631633226,36.1,36.1,36.1,36.1,36.1,0,0
1631633227,36.1,36.1,36.1,36.1,36.1,0,0
1631633228,36.13,36.13,36.12,36.13,36.127,1,1
1631633229,36.13,36.13,36.12,36.13,36.13,0,0
1631633230,36.13,36.13,36.12,36.13,36.13,0,0
1631633231,36.13,36.13,36.13,36.13,36.13,13,1
1631633232,36.13,36.13,36.13,36.13,36.13,0,0
1631633233,36.11,36.11,36.1,36.11,36.108,1,1
1631633234,36.11,36.11,36.1,36.11,36.11,0,0
1631633235,36.11,36.11,36.1,36.11,36.11,0,0
1631633236,36.11,36.11,36.1,36.11,36.11,0,0
1631633237,36.16,36.16,36.15,36.16,36.16,1,1
1631633238,36.13,36.13,36.13,36.13,36.13,1,1
1631633239,36.13,36.13,36.13,36.13,36.13,0,0
1631633240,36.13,36.13,36.13,36.13,36.13,0,0
1631633241,36.13,36.13,36.13,36.13,36.13,0,0
1631633242,36.1,36.1,36.1,36.1,36.1,4,3
1631633243,36.1,36.1,36.1,36.1,36.1,0,0
1631633244,36.11,36.12,36.11,36.11,36.114,9,1
1631633245,36.11,36.12,36.11,36.11,36.11,0,0
1631633246,36.13,36.13,36.13,36.13,36.13,3,1
1631633247,36.13,36.13,36.13,36.13,36.13,0,0
1631633248,36.13,36.13,36.13,36.13,36.13,0,0
1631633249,36.13,36.13,36.13,36.13,36.13,0,0
1631633250,36.11,36.11,36.1,36.11,36.107,6,2
1631633251,36.11,36.11,36.11,36.11,36.11,0,0
1631633252,36.11,36.12,36.11,36.11,36.111,1,1
1631633253,36.11,36.12,36.11,36.11,36.11,0,0
1631633254,36.11,36.12,36.11,36.11,36.11,0,0
1631633255,36.14,36.14,36.13,36.14,36.135,1,1
1631633256,36.14,36.14,36.13,36.14,36.14,0,0
1631633257,36.14,36.14,36.13,36.14,36.14,0,0
1631633258,36.16,36.16,36.15,36.16,36.16,1,1
1631633259,36.16,36.16,36.15,36.16,36.16,0,0
1631633260,36.16,36.16,36.15,36.16,36.16,0,0
1631633261,36.16,36.16,36.15,36.16,36.16,0,0
1631633262,36.14,36.14,36.13,36.14,36.139,1,1
1631633263,36.15,36.16,36.15,36.15,36.154,3,1
1631633264,36.15,36.16,36.15,36.15,36.15,0,0
1631633265,36.14,36.14,36.11,36.11,36.128,26,8
1631633266,36.11,36.11,36.11,36.11,36.11,0,0
1631633267,36.11,36.11,36.08,36.08,36.093,28,7
1631633268,36.11,36.14,36.11,36.13,36.12,2,2
1631633269,36.13,36.14,36.13,36.13,36.13,0,0
1631633270,36.11,36.11,36.1,36.11,36.105,1,1
1631633271,36.11,36.11,36.1,36.11,36.11,0,0
1631633272,36.11,36.11,36.1,36.11,36.11,0,0
1631633273,36.11,36.11,36.1,36.11,36.11,0,0
1631633274,36.11,36.11,36.1,36.11,36.11,0,0
1631633275,36.11,36.11,36.1,36.11,36.11,0,0
1631633276,36.09,36.09,36.09,36.09,36.09,1,1
1631633277,36.09,36.09,36.09,36.09,36.09,0,0
1631633278,36.09,36.09,36.09,36.09,36.09,0,0
1631633279,36.09,36.09,36.09,36.09,36.09,0,0
1631633280,36.09,36.09,36.09,36.09,36.09,0,0
1631633281,36.09,36.09,36.09,36.09,36.09,0,0
1631633282,36.14,36.15,36.14,36.14,36.14,1,1
1631633283,36.14,36.15,36.14,36.14,36.14,0,0
1631633284,36.11,36.11,36.11,36.11,36.11,3,3
1631633285,36.11,36.11,36.11,36.11,36.11,0,0
1631633286,36.11,36.11,36.11,36.11,36.11,0,0
1631633287,36.11,36.11,36.11,36.11,36.11,0,0
1631633288,36.11,36.11,36.11,36.11,36.11,0,0
1631633289,36.11,36.11,36.1,36.11,36.108,2,1
1631633290,36.11,36.11,36.1,36.11,36.11,0,0
1631633291,36.11,36.11,36.1,36.11,36.11,0,0
1631633292,36.11,36.11,36.1,36.11,36.11,0,0
1631633293,36.11,36.11,36.1,36.11,36.11,0,0
1631633294,36.11,36.11,36.1,36.11,36.11,0,0
1631633295,36.11,36.11,36.1,36.11,36.11,0,0
1631633296,36.11,36.11,36.1,36.11,36.11,0,0
1631633297,36.11,36.11,36.1,36.11,36.11,0,0
1631633298,36.11,36.11,36.1,36.11,36.11,0,0
1631633299,36.09,36.1,36.09,36.09,36.091,5,1
1631633300,36.09,36.1,36.09,36.09,36.09,0,0
1631633301,36.09,36.1,36.09,36.09,36.09,0,0
1631633302,36.09,36.09,36.07,36.07,36.084,8,8
1631633303,36.07,36.07,36.07,36.07,36.07,0,0
1631633304,36.07,36.07,36.07,36.07,36.07,0,0
1631633305,36.07,36.07,36.07,36.07,36.07,0,0
1631633306,36.07,36.07,36.07,36.07,36.07,0,0
1631633307,36.07,36.07,36.07,36.07,36.07,0,0
1631633308,36.08,36.09,36.06,36.06,36.061,15,6
1631633309,36.07,36.07,36.06,36.07,36.065,86,1
1631633310,36.07,36.07,36.06,36.07,36.07,0,0
1631633311,36.07,36.07,36.06,36.07,36.07,0,0
1631633312,36.07,36.07,36.06,36.07,36.07,0,0
1631633313,36.04,36.05,36.04,36.04,36.044,2,1
1631633314,36.04,36.05,36.04,36.04,36.04,0,0
1631633315,36.04,36.05,36.04,36.04,36.04,0,0
1631633316,36.05,36.06,36.05,36.05,36.05,1,1
1631633317,36.05,36.06,36.05,36.05,36.05,0,0
1631633318,36.05,36.06,36.05,36.05,36.05,0,0
1631633319,36.08,36.09,36.08,36.08,36.085,11,8
1631633320,36.08,36.08,36.08,36.08,36.08,2,1
1631633321,36.09,36.1,36.09,36.1,36.1,55,8
1631633322,36.1,36.1,36.1,36.1,36.1,0,0
1631633323,36.09,36.09,36.09,36.09,36.09,86,1
1631633324,36.09,36.09,36.09,36.09,36.09,0,0
1631633325,36.11,36.11,36.1,36.11,36.11,9,8
1631633326,36.09,36.09,36.09,36.09,36.09,12,10
1631633327,36.08,36.09,36.08,36.09,36.083,6,2
1631633328,36.09,36.09,36.09,36.09,36.09,0,0
1631633329,36.09,36.09,36.07,36.07,36.076,3,2
1631633330,36.07,36.07,36.07,36.07,36.07,0,0
1631633331,36.07,36.07,36.07,36.07,36.07,0,0
1631633332,36.07,36.07,36.07,36.07,36.07,0,0
1631633333,36.07,36.07,36.07,36.07,36.07,0,0
1631633334,36.07,36.07,36.07,36.07,36.07,0,0
1631633335,36.07,36.07,36.07,36.07,36.07,0,0
1631633336,36.07,36.07,36.07,36.07,36.07,0,0
1631633337,36.07,36.07,36.07,36.07,36.07,0,0
1631633338,36.07,36.07,36.07,36.07,36.07,0,0
1631633339,36.07,36.07,36.07,36.07,36.07,0,0
1631633340,36.1,36.1,36.08,36.09,36.089,7,3
1631633341,36.09,36.09,36.08,36.09,36.09,0,0
1631633342,36.09,36.09,36.08,36.09,36.09,0,0
1631633343,36.09,36.09,36.08,36.09,36.09,0,0
1631633344,36.06,36.06,36.06,36.06,36.06,1,1
1631633345,36.06,36.06,36.06,36.06,36.06,0,0
1631633346,36.06,36.06,36.06,36.06,36.06,0,0
1631633347,36.06,36.06,36.06,36.06,36.06,0,0
1631633348,36.05,36.05,36.05,36.05,36.05,2,2
1631633349,36.05,36.05,36.04,36.05,36.047,2,1
1631633350,36.08,36.08,36.08,36.08,36.08,1,1
1631633351,36.09,36.09,36.09,36.09,36.09,2,2
1631633352,36.09,36.09,36.09,36.09,36.09,0,0
1631633353,36.08,36.08,36.08,36.08,36.08,1,1
1631633354,36.08,36.08,36.08,36.08,36.08,0,0
1631633355,36.08,36.08,36.08,36.08,36.08,0,0
1631633356,36.05,36.06,36.05,36.05,36.05,18,1
1631633357,36.05,36.06,36.05,36.05,36.05,0,0
1631633358,36.05,36.06,36.05,36.05,36.05,0,0
1631633359,36.05,36.06,36.05,36.05,36.05,0,0
1631633360,36.05,36.06,36.05,36.05,36.05,0,0
1631633361,36.05,36.06,36.05,36.05,36.05,0,0
1631633362,36.05,36.06,36.05,36.05,36.05,0,0
1631633363,36.05,36.06,36.05,36.05,36.05,0,0
1631633364,36.05,36.05,36.05,36.05,36.05,1,1
1631633365,36.05,36.05,36.05,36.05,36.05,0,0
1631633366,36.05,36.05,36.05,36.05,36.05,0,0
1631633367,36.05,36.05,36.05,36.05,36.05,0,0
1631633368,36.04,36.05,36.03,36.04,36.038,27,21
1631633369,36.04,36.04,36.04,36.04,36.04,2,2
1631633370,36.04,36.04,36.04,36.04,36.04,4,3
1631633371,36.04,36.04,36.04,36.04,36.04,0,0
1631633372,36.04,36.04,36.04,36.04,36.04,1,1
1631633373,36.04,36.04,36.04,36.04,36.04,0,0
1631633374,36.04,36.04,36.04,36.04,36.04,0,0
1631633375,36.04,36.04,36.04,36.04,36.04,0,0
1631633376,36.03,36.03,36.02,36.03,36.029,4,4
1631633377,36.03,36.03,36.03,36.03,36.03,0,0
1631633378,36.03,36.03,36.03,36.03,36.03,0,0
1631633379,36.03,36.03,36.03,36.03,36.03,0,0
1631633380,36.04,36.04,36.04,36.04,36.04,3,2
1631633381,36.03,36.04,36.03,36.03,36.032,5,1
1631633382,36.03,36.04,36.03,36.03,36.03,0,0
1631633383,36.05,36.05,36.04,36.05,36.048,1,1
1631633384,36.05,36.05,36.04,36.05,36.05,0,0
1631633385,36.05,36.05,36.04,36.05,36.05,0,0
1631633386,36.05,36.05,36.04,36.05,36.05,0,0
1631633387,36.05,36.05,36.04,36.05,36.048,1,1
1631633388,36.05,36.05,36.04,36.05,36.05,0,0
1631633389,36.05,36.05,36.04,36.05,36.05,0,0
1631633390,36.03,36.05,36.03,36.05,36.041,2,2
1631633391,36.04,36.05,36.04,36.05,36.049,43,5
1631633392,36.08,36.08,36.07,36.08,36.08,12,3
1631633393,36.08,36.08,36.07,36.08,36.08,0,0
1631633394,36.08,36.08,36.07,36.08,36.08,0,0
1631633395,36.05,36.05,36.04,36.05,36.049,7,7
1631633396,36.05,36.05,36.05,36.05,36.05,0,0
1631633397,36.04,36.04,36.04,36.04,36.04,2,1
1631633398,36.04,36.04,36.04,36.04,36.04,0,0
1631633399,36.03,36.04,36.03,36.03,36.032,2,2
