date,open,high,low,close,average,volume,count
1657119600,20.719,20.72,20.719,20.7199,20.71965,14,5
1657119601,20.71,20.715,20.71,20.71,20.71136,6,6
1657119602,20.71,20.71,20.71,20.71,20.71,0,0
1657119603,20.719,20.7193,20.719,20.7193,20.7192,14,2
1657119604,20.7193,20.7193,20.7193,20.7193,20.7193,0,0
1657119605,20.72,20.72,20.72,20.72,20.72,3,2
1657119606,20.72,20.72,20.72,20.72,20.72,0,0
1657119607,20.72,20.72,20.72,20.72,20.72,3,3
1657119608,20.71,20.71,20.71,20.71,20.71,5,3
1657119609,20.72,20.7299,20.715,20.7299,20.71749,36,8
1657119610,20.72,20.725,20.72,20.725,20.7225,2,2
1657119611,20.725,20.725,20.725,20.725,20.725,0,0
1657119612,20.72,20.72,20.72,20.72,20.72,1,1
1657119613,20.72,20.72,20.72,20.72,20.72,0,0
1657119614,20.725,20.725,20.7197,20.72,20.72118,16,7
1657119615,20.7201,20.7201,20.7201,20.7201,20.7201,10,1
1657119616,20.7201,20.7201,20.7201,20.7201,20.7201,0,0
1657119617,20.7255,20.7255,20.7255,20.7255,20.7255,3,1
1657119618,20.7295,20.7295,20.7295,20.7295,20.7295,1,1
1657119619,20.7203,20.7203,20.7203,20.7203,20.7203,8,1
1657119620,20.72,20.72,20.72,20.72,20.72,1,1
1657119621,20.7201,20.7201,20.7201,20.7201,20.7201,4,1
1657119622,20.73,20.73,20.73,20.73,20.73,16,10
1657119623,20.73,20.73,20.73,20.73,20.73,0,0
1657119624,20.73,20.73,20.73,20.73,20.73,0,0
1657119625,20.73,20.73,20.73,20.73,20.73,0,0
1657119626,20.7217,20.7217,20.7217,20.7217,20.7217,1,1
1657119627,20.7202,20.7202,20.7202,20.7202,20.7202,30,1
1657119628,20.7299,20.73,20.725,20.73,20.72834,3,3
1657119629,20.7272,20.7272,20.7272,20.7272,20.7272,3,1
1657119630,20.7272,20.7272,20.7272,20.7272,20.7272,0,0
1657119631,20.7272,20.7272,20.7272,20.7272,20.7272,0,0
1657119632,20.725,20.7396,20.725,20.7396,20.73028,16,5
1657119633,20.74,20.74,20.74,20.74,20.74,9,5
1657119634,20.74,20.74,20.74,20.74,20.74,0,0
1657119635,20.74,20.74,20.74,20.74,20.74,0,0
1657119636,20.75,20.75,20.7401,20.7447,20.74499,23,5
1657119637,20.75,20.75,20.74,20.74,20.74262,16,4
1657119638,20.74,20.74,20.74,20.74,20.74,0,0
1657119639,20.74,20.74,20.74,20.74,20.74,7,1
1657119640,20.7407,20.745,20.74,20.74,20.74069,24,12
1657119641,20.7401,20.745,20.74,20.74,20.74081,9,3
1657119642,20.745,20.745,20.745,20.745,20.745,1,1
1657119643,20.745,20.745,20.745,20.745,20.745,0,0
1657119644,20.7424,20.76,20.7424,20.755,20.75374,81,12
1657119645,20.75,20.7557,20.75,20.7557,20.75235,3,2
1657119646,20.755,20.7597,20.75,20.75,20.75341,17,4
1657119647,20.75,20.75,20.75,20.75,20.75,0,0
1657119648,20.75,20.75,20.75,20.75,20.75,0,0
1657119649,20.7509,20.7567,20.7509,20.755,20.75245,20,3
1657119650,20.755,20.755,20.755,20.755,20.755,0,0
1657119651,20.75,20.755,20.75,20.755,20.75098,5,5
1657119652,20.75,20.755,20.75,20.75,20.751,5,3
1657119653,20.75,20.7501,20.75,20.75,20.75002,22,13
1657119654,20.75,20.75,20.75,20.75,20.75,24,20
1657119655,20.75,20.75,20.75,20.75,20.75,0,0
1657119656,20.7411,20.7411,20.7411,20.7411,20.7411,2,1
1657119657,20.748,20.7499,20.74,20.74,20.7478,9,5
1657119658,20.745,20.75,20.74,20.75,20.74214,11,4
1657119659,20.74,20.74,20.7399,20.7399,20.73998,6,6
1657119660,20.73,20.7399,20.73,20.7399,20.73116,35,10
1657119661,20.73,20.7389,20.73,20.7389,20.73356,2,2
1657119662,20.73,20.74,20.73,20.73,20.73085,11,7
1657119663,20.73,20.73,20.73,20.73,20.73,0,0
1657119664,20.72,20.72,20.72,20.72,20.72,15,2
1657119665,20.725,20.725,20.725,20.725,20.725,1,1
1657119666,20.725,20.725,20.725,20.725,20.725,0,0
1657119667,20.725,20.725,20.725,20.725,20.725,0,0
1657119668,20.72,20.72,20.72,20.72,20.72,84,51
1657119669,20.729,20.729,20.725,20.725,20.72622,15,3
1657119670,20.725,20.725,20.72,20.72,20.72058,85,51
1657119671,20.7199,20.7199,20.7199,20.7199,20.7199,1,1
1657119672,20.7199,20.7199,20.7199,20.7199,20.7199,0,0
1657119673,20.7187,20.7187,20.7187,20.7187,20.7187,18,1
1657119674,20.7199,20.7199,20.7199,20.7199,20.7199,6,1
1657119675,20.71,20.7105,20.69,20.7,20.69766,167,46
1657119676,20.7,20.7049,20.69,20.7049,20.69992,67,36
1657119677,20.7049,20.7049,20.7049,20.7049,20.7049,0,0
1657119678,20.7049,20.7049,20.7049,20.7049,20.7049,0,0
1657119679,20.7049,20.7049,20.7049,20.7049,20.7049,0,0
1657119680,20.7049,20.7049,20.7049,20.7049,20.7049,0,0
1657119681,20.705,20.705,20.705,20.705,20.705,1,1
1657119682,20.71,20.71,20.71,20.71,20.71,16,9
1657119683,20.71,20.71,20.705,20.705,20.70856,10,7
1657119684,20.7096,20.71,20.705,20.7099,20.70983,49,14
1657119685,20.72,20.72,20.72,20.72,20.72,4,1
1657119686,20.7107,20.7107,20.71,20.71,20.71066,18,2
1657119687,20.71,20.72,20.71,20.71,20.71204,109,52
1657119688,20.71,20.72,20.71,20.71,20.71048,42,17
1657119689,20.71,20.71,20.71,20.71,20.71,9,4
1657119690,20.715,20.73,20.71,20.73,20.71802,268,136
1657119691,20.73,20.74,20.73,20.7399,20.73944,28,18
1657119692,20.74,20.7498,20.7357,20.7443,20.74199,36,15
1657119693,20.74,20.74,20.74,20.74,20.74,4,4
1657119694,20.74,20.74,20.74,20.74,20.74,0,0
1657119695,20.7399,20.7399,20.73,20.73,20.73649,2,2
1657119696,20.73,20.73,20.73,20.73,20.73,0,0
1657119697,20.72,20.725,20.7108,20.7108,20.71842,68,43
1657119698,20.72,20.72,20.72,20.72,20.72,2,2
1657119699,20.72,20.72,20.72,20.72,20.72,0,0
1657119700,20.71,20.7101,20.71,20.7101,20.71008,4,2
1657119701,20.71,20.71,20.71,20.71,20.71,1,1
1657119702,20.71,20.71,20.71,20.71,20.71,0,0
1657119703,20.71,20.71,20.71,20.71,20.71,0,0
1657119704,20.7194,20.7194,20.7194,20.7194,20.7194,4,1
1657119705,20.71,20.715,20.71,20.71,20.7101,50,32
1657119706,20.71,20.71,20.705,20.705,20.7075,2,2
1657119707,20.705,20.705,20.705,20.705,20.705,0,0
1657119708,20.7171,20.7171,20.7171,20.7171,20.7171,1,1
1657119709,20.7171,20.7171,20.7171,20.7171,20.7171,0,0
1657119710,20.7171,20.7171,20.7171,20.7171,20.7171,0,0
1657119711,20.7171,20.7171,20.7171,20.7171,20.7171,0,0
1657119712,20.71,20.71,20.71,20.71,20.71,4,4
1657119713,20.71,20.71,20.71,20.71,20.71,0,0
1657119714,20.705,20.71,20.705,20.705,20.70716,5,3
1657119715,20.7,20.7099,20.7,20.7,20.70109,18,11
1657119716,20.71,20.71,20.7014,20.7089,20.70677,3,3
1657119717,20.7089,20.7089,20.7089,20.7089,20.7089,0,0
1657119718,20.7089,20.7089,20.7089,20.7089,20.7089,0,0
1657119719,20.7008,20.7008,20.7008,20.7008,20.7008,5,1
1657119720,20.7,20.7,20.7,20.7,20.7,33,13
1657119721,20.69,20.69,20.69,20.69,20.69,2,2
1657119722,20.69,20.695,20.69,20.695,20.69308,26,2
1657119723,20.69,20.69,20.69,20.69,20.69,1,1
1657119724,20.6901,20.6901,20.6901,20.6901,20.6901,7,1
1657119725,20.69,20.69,20.69,20.69,20.69,1,1
1657119726,20.69,20.69,20.69,20.69,20.69,0,0
1657119727,20.69,20.69,20.69,20.69,20.69,0,0
1657119728,20.7,20.71,20.7,20.71,20.70905,57,39
1657119729,20.71,20.7149,20.71,20.7149,20.71245,2,2
1657119730,20.711,20.711,20.71,20.71,20.71019,12,2
1657119731,20.71,20.71,20.71,20.71,20.71,6,6
1657119732,20.71,20.71,20.71,20.71,20.71,0,0
1657119733,20.72,20.72,20.72,20.72,20.72,12,3
1657119734,20.7264,20.7264,20.7264,20.7264,20.7264,10,1
1657119735,20.7264,20.7264,20.7264,20.7264,20.7264,0,0
1657119736,20.72,20.72,20.72,20.72,20.72,1,1
1657119737,20.72,20.72,20.72,20.72,20.72,2,2
1657119738,20.712,20.712,20.712,20.712,20.712,1,1
1657119739,20.72,20.72,20.7157,20.7157,20.71895,4,3
1657119740,20.7157,20.7157,20.7157,20.7157,20.7157,0,0
1657119741,20.7157,20.7157,20.7157,20.7157,20.7157,0,0
1657119742,20.7123,20.7123,20.7123,20.7123,20.7123,1,1
1657119743,20.7135,20.72,20.7135,20.72,20.71833,4,4
1657119744,20.7219,20.7219,20.7219,20.7219,20.7219,1,1
1657119745,20.7219,20.7219,20.7219,20.7219,20.7219,0,0
1657119746,20.72,20.72,20.72,20.72,20.72,1,1
1657119747,20.7201,20.7201,20.7201,20.7201,20.7201,5,1
1657119748,20.72,20.72,20.72,20.72,20.72,5,3
1657119749,20.72,20.72,20.72,20.72,20.72,0,0
1657119750,20.7164,20.7164,20.7164,20.7164,20.7164,12,1
1657119751,20.7113,20.715,20.71,20.71,20.71024,127,14
1657119752,20.71,20.71,20.71,20.71,20.71,0,0
1657119753,20.7088,20.7092,20.706,20.706,20.70868,16,5
1657119754,20.706,20.706,20.706,20.706,20.706,0,0
1657119755,20.706,20.706,20.706,20.706,20.706,0,0
1657119756,20.706,20.706,20.706,20.706,20.706,0,0
1657119757,20.71,20.71,20.71,20.71,20.71,5,2
1657119758,20.71,20.71,20.71,20.71,20.71,17,10
1657119759,20.71,20.715,20.71,20.715,20.71484,31,2
1657119760,20.715,20.7176,20.715,20.7176,20.7163,2,2
1657119761,20.71,20.71,20.71,20.71,20.71,2,2
1657119762,20.71,20.71,20.71,20.71,20.71,0,0
1657119763,20.7066,20.7066,20.7066,20.7066,20.7066,1,1
1657119764,20.7,20.71,20.7,20.705,20.70765,17,13
1657119765,20.705,20.705,20.705,20.705,20.705,3,1
1657119766,20.705,20.71,20.705,20.7099,20.7096,15,6
1657119767,20.7085,20.7085,20.7085,20.7085,20.7085,2,1
1657119768,20.7,20.71,20.7,20.7001,20.70159,19,8
1657119769,20.7,20.705,20.7,20.705,20.7025,5,2
1657119770,20.7,20.7,20.7,20.7,20.7,94,9
1657119771,20.6993,20.6993,20.6993,20.6993,20.6993,10,1
1657119772,20.6993,20.6993,20.6993,20.6993,20.6993,0,0
1657119773,20.6993,20.6993,20.6993,20.6993,20.6993,0,0
1657119774,20.6993,20.6993,20.6993,20.6993,20.6993,0,0
1657119775,20.7,20.705,20.7,20.7,20.70044,11,10
1657119776,20.7,20.7,20.7,20.7,20.7,2,1
1657119777,20.705,20.705,20.69,20.705,20.69514,280,23
1657119778,20.705,20.705,20.705,20.705,20.705,0,0
1657119779,20.695,20.695,20.69,20.69,20.6925,8,6
1657119780,20.695,20.6995,20.69,20.69,20.69469,34,5
1657119781,20.69,20.695,20.69,20.695,20.69099,5,2
1657119782,20.695,20.695,20.695,20.695,20.695,0,0
1657119783,20.695,20.695,20.69,20.69,20.69082,77,55
1657119784,20.68,20.6898,20.68,20.6898,20.68403,44,6
1657119785,20.6895,20.6895,20.6895,20.6895,20.6895,2,1
1657119786,20.69,20.69,20.686,20.686,20.68977,35,2
1657119787,20.69,20.69,20.69,20.69,20.69,1,1
1657119788,20.6833,20.6892,20.68,20.68,20.6811,120,5
1657119789,20.6889,20.6889,20.6889,20.6889,20.6889,1,1
1657119790,20.6834,20.6834,20.68,20.68,20.68085,8,4
1657119791,20.6864,20.6864,20.6864,20.6864,20.6864,1,1
1657119792,20.685,20.685,20.68,20.68,20.68059,34,2
1657119793,20.685,20.685,20.67,20.68,20.67996,238,62
1657119794,20.69,20.69,20.69,20.69,20.69,10,1
1657119795,20.69,20.69,20.69,20.69,20.69,0,0
1657119796,20.69,20.69,20.69,20.69,20.69,0,0
1657119797,20.68,20.68,20.67,20.67,20.67951,41,15
1657119798,20.67,20.6712,20.67,20.6712,20.6702,6,2
1657119799,20.6702,20.675,20.67,20.6708,20.67062,96,31
1657119800,20.679,20.679,20.679,20.679,20.679,1,1
1657119801,20.67,20.67,20.662,20.67,20.66631,13,7
1657119802,20.67,20.67,20.665,20.665,20.66527,37,4
1657119803,20.6633,20.6633,20.6633,20.6633,20.6633,1,1
1657119804,20.67,20.67,20.665,20.665,20.66778,9,2
1657119805,20.6622,20.6662,20.6621,20.6621,20.66336,17,3
1657119806,20.665,20.665,20.665,20.665,20.665,1,1
1657119807,20.66,20.665,20.66,20.661,20.66034,70,16
1657119808,20.661,20.661,20.661,20.661,20.661,0,0
1657119809,20.665,20.665,20.6534,20.6534,20.66014,34,19
1657119810,20.6505,20.655,20.64,20.64,20.65013,151,45
1657119811,20.6401,20.6401,20.6401,20.6401,20.6401,40,1
1657119812,20.645,20.645,20.635,20.64,20.64076,66,31
1657119813,20.64,20.64,20.64,20.64,20.64,0,0
1657119814,20.6438,20.645,20.6401,20.645,20.64047,56,4
1657119815,20.64,20.645,20.64,20.645,20.64218,36,3
1657119816,20.645,20.645,20.645,20.645,20.645,0,0
1657119817,20.645,20.645,20.645,20.645,20.645,0,0
1657119818,20.6408,20.6408,20.64,20.64,20.64015,52,23
1657119819,20.6391,20.64,20.63,20.6398,20.63923,18,4
1657119820,20.632,20.6399,20.632,20.6399,20.6357,23,4
1657119821,20.635,20.635,20.63,20.63,20.63053,9,2
1657119822,20.6312,20.6312,20.6312,20.6312,20.6312,5,1
1657119823,20.632,20.635,20.63,20.635,20.6336,15,4
1657119824,20.635,20.635,20.635,20.635,20.635,0,0
1657119825,20.6313,20.6313,20.6313,20.6313,20.6313,13,1
1657119826,20.63,20.63,20.63,20.63,20.63,1,1
1657119827,20.6301,20.6358,20.63,20.6358,20.6301,334,5
1657119828,20.6319,20.635,20.63,20.63,20.63302,36,10
1657119829,20.635,20.6389,20.63,20.6389,20.6355,32,5
1657119830,20.6313,20.6313,20.6313,20.6313,20.6313,6,1
1657119831,20.635,20.635,20.635,20.635,20.635,4,2
1657119832,20.635,20.635,20.635,20.635,20.635,10,1
1657119833,20.635,20.635,20.635,20.635,20.635,0,0
1657119834,20.635,20.635,20.63,20.635,20.63141,7,3
1657119835,20.63,20.635,20.62,20.62,20.62188,183,59
1657119836,20.625,20.63,20.625,20.63,20.62527,55,3
1657119837,20.625,20.625,20.6201,20.625,20.62266,70,6
1657119838,20.625,20.625,20.625,20.625,20.625,1,1
1657119839,20.6214,20.6279,20.62,20.62,20.62479,9,4
1657119840,20.625,20.625,20.59,20.6,20.60195,866,203
1657119841,20.605,20.608,20.605,20.605,20.60572,4,3
1657119842,20.605,20.605,20.6,20.6,20.60029,35,6
1657119843,20.605,20.605,20.6,20.6,20.60059,59,4
1657119844,20.605,20.6095,20.6,20.6095,20.60253,64,18
1657119845,20.6,20.6099,20.6,20.6075,20.60457,32,7
1657119846,20.6078,20.6099,20.6,20.6,20.6056,28,8
1657119847,20.6,20.6,20.6,20.6,20.6,5,3
1657119848,20.6,20.6,20.59,20.5999,20.59808,28,13
1657119849,20.5985,20.5985,20.58,20.5899,20.58956,49,10
1657119850,20.585,20.5876,20.58,20.5876,20.58155,35,9
1657119851,20.5808,20.5812,20.58,20.5812,20.58073,9,3
1657119852,20.585,20.5881,20.58,20.5881,20.58383,125,26
1657119853,20.5881,20.5881,20.5881,20.5881,20.5881,0,0
1657119854,20.581,20.5817,20.581,20.5817,20.58106,11,2
1657119855,20.58,20.6,20.58,20.595,20.58931,188,43
1657119856,20.5992,20.5992,20.59,20.59,20.59783,47,6
1657119857,20.589,20.589,20.5801,20.585,20.5851,19,4
1657119858,20.585,20.585,20.585,20.585,20.585,0,0
1657119859,20.582,20.59,20.582,20.59,20.5884,125,5
1657119860,20.59,20.59,20.581,20.581,20.58164,34,3
1657119861,20.585,20.59,20.585,20.59,20.58778,62,7
1657119862,20.5801,20.5822,20.5801,20.582,20.58095,34,4
1657119863,20.5815,20.5815,20.58,20.58,20.58126,28,4
1657119864,20.58,20.5891,20.58,20.5826,20.58741,64,5
1657119865,20.585,20.585,20.57,20.58,20.57763,24,12
1657119866,20.58,20.5884,20.58,20.5884,20.58535,5,3
1657119867,20.5806,20.5898,20.5806,20.5898,20.58482,90,3
1657119868,20.59,20.59,20.59,20.59,20.59,2,1
1657119869,20.5897,20.5899,20.5897,20.5899,20.5898,2,2
1657119870,20.5803,20.5816,20.5803,20.5816,20.58044,9,2
1657119871,20.58,20.58,20.58,20.58,20.58,25,1
1657119872,20.5801,20.5801,20.5801,20.5801,20.5801,2,1
1657119873,20.59,20.5985,20.59,20.5976,20.59161,32,11
1657119874,20.5901,20.5998,20.5901,20.5998,20.59053,22,3
1657119875,20.5901,20.6,20.5901,20.6,20.59018,131,2
1657119876,20.59,20.5984,20.59,20.5984,20.5909,28,2
1657119877,20.595,20.61,20.595,20.61,20.60078,44,14
1657119878,20.595,20.61,20.595,20.61,20.6012,17,8
1657119879,20.6,20.605,20.6,20.6,20.60037,13,3
1657119880,20.605,20.605,20.605,20.605,20.605,14,1
1657119881,20.6,20.6,20.6,20.6,20.6,1,1
1657119882,20.6,20.6061,20.6,20.6,20.60474,27,6
1657119883,20.595,20.595,20.5947,20.5947,20.5948,3,2
1657119884,20.6,20.6,20.6,20.6,20.6,4,3
1657119885,20.605,20.605,20.605,20.605,20.605,2,1
1657119886,20.6,20.6,20.6,20.6,20.6,6,1
1657119887,20.6013,20.6013,20.6013,20.6013,20.6013,11,1
1657119888,20.6013,20.6013,20.6013,20.6013,20.6013,0,0
1657119889,20.6013,20.6013,20.6013,20.6013,20.6013,0,0
1657119890,20.61,20.61,20.61,20.61,20.61,2,1
1657119891,20.6094,20.6094,20.6094,20.6094,20.6094,1,1
1657119892,20.6017,20.6057,20.6,20.6057,20.60329,31,10
1657119893,20.605,20.61,20.6036,20.61,20.60782,53,11
1657119894,20.6198,20.6201,20.6197,20.6201,20.61991,26,13
1657119895,20.63,20.63,20.6215,20.6215,20.6284,62,10
1657119896,20.63,20.63,20.63,20.63,20.63,3,3
1657119897,20.62,20.62,20.62,20.62,20.62,4,1
1657119898,20.625,20.625,20.625,20.625,20.625,1,1
1657119899,20.6221,20.6221,20.6221,20.6221,20.6221,6,1
1657119900,20.625,20.625,20.615,20.615,20.61957,46,11
1657119901,20.62,20.62,20.6174,20.6174,20.61885,13,2
1657119902,20.62,20.62,20.6191,20.6191,20.6197,3,3
1657119903,20.6191,20.6191,20.6191,20.6191,20.6191,0,0
1657119904,20.62,20.62,20.62,20.62,20.62,3,1
1657119905,20.63,20.6325,20.63,20.6325,20.63014,17,11
1657119906,20.6326,20.6326,20.6269,20.6269,20.62992,6,5
1657119907,20.6269,20.6269,20.6269,20.6269,20.6269,0,0
1657119908,20.6225,20.63,20.62,20.63,20.62566,12,6
1657119909,20.635,20.635,20.6329,20.6329,20.6343,6,2
1657119910,20.635,20.635,20.6309,20.6309,20.63143,11,2
1657119911,20.6392,20.64,20.63,20.64,20.6353,4,4
1657119912,20.64,20.64,20.64,20.64,20.64,5,1
1657119913,20.65,20.66,20.64,20.66,20.65013,344,16
1657119914,20.662,20.662,20.66,20.66,20.661,2,2
1657119915,20.6691,20.6699,20.665,20.665,20.66939,55,6
1657119916,20.67,20.67,20.67,20.67,20.67,1,1
1657119917,20.67,20.67,20.66,20.66,20.6626,12,10
1657119918,20.66,20.6601,20.66,20.6601,20.66003,3,3
1657119919,20.66,20.665,20.66,20.665,20.66167,3,3
1657119920,20.665,20.665,20.665,20.665,20.665,10,1
1657119921,20.66,20.665,20.66,20.66,20.66038,52,29
1657119922,20.6526,20.6526,20.652,20.652,20.65205,22,2
1657119923,20.6578,20.6578,20.652,20.655,20.65376,5,3
1657119924,20.65,20.6595,20.65,20.6595,20.65313,3,3
1657119925,20.6595,20.6595,20.6595,20.6595,20.6595,0,0
1657119926,20.66,20.665,20.66,20.66,20.66083,20,7
1657119927,20.66,20.665,20.65,20.65,20.65108,127,35
1657119928,20.65,20.65,20.65,20.65,20.65,0,0
1657119929,20.65,20.65,20.65,20.65,20.65,0,0
1657119930,20.64,20.6499,20.64,20.6499,20.64938,56,4
1657119931,20.6499,20.6499,20.6499,20.6499,20.6499,0,0
1657119932,20.6484,20.6484,20.6484,20.6484,20.6484,2,1
1657119933,20.6484,20.6484,20.6484,20.6484,20.6484,0,0
1657119934,20.6484,20.6484,20.6484,20.6484,20.6484,0,0
1657119935,20.65,20.66,20.65,20.66,20.65574,17,9
1657119936,20.665,20.665,20.665,20.665,20.665,1,1
1657119937,20.66,20.66,20.66,20.66,20.66,5,3
1657119938,20.6594,20.6594,20.6594,20.6594,20.6594,1,1
1657119939,20.6594,20.6594,20.6594,20.6594,20.6594,0,0
1657119940,20.655,20.66,20.6518,20.655,20.65312,14,5
1657119941,20.655,20.655,20.65,20.65,20.65018,56,22
1657119942,20.64,20.645,20.64,20.64,20.64068,21,6
1657119943,20.635,20.645,20.635,20.64,20.64121,14,8
1657119944,20.64,20.64,20.635,20.635,20.63611,4,3
1657119945,20.635,20.64,20.635,20.638,20.6395,111,10
1657119946,20.635,20.635,20.635,20.635,20.635,12,2
1657119947,20.6399,20.64,20.63,20.63,20.63874,12,5
1657119948,20.635,20.635,20.63,20.63,20.63031,130,29
1657119949,20.625,20.625,20.62,20.6201,20.62297,16,8
1657119950,20.63,20.63,20.61,20.61,20.61982,81,30
1657119951,20.61,20.61,20.61,20.61,20.61,2,2
1657119952,20.6115,20.6115,20.61,20.61,20.61136,11,2
1657119953,20.61,20.61,20.61,20.61,20.61,0,0
1657119954,20.615,20.62,20.615,20.615,20.61535,35,6
1657119955,20.615,20.615,20.615,20.615,20.615,0,0
1657119956,20.6194,20.62,20.615,20.62,20.61963,30,14
1657119957,20.62,20.625,20.61,20.615,20.61954,109,45
1657119958,20.615,20.615,20.615,20.615,20.615,0,0
1657119959,20.61,20.61,20.61,20.61,20.61,1,1
1657119960,20.615,20.62,20.615,20.62,20.61917,6,6
1657119961,20.63,20.635,20.625,20.63,20.63,9,6
1657119962,20.64,20.64,20.63,20.63,20.63883,9,5
1657119963,20.6365,20.64,20.6365,20.64,20.63806,9,2
1657119964,20.64,20.64,20.6366,20.6366,20.6383,2,2
1657119965,20.6366,20.6366,20.6366,20.6366,20.6366,0,0
1657119966,20.64,20.645,20.64,20.645,20.64115,13,9
1657119967,20.6486,20.6486,20.63,20.63,20.64268,61,26
1657119968,20.6399,20.6399,20.63,20.63,20.63027,36,14
1657119969,20.63,20.63,20.63,20.63,20.63,0,0
1657119970,20.63,20.63,20.63,20.63,20.63,0,0
1657119971,20.63,20.63,20.63,20.63,20.63,0,0
1657119972,20.63,20.63,20.63,20.63,20.63,0,0
1657119973,20.63,20.63,20.63,20.63,20.63,0,0
1657119974,20.61,20.615,20.6,20.6099,20.60924,86,27
1657119975,20.6,20.605,20.6,20.6,20.60181,16,5
1657119976,20.6001,20.6001,20.6,20.6,20.60006,100,30
1657119977,20.595,20.595,20.59,20.59,20.59375,4,4
1657119978,20.5984,20.5984,20.5984,20.5984,20.5984,4,1
1657119979,20.59,20.61,20.59,20.61,20.59769,27,11
1657119980,20.6,20.6,20.595,20.595,20.59662,37,8
1657119981,20.5901,20.595,20.59,20.59,20.59023,71,4
1657119982,20.59,20.6,20.59,20.6,20.59498,6,6
1657119983,20.605,20.6096,20.59,20.6096,20.59893,159,60
1657119984,20.6,20.61,20.6,20.605,20.60409,22,7
1657119985,20.61,20.61,20.61,20.61,20.61,3,1
1657119986,20.62,20.62,20.62,20.62,20.62,5,4
1657119987,20.62,20.63,20.62,20.62,20.62063,144,32
1657119988,20.62,20.62,20.62,20.62,20.62,6,6
1657119989,20.62,20.62,20.62,20.62,20.62,32,12
1657119990,20.62,20.62,20.62,20.62,20.62,0,0
1657119991,20.62,20.625,20.62,20.625,20.62019,26,15
1657119992,20.625,20.625,20.625,20.625,20.625,0,0
1657119993,20.62,20.6287,20.62,20.62,20.62085,21,14
1657119994,20.62,20.62,20.62,20.62,20.62,8,4
1657119995,20.615,20.615,20.6009,20.61,20.60391,116,19
1657119996,20.605,20.605,20.605,20.605,20.605,9,3
1657119997,20.605,20.605,20.605,20.605,20.605,0,0
1657119998,20.605,20.605,20.605,20.605,20.605,0,0
1657119999,20.6,20.6,20.6,20.6,20.6,20,1
1657120000,20.6,20.605,20.6,20.602,20.60241,9,3
1657120001,20.602,20.602,20.602,20.602,20.602,0,0
1657120002,20.6088,20.6088,20.6,20.605,20.60547,17,3
1657120003,20.605,20.605,20.605,20.605,20.605,3,3
1657120004,20.6099,20.6099,20.6,20.6,20.60495,2,2
1657120005,20.6,20.6,20.6,20.6,20.6,0,0
1657120006,20.6,20.6,20.6,20.6,20.6,8,8
1657120007,20.593,20.593,20.593,20.593,20.593,1,1
1657120008,20.595,20.595,20.58,20.59,20.58812,42,16
1657120009,20.5801,20.5989,20.5801,20.595,20.59203,44,5
1657120010,20.595,20.595,20.595,20.595,20.595,0,0
1657120011,20.595,20.595,20.595,20.595,20.595,0,0
1657120012,20.59,20.59,20.59,20.59,20.59,2,2
1657120013,20.595,20.605,20.595,20.6033,20.60107,48,12
1657120014,20.605,20.605,20.605,20.605,20.605,7,2
1657120015,20.6,20.6,20.595,20.595,20.59925,66,29
1657120016,20.595,20.595,20.595,20.595,20.595,7,2
1657120017,20.6,20.6073,20.6,20.605,20.60377,45,10
1657120018,20.6,20.6,20.6,20.6,20.6,10,1
1657120019,20.61,20.61,20.6099,20.6099,20.61,82,2
1657120020,20.6,20.6,20.595,20.595,20.59975,19,7
1657120021,20.5991,20.5991,20.59,20.59,20.59546,49,9
1657120022,20.59,20.5975,20.59,20.59,20.59156,119,50
1657120023,20.5972,20.5972,20.5972,20.5972,20.5972,2,1
1657120024,20.59,20.59,20.59,20.59,20.59,1,1
1657120025,20.5991,20.5991,20.59,20.59,20.59843,54,5
1657120026,20.59,20.59,20.572,20.572,20.57943,157,36
1657120027,20.57,20.5785,20.57,20.5785,20.57526,35,5
1657120028,20.575,20.575,20.57,20.575,20.57311,13,9
1657120029,20.57,20.58,20.57,20.57,20.5702,102,28
1657120030,20.565,20.565,20.565,20.565,20.565,18,8
1657120031,20.565,20.58,20.565,20.58,20.57032,76,35
1657120032,20.5724,20.5771,20.5724,20.5771,20.57688,21,2
1657120033,20.575,20.575,20.5702,20.5709,20.57158,10,5
1657120034,20.57,20.57,20.56,20.5632,20.56759,19,10
1657120035,20.5631,20.5649,20.56,20.56,20.5639,17,4
1657120036,20.565,20.57,20.56,20.565,20.56454,32,14
1657120037,20.5612,20.5612,20.56,20.56,20.56113,16,3
1657120038,20.56,20.56,20.56,20.56,20.56,0,0
1657120039,20.5679,20.5679,20.5601,20.565,20.56428,32,9
1657120040,20.56,20.5684,20.56,20.5684,20.56318,28,7
1657120041,20.56,20.5689,20.56,20.561,20.56065,61,7
1657120042,20.56,20.565,20.56,20.56,20.56143,7,6
1657120043,20.57,20.57,20.55,20.5535,20.55838,71,34
1657120044,20.55,20.5599,20.55,20.55,20.55057,65,23
1657120045,20.55,20.555,20.55,20.555,20.55045,11,2
1657120046,20.56,20.565,20.56,20.565,20.56012,40,14
1657120047,20.565,20.565,20.5537,20.5601,20.56094,26,4
1657120048,20.56,20.5699,20.56,20.5699,20.56088,17,6
1657120049,20.565,20.57,20.56,20.5632,20.56671,109,49
1657120050,20.5699,20.5699,20.5699,20.5699,20.5699,3,1
1657120051,20.57,20.57,20.56,20.56,20.56145,24,12
1657120052,20.56,20.57,20.56,20.57,20.56871,121,27
1657120053,20.57,20.57,20.57,20.57,20.57,33,12
1657120054,20.57,20.57,20.57,20.57,20.57,0,0
1657120055,20.575,20.58,20.575,20.58,20.57972,18,3
1657120056,20.5801,20.59,20.575,20.58,20.58224,47,7
1657120057,20.58,20.585,20.58,20.585,20.58429,35,4
1657120058,20.5866,20.5899,20.575,20.5899,20.58111,46,31
1657120059,20.57,20.57,20.57,20.57,20.57,1,1
1657120060,20.575,20.575,20.5727,20.575,20.57459,8,3
1657120061,20.575,20.575,20.575,20.575,20.575,0,0
1657120062,20.5799,20.5799,20.57,20.575,20.57238,58,4
1657120063,20.575,20.575,20.575,20.575,20.575,1,1
1657120064,20.575,20.575,20.575,20.575,20.575,0,0
1657120065,20.57,20.57,20.57,20.57,20.57,13,8
1657120066,20.5713,20.5713,20.571,20.571,20.57105,12,2
1657120067,20.575,20.575,20.575,20.575,20.575,35,1
1657120068,20.5708,20.5709,20.5708,20.5709,20.57087,14,2
1657120069,20.575,20.575,20.5706,20.5706,20.5728,2,2
1657120070,20.575,20.58,20.5702,20.5702,20.57848,26,8
1657120071,20.58,20.58,20.58,20.58,20.58,7,1
1657120072,20.57,20.57,20.56,20.56,20.56448,33,17
1657120073,20.5643,20.5643,20.56,20.56,20.56358,6,2
1657120074,20.5699,20.5699,20.555,20.555,20.56221,38,23
1657120075,20.5527,20.56,20.5527,20.56,20.554,13,4
1657120076,20.56,20.56,20.55,20.55,20.55745,44,6
1657120077,20.5586,20.5596,20.55,20.55,20.55639,42,7
1657120078,20.555,20.555,20.55,20.55,20.55048,39,8
1657120079,20.5592,20.5592,20.55,20.5581,20.55513,18,4
1657120080,20.55,20.5577,20.55,20.5577,20.55385,2,2
1657120081,20.5577,20.5577,20.5577,20.5577,20.5577,0,0
1657120082,20.55,20.5558,20.55,20.55,20.55153,22,10
1657120083,20.55,20.555,20.545,20.55,20.55003,201,62
1657120084,20.5519,20.555,20.5519,20.555,20.55293,3,2
1657120085,20.55,20.5586,20.55,20.55,20.55537,16,3
1657120086,20.55,20.552,20.55,20.55,20.5503,14,6
1657120087,20.5587,20.5587,20.55,20.55,20.55828,38,4
1657120088,20.55,20.555,20.55,20.5544,20.55069,19,14
1657120089,20.5506,20.56,20.55,20.56,20.55608,65,29
1657120090,20.56,20.56,20.56,20.56,20.56,1,1
1657120091,20.56,20.56,20.55,20.55,20.5521,298,83
1657120092,20.55,20.56,20.55,20.55,20.55135,46,20
1657120093,20.555,20.555,20.55,20.55,20.55232,5,4
1657120094,20.5509,20.5509,20.55,20.55,20.55008,25,14
1657120095,20.55,20.55,20.54,20.545,20.54373,28,9
1657120096,20.5418,20.5418,20.54,20.54,20.54023,12,3
1657120097,20.545,20.545,20.54,20.5424,20.5424,28,8
1657120098,20.54,20.5413,20.53,20.53,20.53805,49,18
1657120099,20.53,20.54,20.53,20.54,20.53049,30,6
1657120100,20.54,20.55,20.54,20.5463,20.54162,43,23
1657120101,20.545,20.56,20.545,20.56,20.55273,115,40
1657120102,20.55,20.5552,20.55,20.5552,20.55298,11,3
1657120103,20.55,20.55,20.55,20.55,20.55,2,1
1657120104,20.555,20.57,20.555,20.565,20.55813,42,12
1657120105,20.565,20.5656,20.565,20.5656,20.56549,5,2
1657120106,20.5656,20.5656,20.5656,20.5656,20.5656,0,0
1657120107,20.5607,20.565,20.56,20.56,20.56128,25,8
1657120108,20.56,20.57,20.56,20.57,20.56333,3,2
1657120109,20.56,20.56,20.56,20.56,20.56,4,3
1657120110,20.56,20.56,20.55,20.55,20.55343,9,4
1657120111,20.55,20.555,20.55,20.55,20.55011,44,10
1657120112,20.555,20.555,20.555,20.555,20.555,1,1
1657120113,20.555,20.56,20.555,20.56,20.55967,30,5
1657120114,20.55,20.55,20.545,20.55,20.54941,93,48
1657120115,20.54,20.54,20.54,20.54,20.54,20,1
1657120116,20.54,20.54,20.5339,20.5339,20.53983,66,13
1657120117,20.53,20.53,20.53,20.53,20.53,30,2
1657120118,20.54,20.545,20.54,20.545,20.54056,45,13
1657120119,20.5468,20.5468,20.545,20.545,20.54596,2,2
1657120120,20.54,20.545,20.54,20.54,20.54205,35,4
1657120121,20.541,20.5427,20.54,20.54,20.5408,21,7
1657120122,20.545,20.545,20.53,20.535,20.53242,237,43
1657120123,20.53,20.535,20.53,20.535,20.53029,17,4
1657120124,20.54,20.54,20.535,20.54,20.53986,70,30
1657120125,20.54,20.54,20.53,20.53,20.53148,32,4
1657120126,20.535,20.545,20.53,20.54,20.53529,42,9
1657120127,20.54,20.55,20.54,20.55,20.5472,16,7
1657120128,20.545,20.545,20.545,20.545,20.545,2,2
1657120129,20.545,20.545,20.545,20.545,20.545,2,2
1657120130,20.545,20.55,20.545,20.55,20.54952,31,14
1657120131,20.55,20.55,20.55,20.55,20.55,24,12
1657120132,20.55,20.55,20.55,20.55,20.55,0,0
1657120133,20.5513,20.5513,20.5513,20.5513,20.5513,10,1
1657120134,20.55,20.56,20.55,20.56,20.55408,2,2
1657120135,20.55,20.555,20.55,20.55,20.55054,14,4
1657120136,20.552,20.56,20.552,20.5599,20.55836,38,9
1657120137,20.5587,20.56,20.55,20.55,20.55921,27,17
1657120138,20.56,20.56,20.5596,20.56,20.55987,34,13
1657120139,20.56,20.56,20.56,20.56,20.56,0,0
1657120140,20.565,20.565,20.565,20.565,20.565,2,2
1657120141,20.5687,20.5687,20.565,20.565,20.56857,28,3
1657120142,20.5691,20.5691,20.5612,20.565,20.56507,52,3
1657120143,20.565,20.565,20.565,20.565,20.565,0,0
1657120144,20.565,20.5799,20.565,20.575,20.57022,117,33
1657120145,20.575,20.5799,20.57,20.575,20.57675,102,20
1657120146,20.575,20.58,20.575,20.58,20.57941,106,34
1657120147,20.58,20.585,20.575,20.585,20.57876,65,40
1657120148,20.58,20.58,20.575,20.58,20.578,132,35
1657120149,20.5719,20.575,20.5719,20.575,20.57237,6,2
1657120150,20.575,20.575,20.5657,20.57,20.57018,39,13
1657120151,20.58,20.5831,20.58,20.5831,20.58062,5,5
1657120152,20.59,20.59,20.59,20.59,20.59,7,3
1657120153,20.5816,20.59,20.5816,20.59,20.5844,15,4
1657120154,20.58,20.59,20.58,20.59,20.58358,31,4
1657120155,20.58,20.58,20.58,20.58,20.58,1,1
1657120156,20.586,20.586,20.585,20.585,20.5855,2,2
1657120157,20.585,20.585,20.585,20.585,20.585,1,1
1657120158,20.59,20.595,20.59,20.5919,20.59281,39,20
1657120159,20.5972,20.5972,20.585,20.585,20.59032,144,37
1657120160,20.585,20.59,20.585,20.59,20.5875,8,8
1657120161,20.585,20.585,20.58,20.58,20.58429,14,3
1657120162,20.585,20.585,20.585,20.585,20.585,6,1
1657120163,20.585,20.5899,20.58,20.5899,20.58645,17,3
1657120164,20.58,20.5801,20.58,20.58,20.58002,13,3
1657120165,20.58,20.585,20.575,20.58,20.57999,30,13
1657120166,20.58,20.58,20.58,20.58,20.58,20,5
1657120167,20.58,20.5845,20.58,20.5845,20.58348,6,2
1657120168,20.585,20.585,20.58,20.58,20.58039,12,6
1657120169,20.5897,20.5897,20.5897,20.5897,20.5897,4,1
1657120170,20.5897,20.5897,20.5897,20.5897,20.5897,0,0
1657120171,20.585,20.585,20.58,20.58,20.58019,52,16
1657120172,20.581,20.581,20.58,20.58,20.58083,6,2
1657120173,20.585,20.585,20.58,20.58,20.58179,42,20
1657120174,20.585,20.5899,20.58,20.58,20.58726,73,17
1657120175,20.58,20.58,20.58,20.58,20.58,2,2
1657120176,20.575,20.575,20.555,20.555,20.56936,70,26
1657120177,20.56,20.5699,20.56,20.5699,20.564,31,15
1657120178,20.5699,20.58,20.565,20.58,20.56985,23,5
1657120179,20.5775,20.58,20.57,20.57,20.57256,45,16
1657120180,20.5769,20.5769,20.57,20.57,20.57301,2,2
1657120181,20.579,20.579,20.57,20.57,20.57714,38,7
1657120182,20.575,20.575,20.575,20.575,20.575,30,1
1657120183,20.57,20.57,20.5656,20.5656,20.56654,4,2
1657120184,20.56,20.565,20.56,20.56,20.56009,56,27
1657120185,20.565,20.565,20.555,20.555,20.56002,27,10
1657120186,20.5545,20.5545,20.5545,20.5545,20.5545,2,1
1657120187,20.55,20.556,20.55,20.556,20.55005,121,3
1657120188,20.555,20.56,20.555,20.56,20.5575,2,2
1657120189,20.555,20.555,20.55,20.55,20.55048,26,10
1657120190,20.55,20.55,20.55,20.55,20.55,0,0
1657120191,20.55,20.55,20.55,20.55,20.55,0,0
1657120192,20.55,20.555,20.5485,20.555,20.55029,122,28
1657120193,20.555,20.555,20.555,20.555,20.555,0,0
1657120194,20.5552,20.5552,20.55,20.5516,20.55165,8,3
1657120195,20.5567,20.5599,20.5544,20.5599,20.5558,7,3
1657120196,20.5599,20.5599,20.5569,20.5569,20.55947,7,2
1657120197,20.5569,20.5569,20.5569,20.5569,20.5569,0,0
1657120198,20.55,20.55,20.55,20.55,20.55,25,7
1657120199,20.555,20.555,20.5401,20.5401,20.54692,26,5
1657120200,20.5485,20.5485,20.5485,20.5485,20.5485,5,1
1657120201,20.5485,20.5485,20.5485,20.5485,20.5485,0,0
1657120202,20.55,20.55,20.55,20.55,20.55,10,7
1657120203,20.5483,20.5483,20.54,20.54,20.54387,53,5
1657120204,20.54,20.54,20.53,20.535,20.53688,27,8
1657120205,20.53,20.54,20.53,20.532,20.53216,562,134
1657120206,20.54,20.54,20.53,20.535,20.53383,39,8
1657120207,20.53,20.53,20.53,20.53,20.53,2,2
1657120208,20.538,20.538,20.53,20.53,20.53606,4,2
1657120209,20.535,20.535,20.535,20.535,20.535,1,1
1657120210,20.535,20.535,20.53,20.53,20.53477,22,3
1657120211,20.53,20.53,20.53,20.53,20.53,0,0
1657120212,20.5303,20.535,20.53,20.535,20.53069,24,9
1657120213,20.535,20.5394,20.535,20.5394,20.539,11,2
1657120214,20.535,20.535,20.53,20.53,20.53354,48,6
1657120215,20.531,20.535,20.53,20.53,20.53134,15,7
1657120216,20.537,20.537,20.537,20.537,20.537,1,1
1657120217,20.537,20.537,20.537,20.537,20.537,0,0
1657120218,20.535,20.535,20.53,20.53,20.53021,122,44
1657120219,20.5354,20.5354,20.53,20.53,20.53229,24,9
1657120220,20.5343,20.5364,20.5343,20.5364,20.53535,2,2
1657120221,20.535,20.535,20.53,20.53,20.53272,11,7
1657120222,20.53,20.53,20.53,20.53,20.53,0,0
1657120223,20.53,20.53,20.53,20.53,20.53,0,0
1657120224,20.53,20.54,20.53,20.53,20.53221,30,7
1657120225,20.5315,20.5324,20.53,20.53,20.53174,48,6
1657120226,20.535,20.535,20.5301,20.5301,20.53092,12,3
1657120227,20.53,20.535,20.53,20.53,20.53015,48,22
1657120228,20.53,20.53,20.53,20.53,20.53,5,2
1657120229,20.53,20.54,20.53,20.53,20.53011,447,179
1657120230,20.53,20.53,20.52,20.525,20.52787,786,286
1657120231,20.53,20.55,20.525,20.545,20.53971,333,101
1657120232,20.54,20.54,20.535,20.535,20.53967,76,22
1657120233,20.535,20.535,20.535,20.535,20.535,0,0
1657120234,20.53,20.5386,20.53,20.53,20.53256,56,24
1657120235,20.54,20.54,20.54,20.54,20.54,74,20
1657120236,20.545,20.545,20.545,20.545,20.545,5,1
1657120237,20.55,20.55,20.545,20.545,20.548,5,4
1657120238,20.54,20.54,20.54,20.54,20.54,17,10
1657120239,20.535,20.535,20.535,20.535,20.535,1,1
1657120240,20.535,20.535,20.535,20.535,20.535,0,0
1657120241,20.53,20.535,20.53,20.535,20.53195,6,3
1657120242,20.5372,20.5372,20.5372,20.5372,20.5372,10,1
1657120243,20.5367,20.5367,20.5367,20.5367,20.5367,1,1
1657120244,20.53,20.55,20.53,20.54,20.53934,45,19
1657120245,20.545,20.545,20.5434,20.5434,20.54359,8,2
1657120246,20.5434,20.5434,20.5434,20.5434,20.5434,0,0
1657120247,20.5405,20.545,20.54,20.54,20.54156,8,3
1657120248,20.54,20.54,20.54,20.54,20.54,0,0
1657120249,20.54,20.54,20.5392,20.5392,20.53933,120,5
1657120250,20.5396,20.5396,20.5396,20.5396,20.5396,20,1
1657120251,20.53,20.53,20.53,20.53,20.53,5,1
1657120252,20.535,20.5391,20.535,20.5391,20.53637,3,2
1657120253,20.531,20.531,20.531,20.531,20.531,25,1
1657120254,20.54,20.54,20.53,20.53,20.53826,9,4
1657120255,20.5312,20.54,20.5312,20.54,20.53958,41,15
1657120256,20.54,20.54,20.54,20.54,20.54,0,0
1657120257,20.5491,20.5491,20.5491,20.5491,20.5491,50,1
1657120258,20.5491,20.5491,20.5491,20.5491,20.5491,0,0
1657120259,20.5491,20.5491,20.5491,20.5491,20.5491,0,0
1657120260,20.5491,20.5491,20.5491,20.5491,20.5491,0,0
1657120261,20.5491,20.5491,20.5491,20.5491,20.5491,0,0
1657120262,20.5491,20.5491,20.5491,20.5491,20.5491,0,0
1657120263,20.5491,20.5491,20.5491,20.5491,20.5491,0,0
1657120264,20.55,20.55,20.55,20.55,20.55,1,1
1657120265,20.55,20.55,20.55,20.55,20.55,99,20
1657120266,20.555,20.555,20.55,20.55,20.55146,27,12
1657120267,20.55,20.55,20.545,20.545,20.54938,8,5
1657120268,20.55,20.56,20.55,20.56,20.55808,58,12
1657120269,20.565,20.57,20.565,20.57,20.56625,4,3
1657120270,20.5699,20.575,20.5699,20.57,20.57,111,24
1657120271,20.58,20.58,20.5797,20.58,20.57998,45,22
1657120272,20.585,20.59,20.585,20.5899,20.5899,309,9
1657120273,20.589,20.59,20.58,20.58,20.58263,173,38
1657120274,20.5815,20.5899,20.58,20.58,20.58719,93,11
1657120275,20.5855,20.5855,20.585,20.585,20.58507,7,7
1657120276,20.585,20.5899,20.585,20.585,20.58922,29,5
1657120277,20.59,20.59,20.58,20.59,20.58292,31,9
1657120278,20.585,20.585,20.58,20.585,20.58102,10,8
1657120279,20.585,20.585,20.585,20.585,20.585,4,4
1657120280,20.585,20.585,20.58,20.58,20.583,5,4
1657120281,20.58,20.589,20.575,20.58,20.57996,280,112
1657120282,20.585,20.59,20.58,20.59,20.58407,49,24
1657120283,20.59,20.59,20.58,20.585,20.58708,44,15
1657120284,20.585,20.585,20.58,20.58,20.58375,12,5
1657120285,20.59,20.59,20.585,20.59,20.58981,26,17
1657120286,20.59,20.59,20.59,20.59,20.59,0,0
1657120287,20.59,20.5965,20.59,20.5965,20.5913,20,2
1657120288,20.59,20.595,20.59,20.595,20.59099,7,2
1657120289,20.5941,20.5941,20.59,20.59,20.59328,10,2
1657120290,20.59,20.59,20.59,20.59,20.59,0,0
1657120291,20.6,20.605,20.6,20.6023,20.60049,59,23
1657120292,20.6,20.605,20.6,20.605,20.60054,10,5
1657120293,20.605,20.605,20.605,20.605,20.605,0,0
1657120294,20.6001,20.601,20.6001,20.601,20.60029,5,2
1657120295,20.6,20.6,20.6,20.6,20.6,1,1
1657120296,20.6,20.6,20.6,20.6,20.6,0,0
1657120297,20.605,20.61,20.59,20.595,20.59778,311,114
1657120298,20.59,20.5993,20.59,20.59,20.59578,6,4
1657120299,20.5918,20.6,20.5918,20.6,20.59903,13,9
1657120300,20.6,20.6,20.6,20.6,20.6,0,0
1657120301,20.6,20.6,20.595,20.595,20.59714,7,5
1657120302,20.5936,20.5936,20.5936,20.5936,20.5936,1,1
1657120303,20.5936,20.5936,20.5936,20.5936,20.5936,0,0
1657120304,20.5936,20.5936,20.5936,20.5936,20.5936,0,0
1657120305,20.5936,20.5936,20.5936,20.5936,20.5936,0,0
1657120306,20.5968,20.5968,20.595,20.595,20.59635,4,2
1657120307,20.6,20.6,20.595,20.6,20.5997,40,13
1657120308,20.5999,20.6,20.59,20.59,20.59728,162,61
1657120309,20.585,20.585,20.585,20.585,20.585,3,3
1657120310,20.58,20.58,20.57,20.57,20.57193,43,13
1657120311,20.575,20.575,20.57,20.575,20.5725,4,4
1657120312,20.5799,20.5799,20.575,20.575,20.57945,11,2
1657120313,20.575,20.58,20.575,20.58,20.57835,12,9
1657120314,20.58,20.58,20.58,20.58,20.58,0,0
1657120315,20.58,20.58,20.58,20.58,20.58,54,30
1657120316,20.5778,20.5778,20.5778,20.5778,20.5778,1,1
1657120317,20.5778,20.5778,20.5778,20.5778,20.5778,0,0
1657120318,20.57,20.5775,20.57,20.5775,20.57375,2,2
1657120319,20.58,20.58,20.57,20.58,20.57919,83,16
1657120320,20.58,20.58,20.58,20.58,20.58,0,0
1657120321,20.575,20.575,20.575,20.575,20.575,2,1
1657120322,20.575,20.575,20.575,20.575,20.575,1,1
1657120323,20.575,20.575,20.575,20.575,20.575,0,0
1657120324,20.578,20.578,20.57,20.57,20.57247,63,16
1657120325,20.565,20.565,20.565,20.565,20.565,1,1
1657120326,20.5612,20.565,20.56,20.56,20.56116,25,5
1657120327,20.56,20.56,20.56,20.56,20.56,0,0
1657120328,20.565,20.565,20.55,20.55,20.55853,54,12
1657120329,20.56,20.56,20.55,20.56,20.55381,59,21
1657120330,20.56,20.56,20.56,20.56,20.56,1,1
1657120331,20.565,20.565,20.565,20.565,20.565,6,2
1657120332,20.57,20.58,20.565,20.5757,20.577,70,16
1657120333,20.58,20.58,20.58,20.58,20.58,1,1
1657120334,20.58,20.58,20.58,20.58,20.58,8,5
1657120335,20.58,20.58,20.58,20.58,20.58,2,1
1657120336,20.5727,20.5727,20.5727,20.5727,20.5727,2,1
1657120337,20.5727,20.5727,20.5727,20.5727,20.5727,0,0
1657120338,20.5727,20.5727,20.5727,20.5727,20.5727,0,0
1657120339,20.58,20.58,20.58,20.58,20.58,2,2
1657120340,20.57,20.57,20.57,20.57,20.57,53,2
1657120341,20.575,20.5894,20.575,20.5894,20.58625,93,19
1657120342,20.58,20.5801,20.58,20.5801,20.58005,28,9
1657120343,20.583,20.5879,20.583,20.5879,20.5866,52,3
1657120344,20.585,20.59,20.585,20.59,20.58611,45,7
1657120345,20.5879,20.59,20.5879,20.59,20.58931,30,9
1657120346,20.59,20.59,20.59,20.59,20.59,2,2
1657120347,20.5901,20.5901,20.5901,20.5901,20.5901,1,1
1657120348,20.5901,20.5901,20.5901,20.5901,20.5901,0,0
1657120349,20.595,20.595,20.595,20.595,20.595,1,1
1657120350,20.595,20.595,20.5885,20.5885,20.58971,34,9
1657120351,20.5872,20.5872,20.58,20.58,20.58191,18,9
1657120352,20.58,20.58,20.58,20.58,20.58,100,1
1657120353,20.575,20.575,20.575,20.575,20.575,1,1
1657120354,20.575,20.575,20.575,20.575,20.575,13,1
1657120355,20.5774,20.58,20.5774,20.58,20.5787,2,2
1657120356,20.57,20.5799,20.565,20.5799,20.57162,54,22
1657120357,20.5799,20.5799,20.5799,20.5799,20.5799,0,0
1657120358,20.58,20.5896,20.58,20.5896,20.58095,31,18
1657120359,20.58,20.58,20.57,20.57,20.57799,85,8
1657120360,20.575,20.575,20.57,20.57,20.57167,7,2
1657120361,20.57,20.57,20.57,20.57,20.57,0,0
1657120362,20.575,20.575,20.565,20.57,20.56978,22,14
1657120363,20.5608,20.5609,20.5608,20.5609,20.5609,66,2
1657120364,20.57,20.577,20.57,20.57,20.5702,34,17
1657120365,20.56,20.57,20.56,20.568,20.56104,27,3
1657120366,20.57,20.57,20.57,20.57,20.57,1,1
1657120367,20.5694,20.57,20.565,20.565,20.56645,70,8
1657120368,20.57,20.57,20.565,20.57,20.56842,69,16
1657120369,20.575,20.58,20.57,20.58,20.57622,15,13
1657120370,20.575,20.575,20.575,20.575,20.575,1,1
1657120371,20.58,20.585,20.58,20.585,20.58025,20,16
1657120372,20.5858,20.5858,20.58,20.58,20.58322,4,3
1657120373,20.58,20.59,20.58,20.59,20.58636,5,4
1657120374,20.59,20.59,20.59,20.59,20.59,0,0
1657120375,20.59,20.59,20.59,20.59,20.59,1,1
1657120376,20.59,20.59,20.59,20.59,20.59,0,0
1657120377,20.5877,20.59,20.5877,20.59,20.58923,3,2
1657120378,20.59,20.59,20.59,20.59,20.59,0,0
1657120379,20.59,20.59,20.59,20.59,20.59,0,0
1657120380,20.59,20.595,20.585,20.585,20.59004,81,33
1657120381,20.585,20.585,20.585,20.585,20.585,3,1
1657120382,20.585,20.585,20.585,20.585,20.585,0,0
1657120383,20.585,20.585,20.585,20.585,20.585,1,1
1657120384,20.59,20.59,20.59,20.59,20.59,6,6
1657120385,20.59,20.59,20.59,20.59,20.59,49,27
1657120386,20.59,20.59,20.585,20.59,20.58949,29,5
1657120387,20.59,20.59,20.59,20.59,20.59,3,3
1657120388,20.59,20.59,20.5891,20.59,20.58996,23,14
1657120389,20.59,20.59,20.59,20.59,20.59,1,1
1657120390,20.589,20.589,20.589,20.589,20.589,8,1
1657120391,20.59,20.59,20.59,20.59,20.59,19,6
1657120392,20.59,20.59,20.59,20.59,20.59,0,0
1657120393,20.6,20.6,20.595,20.6,20.59958,26,9
1657120394,20.6,20.6,20.6,20.6,20.6,1,1
1657120395,20.605,20.605,20.5925,20.5925,20.59899,17,3
1657120396,20.59,20.59,20.59,20.59,20.59,15,4
1657120397,20.59,20.59,20.59,20.59,20.59,0,0
1657120398,20.59,20.59,20.59,20.59,20.59,0,0
1657120399,20.59,20.59,20.59,20.59,20.59,2,2
1657120400,20.59,20.59,20.59,20.59,20.59,0,0
1657120401,20.595,20.6,20.59,20.6,20.59048,65,5
1657120402,20.595,20.595,20.595,20.595,20.595,16,1
1657120403,20.595,20.595,20.59,20.5901,20.59164,6,3
1657120404,20.5977,20.5977,20.59,20.59,20.59257,30,2
1657120405,20.59,20.59,20.59,20.59,20.59,0,0
1657120406,20.585,20.585,20.585,20.585,20.585,1,1
1657120407,20.5825,20.5825,20.5825,20.5825,20.5825,2,1
1657120408,20.5899,20.5899,20.5899,20.5899,20.5899,4,1
1657120409,20.5801,20.5801,20.5801,20.5801,20.5801,5,1
1657120410,20.58,20.5817,20.58,20.5817,20.58112,38,2
1657120411,20.583,20.583,20.583,20.583,20.583,1,1
1657120412,20.59,20.5947,20.59,20.5947,20.59392,6,2
1657120413,20.59,20.5901,20.59,20.59,20.59001,10,5
1657120414,20.59,20.59,20.58,20.58,20.58702,10,5
1657120415,20.58,20.58,20.58,20.58,20.58,0,0
1657120416,20.59,20.5901,20.59,20.5901,20.59001,8,7
1657120417,20.59,20.59,20.59,20.59,20.59,6,3
1657120418,20.59,20.5912,20.59,20.59,20.59005,26,14
1657120419,20.585,20.585,20.585,20.585,20.585,25,1
1657120420,20.585,20.585,20.57,20.57,20.57212,119,38
1657120421,20.565,20.565,20.565,20.565,20.565,2,2
1657120422,20.565,20.565,20.565,20.565,20.565,23,2
1657120423,20.565,20.565,20.565,20.565,20.565,0,0
1657120424,20.56,20.56,20.54,20.54,20.54917,371,47
1657120425,20.5474,20.55,20.5474,20.55,20.54837,2,2
1657120426,20.54,20.54,20.54,20.54,20.54,27,12
1657120427,20.55,20.55,20.5402,20.5402,20.54058,26,2
1657120428,20.545,20.548,20.545,20.545,20.5471,20,3
1657120429,20.545,20.545,20.545,20.545,20.545,30,1
1657120430,20.55,20.555,20.55,20.555,20.5507,44,24
1657120431,20.555,20.555,20.555,20.555,20.555,2,2
1657120432,20.56,20.56,20.56,20.56,20.56,1,1
1657120433,20.555,20.555,20.555,20.555,20.555,1,1
1657120434,20.5585,20.5585,20.555,20.555,20.55733,15,2
1657120435,20.555,20.555,20.55,20.55,20.55333,3,3
1657120436,20.55,20.55,20.55,20.55,20.55,0,0
1657120437,20.55,20.55,20.55,20.55,20.55,1,1
1657120438,20.553,20.56,20.553,20.56,20.55971,84,34
1657120439,20.55,20.5509,20.5412,20.5423,20.54967,61,10
1657120440,20.5493,20.55,20.5493,20.55,20.54963,6,3
1657120441,20.55,20.55,20.55,20.55,20.55,0,0
1657120442,20.55,20.55,20.55,20.55,20.55,4,3
1657120443,20.55,20.5583,20.55,20.5583,20.55394,26,2
1657120444,20.55,20.55,20.55,20.55,20.55,25,1
1657120445,20.55,20.555,20.55,20.55,20.55009,56,15
1657120446,20.55,20.55,20.55,20.55,20.55,6,5
1657120447,20.545,20.55,20.545,20.55,20.54962,39,3
1657120448,20.54,20.54,20.54,20.54,20.54,1,1
1657120449,20.54,20.54,20.54,20.54,20.54,0,0
1657120450,20.54,20.5476,20.54,20.545,20.54466,7,3
1657120451,20.54,20.55,20.54,20.55,20.54071,28,3
1657120452,20.543,20.543,20.54,20.54,20.54019,38,2
1657120453,20.54,20.54,20.54,20.54,20.54,1,1
1657120454,20.54,20.54,20.54,20.54,20.54,0,0
1657120455,20.54,20.54,20.54,20.54,20.54,1,1
1657120456,20.54,20.54,20.5301,20.5301,20.53713,86,15
1657120457,20.53,20.535,20.53,20.535,20.53076,157,62
1657120458,20.53,20.53,20.53,20.53,20.53,1,1
1657120459,20.54,20.54,20.535,20.535,20.5374,25,14
1657120460,20.54,20.54,20.54,20.54,20.54,24,11
1657120461,20.545,20.55,20.54,20.54,20.54778,9,7
1657120462,20.54,20.54,20.54,20.54,20.54,1,1
1657120463,20.542,20.542,20.542,20.542,20.542,2,1
1657120464,20.545,20.545,20.545,20.545,20.545,30,1
1657120465,20.55,20.55,20.545,20.55,20.5496,37,30
1657120466,20.55,20.55,20.545,20.545,20.5475,2,2
1657120467,20.55,20.55,20.541,20.55,20.54594,20,9
1657120468,20.55,20.55,20.54,20.545,20.54176,32,3
1657120469,20.54,20.54,20.54,20.54,20.54,23,7
1657120470,20.54,20.54,20.5397,20.5397,20.53985,12,2
1657120471,20.5397,20.5397,20.5397,20.5397,20.5397,0,0
1657120472,20.5397,20.5397,20.5397,20.5397,20.5397,0,0
1657120473,20.5397,20.5397,20.5397,20.5397,20.5397,0,0
1657120474,20.53,20.53,20.52,20.525,20.52786,58,15
1657120475,20.5291,20.53,20.52,20.52,20.52594,79,11
1657120476,20.525,20.5253,20.52,20.525,20.52289,37,6
1657120477,20.5299,20.5299,20.525,20.525,20.5298,51,2
1657120478,20.525,20.529,20.525,20.529,20.52767,3,2
1657120479,20.525,20.5374,20.525,20.53,20.53004,79,37
1657120480,20.52,20.53,20.52,20.525,20.52158,38,9
1657120481,20.525,20.53,20.525,20.53,20.5294,24,15
1657120482,20.535,20.54,20.535,20.54,20.53545,11,2
1657120483,20.53,20.53,20.53,20.53,20.53,5,1
1657120484,20.53,20.53,20.53,20.53,20.53,1,1
1657120485,20.53,20.53,20.53,20.53,20.53,0,0
1657120486,20.52,20.5258,20.52,20.52,20.52202,54,12
1657120487,20.52,20.52,20.52,20.52,20.52,0,0
1657120488,20.52,20.53,20.52,20.53,20.52154,16,11
1657120489,20.525,20.525,20.525,20.525,20.525,3,1
1657120490,20.525,20.528,20.525,20.528,20.5275,6,2
1657120491,20.525,20.525,20.52,20.525,20.52361,8,3
1657120492,20.52,20.525,20.52,20.525,20.52357,3,2
1657120493,20.5299,20.5299,20.5299,20.5299,20.5299,1,1
1657120494,20.53,20.53,20.52,20.5299,20.52963,109,61
1657120495,20.525,20.53,20.525,20.53,20.52868,19,11
1657120496,20.5255,20.5255,20.5255,20.5255,20.5255,11,1
1657120497,20.5255,20.5255,20.5255,20.5255,20.5255,0,0
1657120498,20.525,20.525,20.525,20.525,20.525,1,1
1657120499,20.5249,20.5249,20.5249,20.5249,20.5249,5,1
1657120500,20.525,20.525,20.48,20.485,20.50294,3813,773
1657120501,20.485,20.5,20.475,20.4978,20.48574,392,36
1657120502,20.49,20.495,20.48,20.48,20.48604,143,56
1657120503,20.485,20.495,20.485,20.4938,20.48797,65,9
1657120504,20.4938,20.4938,20.4938,20.4938,20.4938,0,0
1657120505,20.495,20.5,20.495,20.5,20.49978,114,51
1657120506,20.5,20.505,20.5,20.505,20.5013,23,2
1657120507,20.5,20.5,20.5,20.5,20.5,1,1
1657120508,20.5017,20.51,20.5017,20.51,20.50652,11,6
1657120509,20.51,20.51,20.51,20.51,20.51,0,0
1657120510,20.5101,20.515,20.51,20.515,20.51143,40,5
1657120511,20.5122,20.515,20.5101,20.5101,20.51013,202,3
1657120512,20.51,20.51,20.51,20.51,20.51,4,1
1657120513,20.52,20.52,20.52,20.52,20.52,30,11
1657120514,20.52,20.52,20.52,20.52,20.52,4,2
1657120515,20.5273,20.5273,20.525,20.525,20.52677,13,2
1657120516,20.525,20.5277,20.52,20.52,20.5206,194,63
1657120517,20.52,20.52,20.52,20.52,20.52,8,2
1657120518,20.52,20.52,20.515,20.515,20.51976,20,13
1657120519,20.515,20.515,20.515,20.515,20.515,1,1
1657120520,20.515,20.515,20.515,20.515,20.515,5,1
1657120521,20.5197,20.5197,20.51,20.5101,20.51725,26,3
1657120522,20.515,20.515,20.515,20.515,20.515,40,1
1657120523,20.52,20.53,20.52,20.53,20.52877,135,41
1657120524,20.535,20.535,20.53,20.53,20.53278,9,4
1657120525,20.535,20.535,20.535,20.535,20.535,1,1
1657120526,20.5378,20.5487,20.5378,20.5487,20.54244,70,30
1657120527,20.54,20.5455,20.54,20.54,20.54212,13,9
1657120528,20.541,20.5488,20.54,20.545,20.54021,202,13
1657120529,20.54,20.545,20.54,20.545,20.54115,19,4
1657120530,20.545,20.545,20.5411,20.5411,20.54435,6,2
1657120531,20.5433,20.5433,20.5433,20.5433,20.5433,1,1
1657120532,20.55,20.55,20.55,20.55,20.55,80,31
1657120533,20.55,20.55,20.55,20.55,20.55,11,3
1657120534,20.555,20.555,20.555,20.555,20.555,19,1
1657120535,20.5589,20.56,20.5589,20.56,20.55992,59,25
1657120536,20.5661,20.5661,20.56,20.56,20.56407,59,3
1657120537,20.56,20.56,20.56,20.56,20.56,0,0
1657120538,20.5599,20.5599,20.55,20.555,20.55797,23,5
1657120539,20.5501,20.5501,20.5427,20.5427,20.5448,7,3
1657120540,20.542,20.542,20.542,20.542,20.542,20,1
1657120541,20.545,20.545,20.545,20.545,20.545,2,1
1657120542,20.5462,20.5462,20.5462,20.5462,20.5462,1,1
1657120543,20.5462,20.5462,20.5462,20.5462,20.5462,0,0
1657120544,20.5401,20.55,20.5401,20.55,20.54901,10,5
1657120545,20.5591,20.5591,20.5577,20.5577,20.55853,24,2
1657120546,20.5577,20.5577,20.5577,20.5577,20.5577,0,0
1657120547,20.55,20.55,20.55,20.55,20.55,4,2
1657120548,20.55,20.55,20.54,20.545,20.54862,39,12
1657120549,20.545,20.545,20.54,20.54,20.54125,4,3
1657120550,20.54,20.54,20.54,20.54,20.54,0,0
1657120551,20.5486,20.5486,20.54,20.54,20.54288,13,3
1657120552,20.54,20.54,20.54,20.54,20.54,0,0
1657120553,20.5499,20.5499,20.5334,20.5334,20.54818,113,4
1657120554,20.537,20.537,20.535,20.535,20.53682,11,2
1657120555,20.5392,20.5392,20.5373,20.5373,20.53857,3,2
1657120556,20.535,20.535,20.535,20.535,20.535,15,1
1657120557,20.54,20.54,20.5363,20.5363,20.53723,4,2
1657120558,20.5363,20.5363,20.5363,20.5363,20.5363,0,0
1657120559,20.535,20.535,20.535,20.535,20.535,1,1
1657120560,20.535,20.535,20.535,20.535,20.535,32,2
1657120561,20.535,20.54,20.535,20.54,20.53869,15,8
1657120562,20.535,20.5378,20.53,20.5378,20.53563,44,7
1657120563,20.53,20.535,20.53,20.535,20.53071,7,5
1657120564,20.5324,20.5324,20.5324,20.5324,20.5324,6,4
1657120565,20.54,20.56,20.54,20.56,20.55677,192,56
1657120566,20.55,20.55,20.55,20.55,20.55,1,1
1657120567,20.55,20.55,20.55,20.55,20.55,5,1
1657120568,20.56,20.56,20.56,20.56,20.56,70,29
1657120569,20.57,20.57,20.555,20.558,20.56801,158,62
1657120570,20.5578,20.56,20.5501,20.56,20.55579,45,9
1657120571,20.55,20.55,20.55,20.55,20.55,26,12
1657120572,20.5599,20.5599,20.5599,20.5599,20.5599,14,1
1657120573,20.5501,20.5501,20.5501,20.5501,20.5501,1,1
1657120574,20.55,20.555,20.55,20.552,20.55138,33,18
1657120575,20.55,20.5598,20.545,20.5598,20.5502,24,17
1657120576,20.55,20.55,20.55,20.55,20.55,7,4
1657120577,20.545,20.5457,20.545,20.5457,20.5451,49,2
1657120578,20.545,20.56,20.545,20.56,20.55,47,26
1657120579,20.56,20.56,20.56,20.56,20.56,0,0
1657120580,20.56,20.56,20.56,20.56,20.56,1,1
1657120581,20.56,20.56,20.55,20.55,20.5586,35,11
1657120582,20.56,20.56,20.5589,20.56,20.55968,23,18
1657120583,20.56,20.57,20.56,20.57,20.56784,86,43
1657120584,20.57,20.57,20.565,20.565,20.56965,91,42
1657120585,20.57,20.58,20.57,20.58,20.57829,177,77
1657120586,20.5737,20.58,20.5737,20.5758,20.5765,3,3
1657120587,20.58,20.58,20.57,20.57,20.57138,14,9
1657120588,20.56,20.57,20.56,20.5667,20.56513,28,5
1657120589,20.57,20.57,20.565,20.57,20.56988,85,45
1657120590,20.57,20.57,20.56,20.5656,20.56234,84,6
1657120591,20.565,20.565,20.565,20.565,20.565,2,1
1657120592,20.565,20.565,20.565,20.565,20.565,0,0
1657120593,20.565,20.565,20.565,20.565,20.565,1,1
1657120594,20.565,20.565,20.565,20.565,20.565,0,0
1657120595,20.57,20.57,20.5635,20.5635,20.56962,17,13
1657120596,20.5635,20.5635,20.5635,20.5635,20.5635,0,0
1657120597,20.5615,20.5615,20.5615,20.5615,20.5615,15,1
1657120598,20.5615,20.5615,20.5615,20.5615,20.5615,0,0
1657120599,20.5615,20.5615,20.5615,20.5615,20.5615,0,0
1657120600,20.565,20.565,20.56,20.56,20.56042,70,34
1657120601,20.5599,20.5599,20.5599,20.5599,20.5599,10,1
1657120602,20.5696,20.5696,20.5696,20.5696,20.5696,10,1
1657120603,20.565,20.5683,20.5637,20.565,20.56508,23,4
1657120604,20.5601,20.5669,20.56,20.5669,20.56115,12,3
1657120605,20.5699,20.5699,20.56,20.56,20.56354,8,5
1657120606,20.57,20.5701,20.57,20.5701,20.57008,166,23
1657120607,20.57,20.57,20.57,20.57,20.57,54,8
1657120608,20.57,20.5799,20.57,20.5799,20.57605,25,5
1657120609,20.57,20.57,20.57,20.57,20.57,1,1
1657120610,20.575,20.575,20.5701,20.5701,20.57092,6,2
1657120611,20.569,20.57,20.5657,20.5657,20.56682,6,5
1657120612,20.5652,20.5652,20.5652,20.5652,20.5652,1,1
1657120613,20.565,20.57,20.565,20.5657,20.56569,31,11
1657120614,20.5657,20.5657,20.5657,20.5657,20.5657,0,0
1657120615,20.56,20.56,20.56,20.56,20.56,104,2
1657120616,20.56,20.56,20.56,20.56,20.56,0,0
1657120617,20.57,20.57,20.57,20.57,20.57,5,3
1657120618,20.5657,20.5657,20.5657,20.5657,20.5657,5,1
1657120619,20.57,20.5798,20.57,20.5798,20.5705,29,9
1657120620,20.58,20.58,20.58,20.58,20.58,118,53
1657120621,20.58,20.58,20.58,20.58,20.58,18,11
1657120622,20.5807,20.5807,20.5807,20.5807,20.5807,25,1
1657120623,20.59,20.59,20.5898,20.5898,20.58988,2,2
1657120624,20.582,20.5866,20.58,20.5866,20.58139,48,16
1657120625,20.5866,20.5866,20.5866,20.5866,20.5866,0,0
1657120626,20.58,20.58,20.58,20.58,20.58,1,1
1657120627,20.58,20.58,20.58,20.58,20.58,0,0
1657120628,20.58,20.5899,20.575,20.5899,20.5796,125,43
1657120629,20.58,20.58,20.58,20.58,20.58,17,11
1657120630,20.58,20.58,20.58,20.58,20.58,17,4
1657120631,20.58,20.6,20.58,20.6,20.58961,91,53
1657120632,20.595,20.595,20.595,20.595,20.595,5,1
1657120633,20.595,20.6,20.595,20.6,20.59891,60,26
1657120634,20.5901,20.5901,20.59,20.59,20.59008,36,2
1657120635,20.59,20.59,20.59,20.59,20.59,3,3
1657120636,20.59,20.59,20.585,20.59,20.58833,3,3
1657120637,20.5874,20.5874,20.5874,20.5874,20.5874,1,1
1657120638,20.59,20.5962,20.59,20.59,20.59274,75,10
1657120639,20.5972,20.5972,20.5972,20.5972,20.5972,2,1
1657120640,20.59,20.59,20.59,20.59,20.59,54,11
1657120641,20.59,20.59,20.59,20.59,20.59,0,0
1657120642,20.59,20.59,20.58,20.58,20.58581,12,11
1657120643,20.585,20.585,20.58,20.58,20.58372,19,2
1657120644,20.5827,20.59,20.5827,20.59,20.58635,2,2
1657120645,20.59,20.59,20.59,20.59,20.59,0,0
1657120646,20.585,20.585,20.585,20.585,20.585,5,1
1657120647,20.5885,20.5885,20.5885,20.5885,20.5885,1,1
1657120648,20.5885,20.5885,20.5885,20.5885,20.5885,0,0
1657120649,20.5871,20.5871,20.5871,20.5871,20.5871,1,1
1657120650,20.58,20.58,20.58,20.58,20.58,2,1
1657120651,20.585,20.59,20.5801,20.5801,20.5851,41,5
1657120652,20.5801,20.5801,20.5801,20.5801,20.5801,0,0
1657120653,20.59,20.59,20.59,20.59,20.59,21,8
1657120654,20.59,20.59,20.59,20.59,20.59,0,0
1657120655,20.59,20.6,20.59,20.5956,20.59504,145,15
1657120656,20.6,20.605,20.6,20.6,20.60025,124,46
1657120657,20.6,20.6099,20.6,20.6099,20.60398,12,5
1657120658,20.6099,20.6099,20.6099,20.6099,20.6099,0,0
1657120659,20.605,20.605,20.605,20.605,20.605,5,2
1657120660,20.6,20.6,20.5907,20.5907,20.59535,2,2
1657120661,20.595,20.595,20.595,20.595,20.595,6,1
1657120662,20.5901,20.5901,20.5901,20.5901,20.5901,5,1
1657120663,20.59,20.595,20.59,20.595,20.59068,7,2
1657120664,20.5999,20.5999,20.59,20.59,20.59495,2,2
1657120665,20.59,20.59,20.59,20.59,20.59,0,0
1657120666,20.59,20.59,20.59,20.59,20.59,4,1
1657120667,20.6,20.6,20.59,20.59,20.5992,14,4
1657120668,20.59,20.6,20.59,20.6,20.5979,52,22
1657120669,20.6,20.6,20.59,20.59,20.59208,131,55
1657120670,20.59,20.59,20.59,20.59,20.59,0,0
1657120671,20.59,20.59,20.59,20.59,20.59,7,1
1657120672,20.595,20.595,20.59,20.59,20.59466,29,3
1657120673,20.595,20.595,20.58,20.58,20.58656,54,11
1657120674,20.59,20.59,20.58,20.58,20.58812,26,14
1657120675,20.5899,20.5899,20.5899,20.5899,20.5899,4,1
1657120676,20.58,20.58,20.58,20.58,20.58,3,2
1657120677,20.585,20.59,20.585,20.59,20.5875,2,2
1657120678,20.5899,20.5899,20.5899,20.5899,20.5899,5,1
1657120679,20.58,20.58,20.58,20.58,20.58,1,1
1657120680,20.58,20.58,20.58,20.58,20.58,24,7
1657120681,20.58,20.58,20.58,20.58,20.58,2,2
1657120682,20.58,20.58,20.58,20.58,20.58,0,0
1657120683,20.58,20.58,20.58,20.58,20.58,1,1
1657120684,20.5801,20.581,20.58,20.58,20.58011,79,9
1657120685,20.57,20.58,20.57,20.58,20.57838,45,30
1657120686,20.5765,20.58,20.57,20.58,20.57676,27,15
1657120687,20.575,20.58,20.575,20.58,20.57747,39,10
1657120688,20.58,20.58,20.57,20.58,20.577,15,8
1657120689,20.58,20.58,20.58,20.58,20.58,0,0
1657120690,20.57,20.58,20.57,20.5735,20.57425,4,3
1657120691,20.58,20.58,20.58,20.58,20.58,26,11
1657120692,20.5801,20.5801,20.58,20.58,20.58002,23,9
1657120693,20.58,20.58,20.58,20.58,20.58,1,1
1657120694,20.58,20.58,20.58,20.58,20.58,1,1
1657120695,20.58,20.58,20.58,20.58,20.58,0,0
1657120696,20.58,20.58,20.58,20.58,20.58,0,0
1657120697,20.58,20.58,20.58,20.58,20.58,0,0
1657120698,20.58,20.58,20.58,20.58,20.58,0,0
1657120699,20.58,20.58,20.58,20.58,20.58,7,7
1657120700,20.58,20.58,20.58,20.58,20.58,1,1
1657120701,20.5779,20.5779,20.5779,20.5779,20.5779,1,1
1657120702,20.575,20.575,20.57,20.57,20.5725,2,2
1657120703,20.58,20.58,20.58,20.58,20.58,2,1
1657120704,20.57,20.58,20.57,20.58,20.57889,45,19
1657120705,20.58,20.58,20.58,20.58,20.58,0,0
1657120706,20.57,20.57,20.57,20.57,20.57,2,1
1657120707,20.57,20.5769,20.57,20.5769,20.57064,10,3
1657120708,20.5769,20.5769,20.5769,20.5769,20.5769,0,0
1657120709,20.575,20.575,20.575,20.575,20.575,2,1
1657120710,20.57,20.57,20.57,20.57,20.57,46,17
1657120711,20.565,20.57,20.565,20.57,20.56699,19,8
1657120712,20.57,20.57,20.57,20.57,20.57,0,0
1657120713,20.57,20.57,20.565,20.565,20.56884,113,5
1657120714,20.57,20.57,20.565,20.565,20.569,6,2
1657120715,20.57,20.575,20.565,20.57,20.56932,132,35
1657120716,20.575,20.575,20.57,20.57,20.57167,3,3
1657120717,20.57,20.57,20.57,20.57,20.57,1,1
1657120718,20.575,20.575,20.565,20.5699,20.56995,105,38
1657120719,20.565,20.5669,20.565,20.5669,20.56554,7,2
1657120720,20.5699,20.5699,20.5699,20.5699,20.5699,5,1
1657120721,20.5632,20.5632,20.56,20.56,20.56061,6,5
1657120722,20.565,20.565,20.555,20.555,20.55928,56,19
1657120723,20.555,20.555,20.555,20.555,20.555,0,0
1657120724,20.5579,20.5579,20.555,20.555,20.55558,15,2
1657120725,20.5556,20.5556,20.5521,20.5521,20.55327,15,2
1657120726,20.5599,20.5599,20.55,20.55,20.55956,177,4
1657120727,20.555,20.56,20.55,20.55,20.55754,31,18
1657120728,20.56,20.56,20.55,20.55,20.55857,7,7
1657120729,20.56,20.56,20.55,20.56,20.55905,15,12
1657120730,20.56,20.56,20.55,20.55,20.55744,3,3
1657120731,20.56,20.56,20.56,20.56,20.56,8,7
1657120732,20.555,20.56,20.55,20.56,20.55571,3,3
1657120733,20.555,20.56,20.555,20.555,20.55634,48,10
1657120734,20.56,20.56,20.55,20.55,20.55831,13,8
1657120735,20.5579,20.57,20.5579,20.565,20.56323,103,36
1657120736,20.565,20.57,20.565,20.57,20.5695,84,26
1657120737,20.57,20.57,20.57,20.57,20.57,20,13
1657120738,20.57,20.57,20.57,20.57,20.57,1,1
1657120739,20.58,20.58,20.575,20.58,20.57972,107,47
1657120740,20.58,20.58,20.58,20.58,20.58,3,1
1657120741,20.58,20.58,20.58,20.58,20.58,0,0
1657120742,20.575,20.5799,20.5748,20.5748,20.57518,18,4
1657120743,20.58,20.58,20.57,20.57,20.57141,11,2
1657120744,20.57,20.57,20.57,20.57,20.57,0,0
1657120745,20.5703,20.5703,20.5703,20.5703,20.5703,5,1
1657120746,20.5703,20.5703,20.5703,20.5703,20.5703,0,0
1657120747,20.5703,20.5703,20.5703,20.5703,20.5703,0,0
1657120748,20.5703,20.5703,20.5703,20.5703,20.5703,0,0
1657120749,20.5703,20.5703,20.5703,20.5703,20.5703,0,0
1657120750,20.5703,20.5703,20.5703,20.5703,20.5703,0,0
1657120751,20.58,20.58,20.5757,20.5785,20.57807,3,3
1657120752,20.5757,20.5758,20.5757,20.5758,20.57575,2,2
1657120753,20.5775,20.5775,20.5775,20.5775,20.5775,1,1
1657120754,20.578,20.578,20.578,20.578,20.578,3,1
1657120755,20.578,20.578,20.578,20.578,20.578,0,0
1657120756,20.578,20.578,20.578,20.578,20.578,0,0
1657120757,20.5732,20.5763,20.5701,20.5701,20.5732,3,3
1657120758,20.57,20.57,20.57,20.57,20.57,1,1
1657120759,20.57,20.57,20.57,20.57,20.57,0,0
1657120760,20.58,20.59,20.58,20.59,20.58059,27,14
1657120761,20.585,20.5852,20.585,20.5852,20.58503,30,3
1657120762,20.5827,20.5827,20.5827,20.5827,20.5827,5,1
1657120763,20.5861,20.59,20.5861,20.59,20.58968,61,21
1657120764,20.59,20.59,20.585,20.5887,20.58873,6,5
1657120765,20.59,20.59,20.59,20.59,20.59,41,21
1657120766,20.59,20.59,20.585,20.59,20.58728,90,22
1657120767,20.5968,20.5968,20.5909,20.5909,20.59527,3,2
1657120768,20.59,20.59,20.5872,20.5872,20.58978,12,5
1657120769,20.5891,20.5891,20.5891,20.5891,20.5891,3,1
1657120770,20.58,20.58,20.575,20.575,20.57917,29,6
1657120771,20.575,20.575,20.575,20.575,20.575,0,0
1657120772,20.578,20.59,20.578,20.58,20.58559,300,38
1657120773,20.58,20.58,20.58,20.58,20.58,1,1
1657120774,20.58,20.58,20.577,20.577,20.579,3,3
1657120775,20.575,20.575,20.57,20.57,20.57012,42,11
1657120776,20.5699,20.5699,20.5699,20.5699,20.5699,1,1
1657120777,20.5683,20.5683,20.5645,20.5645,20.56543,4,2
1657120778,20.57,20.575,20.57,20.575,20.57028,36,2
1657120779,20.575,20.575,20.575,20.575,20.575,1,1
1657120780,20.5747,20.5747,20.57,20.5717,20.57078,29,3
1657120781,20.575,20.5779,20.575,20.5779,20.57732,7,2
1657120782,20.5779,20.5779,20.5779,20.5779,20.5779,0,0
1657120783,20.5779,20.5779,20.5779,20.5779,20.5779,0,0
1657120784,20.58,20.58,20.58,20.58,20.58,36,12
1657120785,20.58,20.58,20.58,20.58,20.58,4,3
1657120786,20.5775,20.5775,20.5775,20.5775,20.5775,5,1
1657120787,20.5789,20.5791,20.5789,20.5791,20.57894,24,2
1657120788,20.57,20.57,20.57,20.57,20.57,10,1
1657120789,20.57,20.57,20.57,20.57,20.57,0,0
1657120790,20.57,20.57,20.57,20.57,20.57,0,0
1657120791,20.58,20.58,20.57,20.57,20.57313,3,2
1657120792,20.58,20.58,20.5799,20.5799,20.57993,3,2
1657120793,20.58,20.58,20.5797,20.5797,20.57985,2,2
1657120794,20.5797,20.5797,20.5797,20.5797,20.5797,0,0
1657120795,20.58,20.59,20.58,20.59,20.58639,70,30
1657120796,20.59,20.59,20.59,20.59,20.59,4,3
1657120797,20.5898,20.5898,20.5898,20.5898,20.5898,5,1
1657120798,20.5873,20.5988,20.5873,20.5988,20.59019,45,19
1657120799,20.59,20.59,20.59,20.59,20.59,14,9
1657120800,20.595,20.595,20.595,20.595,20.595,20,1
1657120801,20.59,20.6,20.59,20.5925,20.59453,35,22
1657120802,20.59,20.59,20.5877,20.5877,20.58885,2,2
1657120803,20.5877,20.5877,20.5877,20.5877,20.5877,0,0
1657120804,20.5899,20.5899,20.5899,20.5899,20.5899,1,1
1657120805,20.5849,20.585,20.5849,20.585,20.58499,21,2
1657120806,20.585,20.585,20.585,20.585,20.585,0,0
1657120807,20.59,20.59,20.5859,20.5859,20.58973,16,7
1657120808,20.5859,20.5859,20.5859,20.5859,20.5859,0,0
1657120809,20.5859,20.5859,20.5859,20.5859,20.5859,0,0
1657120810,20.5867,20.5867,20.5867,20.5867,20.5867,1,1
1657120811,20.58,20.58,20.575,20.575,20.57981,153,20
1657120812,20.57,20.57,20.57,20.57,20.57,31,18
1657120813,20.57,20.57,20.57,20.57,20.57,20,11
1657120814,20.57,20.57,20.57,20.57,20.57,0,0
1657120815,20.565,20.5677,20.565,20.565,20.56693,10,4
1657120816,20.5654,20.5654,20.5614,20.5614,20.56171,32,2
1657120817,20.5603,20.5603,20.55,20.555,20.55432,130,33
1657120818,20.555,20.555,20.555,20.555,20.555,0,0
1657120819,20.55,20.55,20.55,20.55,20.55,20,1
1657120820,20.555,20.555,20.55,20.55,20.55375,4,2
1657120821,20.55,20.5585,20.55,20.5585,20.5504,112,34
1657120822,20.56,20.56,20.5599,20.5599,20.55998,27,7
1657120823,20.56,20.56,20.55,20.55,20.555,17,4
1657120824,20.56,20.56,20.56,20.56,20.56,1,1
1657120825,20.56,20.56,20.56,20.56,20.56,0,0
1657120826,20.56,20.56,20.56,20.56,20.56,0,0
1657120827,20.5566,20.5599,20.545,20.545,20.54635,76,10
1657120828,20.55,20.55,20.55,20.55,20.55,9,6
1657120829,20.5499,20.5499,20.5499,20.5499,20.5499,12,1
1657120830,20.5499,20.5499,20.5499,20.5499,20.5499,0,0
1657120831,20.5473,20.5473,20.5473,20.5473,20.5473,1,1
1657120832,20.5475,20.5496,20.545,20.5496,20.54838,62,3
1657120833,20.5496,20.5496,20.5496,20.5496,20.5496,0,0
1657120834,20.5459,20.5459,20.545,20.545,20.54545,2,2
1657120835,20.545,20.545,20.545,20.545,20.545,0,0
1657120836,20.545,20.545,20.545,20.545,20.545,0,0
1657120837,20.5499,20.5499,20.5499,20.5499,20.5499,5,1
1657120838,20.5499,20.5499,20.5499,20.5499,20.5499,0,0
1657120839,20.545,20.548,20.545,20.545,20.54638,13,4
1657120840,20.55,20.55,20.55,20.55,20.55,378,16
1657120841,20.555,20.56,20.55,20.56,20.55206,129,7
1657120842,20.55,20.555,20.55,20.55,20.55256,9,4
1657120843,20.55,20.55,20.55,20.55,20.55,0,0
1657120844,20.5523,20.555,20.5523,20.555,20.55244,19,2
1657120845,20.555,20.555,20.555,20.555,20.555,12,4
1657120846,20.55,20.56,20.55,20.555,20.55176,19,11
1657120847,20.55,20.555,20.55,20.555,20.55167,6,3
1657120848,20.55,20.55,20.54,20.54,20.54353,17,11
1657120849,20.54,20.54,20.54,20.54,20.54,4,1
1657120850,20.5466,20.5473,20.5466,20.5473,20.54701,4,2
1657120851,20.5473,20.5473,20.5473,20.5473,20.5473,0,0
1657120852,20.5473,20.5473,20.5473,20.5473,20.5473,0,0
1657120853,20.5473,20.5473,20.5473,20.5473,20.5473,0,0
1657120854,20.55,20.55,20.5437,20.5499,20.54854,4,3
1657120855,20.5451,20.5451,20.5451,20.5451,20.5451,6,1
1657120856,20.5451,20.5451,20.5451,20.5451,20.5451,0,0
1657120857,20.54,20.54,20.54,20.54,20.54,25,1
1657120858,20.55,20.55,20.55,20.55,20.55,56,25
1657120859,20.56,20.56,20.555,20.5599,20.557,22,8
1657120860,20.555,20.555,20.555,20.555,20.555,1,1
1657120861,20.555,20.555,20.555,20.555,20.555,4,3
1657120862,20.555,20.555,20.555,20.555,20.555,0,0
1657120863,20.55,20.555,20.55,20.55,20.55045,22,11
1657120864,20.55,20.555,20.55,20.555,20.55375,8,3
1657120865,20.5516,20.56,20.5516,20.56,20.5593,120,38
1657120866,20.56,20.56,20.56,20.56,20.56,4,4
1657120867,20.555,20.555,20.55,20.55,20.5525,2,2
1657120868,20.555,20.5574,20.555,20.5574,20.5558,9,2
1657120869,20.5574,20.5574,20.5574,20.5574,20.5574,0,0
1657120870,20.5599,20.5599,20.5599,20.5599,20.5599,1,1
1657120871,20.5599,20.5599,20.5599,20.5599,20.5599,1,1
1657120872,20.555,20.555,20.555,20.555,20.555,60,1
1657120873,20.555,20.555,20.555,20.555,20.555,0,0
1657120874,20.56,20.56,20.555,20.555,20.55961,12,2
1657120875,20.5598,20.5598,20.5598,20.5598,20.5598,1,1
1657120876,20.55,20.55,20.55,20.55,20.55,20,7
1657120877,20.55,20.55,20.55,20.55,20.55,0,0
1657120878,20.55,20.55,20.55,20.55,20.55,0,0
1657120879,20.54,20.54,20.54,20.54,20.54,3,1
1657120880,20.55,20.55,20.54,20.55,20.5475,18,13
1657120881,20.55,20.55,20.55,20.55,20.55,1,1
1657120882,20.54,20.54,20.54,20.54,20.54,10,1
1657120883,20.55,20.55,20.55,20.55,20.55,2,1
1657120884,20.55,20.55,20.55,20.55,20.55,0,0
1657120885,20.55,20.55,20.55,20.55,20.55,5,3
1657120886,20.555,20.555,20.555,20.555,20.555,18,1
1657120887,20.56,20.56,20.56,20.56,20.56,1,1
1657120888,20.56,20.56,20.55,20.56,20.5589,41,23
1657120889,20.56,20.56,20.56,20.56,20.56,2,2
1657120890,20.56,20.57,20.5557,20.56,20.55953,60,29
1657120891,20.56,20.56,20.5581,20.5581,20.55996,45,19
1657120892,20.555,20.5595,20.555,20.5595,20.55725,2,2
1657120893,20.5595,20.5595,20.5595,20.5595,20.5595,0,0
1657120894,20.5566,20.5566,20.55,20.55,20.556,11,2
1657120895,20.559,20.56,20.5576,20.5576,20.55898,21,3
1657120896,20.55,20.55,20.55,20.55,20.55,15,1
1657120897,20.5599,20.5599,20.55,20.55,20.55288,3,2
1657120898,20.5518,20.5599,20.5518,20.5599,20.55436,14,2
1657120899,20.555,20.555,20.555,20.555,20.555,2,2
1657120900,20.556,20.556,20.55,20.55,20.5534,11,4
1657120901,20.55,20.55,20.55,20.55,20.55,1,1
1657120902,20.555,20.555,20.555,20.555,20.555,2,1
1657120903,20.56,20.56,20.56,20.56,20.56,4,1
1657120904,20.56,20.56,20.5462,20.5462,20.55046,29,14
1657120905,20.545,20.545,20.545,20.545,20.545,8,6
1657120906,20.5499,20.5499,20.54,20.54,20.54041,72,22
1657120907,20.54,20.545,20.54,20.545,20.54423,6,3
1657120908,20.54,20.54,20.53,20.5315,20.53177,55,22
1657120909,20.53,20.53,20.5221,20.5221,20.52797,58,23
1657120910,20.52,20.525,20.52,20.5247,20.52037,126,20
1657120911,20.525,20.525,20.52,20.52,20.52061,24,8
1657120912,20.52,20.52,20.51,20.51,20.51521,33,4
1657120913,20.5184,20.5199,20.51,20.5199,20.51741,7,3
1657120914,20.5199,20.5199,20.5199,20.5199,20.5199,0,0
1657120915,20.5199,20.5199,20.5199,20.5199,20.5199,0,0
1657120916,20.5199,20.5199,20.5199,20.5199,20.5199,0,0
1657120917,20.52,20.52,20.52,20.52,20.52,1,1
1657120918,20.52,20.52,20.52,20.52,20.52,0,0
1657120919,20.5167,20.5167,20.5101,20.5101,20.5112,6,2
1657120920,20.5101,20.5101,20.5101,20.5101,20.5101,0,0
1657120921,20.515,20.515,20.515,20.515,20.515,25,1
1657120922,20.52,20.52,20.5153,20.52,20.51739,9,4
1657120923,20.515,20.515,20.515,20.515,20.515,5,1
1657120924,20.51,20.5185,20.51,20.5185,20.51673,26,3
1657120925,20.5185,20.5185,20.5185,20.5185,20.5185,0,0
1657120926,20.515,20.515,20.515,20.515,20.515,3,2
1657120927,20.515,20.515,20.515,20.515,20.515,0,0
1657120928,20.515,20.515,20.515,20.515,20.515,0,0
1657120929,20.51,20.5201,20.51,20.52,20.51971,93,34
1657120930,20.52,20.52,20.5015,20.5099,20.51074,73,21
1657120931,20.505,20.5051,20.5,20.5007,20.50375,17,8
1657120932,20.5021,20.5021,20.5,20.5,20.50191,11,2
1657120933,20.5099,20.515,20.5,20.5,20.50955,144,32
1657120934,20.51,20.515,20.5099,20.51,20.51064,61,28
1657120935,20.51,20.51,20.5,20.5099,20.50056,124,7
1657120936,20.51,20.51,20.51,20.51,20.51,3,1
1657120937,20.51,20.51,20.51,20.51,20.51,0,0
1657120938,20.51,20.51,20.51,20.51,20.51,0,0
1657120939,20.5099,20.5099,20.5,20.5074,20.50158,31,4
1657120940,20.5067,20.5067,20.5067,20.5067,20.5067,1,1
1657120941,20.509,20.509,20.509,20.509,20.509,5,1
1657120942,20.509,20.509,20.509,20.509,20.509,0,0
1657120943,20.509,20.509,20.509,20.509,20.509,0,0
1657120944,20.505,20.505,20.5,20.5,20.50202,24,8
1657120945,20.5,20.505,20.49,20.4914,20.49857,265,63
1657120946,20.4903,20.4942,20.485,20.485,20.4904,136,78
1657120947,20.48,20.49,20.475,20.48,20.48242,144,30
1657120948,20.4729,20.48,20.4701,20.4701,20.47725,33,18
1657120949,20.47,20.48,20.465,20.4699,20.4703,125,40
1657120950,20.465,20.465,20.46,20.4642,20.46128,46,20
1657120951,20.46,20.4659,20.455,20.46,20.4601,82,24
1657120952,20.46,20.465,20.4416,20.4416,20.45105,243,83
1657120953,20.445,20.45,20.44,20.44,20.44223,43,16
1657120954,20.44,20.4499,20.44,20.445,20.44913,116,9
1657120955,20.445,20.445,20.44,20.4415,20.44098,33,12
1657120956,20.44,20.45,20.44,20.45,20.44725,40,20
1657120957,20.44,20.45,20.44,20.4479,20.441,218,42
1657120958,20.44,20.4476,20.43,20.435,20.43723,163,33
1657120959,20.44,20.44,20.43,20.435,20.43135,26,10
1657120960,20.43,20.44,20.43,20.435,20.43172,38,11
1657120961,20.43,20.4399,20.43,20.4399,20.43082,48,16
1657120962,20.43,20.435,20.43,20.4304,20.43078,74,44
1657120963,20.4372,20.44,20.4372,20.44,20.43956,43,3
1657120964,20.44,20.45,20.4388,20.442,20.44064,148,52
1657120965,20.4408,20.45,20.4408,20.45,20.44104,37,2
1657120966,20.45,20.45,20.44,20.445,20.4432,193,19
1657120967,20.4499,20.4499,20.4404,20.4404,20.44502,13,4
1657120968,20.441,20.441,20.441,20.441,20.441,10,1
1657120969,20.44,20.44,20.44,20.44,20.44,8,2
1657120970,20.44,20.44,20.42,20.435,20.43078,344,119
1657120971,20.43,20.43,20.43,20.43,20.43,3,3
1657120972,20.43,20.435,20.43,20.43,20.43118,29,17
1657120973,20.4366,20.4366,20.43,20.43,20.4311,6,3
1657120974,20.4397,20.45,20.43,20.45,20.43929,56,19
1657120975,20.4484,20.45,20.445,20.45,20.44735,33,4
1657120976,20.44,20.445,20.44,20.44,20.4409,49,12
1657120977,20.44,20.44,20.43,20.43,20.4333,60,4
1657120978,20.4375,20.4375,20.4375,20.4375,20.4375,15,1
1657120979,20.435,20.435,20.43,20.43,20.43165,18,4
1657120980,20.43,20.43,20.43,20.43,20.43,1,1
1657120981,20.4301,20.4301,20.4301,20.4301,20.4301,60,1
1657120982,20.4301,20.4301,20.4301,20.4301,20.4301,0,0
1657120983,20.4379,20.4379,20.4379,20.4379,20.4379,10,2
1657120984,20.4379,20.4379,20.4379,20.4379,20.4379,0,0
1657120985,20.43,20.4344,20.43,20.434,20.43336,21,3
1657120986,20.434,20.434,20.434,20.434,20.434,0,0
1657120987,20.43,20.44,20.43,20.44,20.43097,160,45
1657120988,20.44,20.4451,20.44,20.4451,20.44191,29,10
1657120989,20.4409,20.45,20.4409,20.4457,20.44538,9,6
1657120990,20.44,20.445,20.44,20.44,20.44125,4,4
1657120991,20.44,20.45,20.44,20.45,20.44505,607,22
1657120992,20.44,20.445,20.44,20.4426,20.44019,278,19
1657120993,20.44,20.44,20.43,20.43,20.436,5,5
1657120994,20.436,20.436,20.4308,20.433,20.43265,10,3
1657120995,20.435,20.44,20.435,20.44,20.43984,31,10
1657120996,20.44,20.445,20.44,20.445,20.44232,10,2
1657120997,20.44,20.449,20.44,20.4475,20.44877,52,4
1657120998,20.4486,20.4486,20.445,20.445,20.44515,72,5
1657120999,20.445,20.445,20.445,20.445,20.445,0,0
1657121000,20.445,20.445,20.44,20.4437,20.44282,19,10
1657121001,20.4437,20.4437,20.4437,20.4437,20.4437,0,0
1657121002,20.445,20.445,20.44,20.445,20.44056,83,32
1657121003,20.4499,20.4499,20.4473,20.4473,20.44804,7,2
1657121004,20.4473,20.4473,20.4473,20.4473,20.4473,0,0
1657121005,20.4429,20.4429,20.44,20.44,20.44018,16,4
1657121006,20.4408,20.4408,20.4408,20.4408,20.4408,70,1
1657121007,20.4408,20.4408,20.4408,20.4408,20.4408,0,0
1657121008,20.44,20.4431,20.44,20.44,20.44066,17,6
1657121009,20.4401,20.4401,20.4401,20.4401,20.4401,18,1
1657121010,20.449,20.45,20.449,20.4495,20.44938,25,4
1657121011,20.445,20.445,20.44,20.44,20.44062,200,12
1657121012,20.45,20.45,20.445,20.45,20.44993,149,45
1657121013,20.455,20.455,20.45,20.45,20.45417,6,3
1657121014,20.455,20.455,20.45,20.4521,20.45277,18,4
1657121015,20.4597,20.4597,20.45,20.45,20.45898,13,2
1657121016,20.45,20.45,20.45,20.45,20.45,14,3
1657121017,20.45,20.45,20.44,20.44,20.44814,10,7
1657121018,20.45,20.45,20.44,20.445,20.44128,34,19
1657121019,20.4448,20.4448,20.43,20.4399,20.4346,26,8
1657121020,20.4399,20.4399,20.4399,20.4399,20.4399,0,0
1657121021,20.43,20.43,20.42,20.43,20.42402,18,9
1657121022,20.4269,20.4269,20.42,20.42,20.42052,32,2
1657121023,20.425,20.43,20.425,20.43,20.42875,20,12
1657121024,20.4282,20.43,20.4224,20.4299,20.42653,15,7
1657121025,20.4201,20.4201,20.4201,20.4201,20.4201,30,1
1657121026,20.425,20.425,20.42,20.425,20.42125,12,4
1657121027,20.4267,20.4267,20.42,20.42,20.42515,13,3
1657121028,20.43,20.43,20.43,20.43,20.43,7,6
1657121029,20.4299,20.4299,20.4299,20.4299,20.4299,2,1
1657121030,20.4299,20.4299,20.4299,20.4299,20.4299,0,0
1657121031,20.4275,20.44,20.4275,20.43,20.43097,33,20
1657121032,20.43,20.43,20.43,20.43,20.43,1,1
1657121033,20.4301,20.4301,20.4301,20.4301,20.4301,1,1
1657121034,20.435,20.435,20.435,20.435,20.435,20,1
1657121035,20.435,20.4386,20.435,20.4366,20.43601,9,3
1657121036,20.44,20.44,20.439,20.439,20.43905,21,2
1657121037,20.4396,20.44,20.4388,20.44,20.43955,23,3
1657121038,20.44,20.44,20.44,20.44,20.44,0,0
1657121039,20.43,20.44,20.43,20.44,20.43344,17,11
1657121040,20.4399,20.45,20.4399,20.4405,20.44028,131,28
1657121041,20.445,20.4457,20.44,20.44,20.44379,6,3
1657121042,20.445,20.45,20.445,20.45,20.44625,4,3
1657121043,20.4459,20.4459,20.44,20.44,20.44341,17,2
1657121044,20.44,20.44,20.44,20.44,20.44,0,0
1657121045,20.44,20.44,20.44,20.44,20.44,0,0
1657121046,20.44,20.44,20.44,20.44,20.44,0,0
1657121047,20.44,20.44,20.44,20.44,20.44,0,0
1657121048,20.45,20.46,20.4497,20.45,20.45096,87,35
1657121049,20.45,20.45,20.45,20.45,20.45,4,1
1657121050,20.4543,20.4543,20.4532,20.4532,20.4542,11,2
1657121051,20.45,20.455,20.4487,20.4487,20.44956,32,10
1657121052,20.4487,20.4487,20.4487,20.4487,20.4487,0,0
1657121053,20.45,20.45,20.4492,20.4492,20.44932,13,2
1657121054,20.4492,20.4492,20.4492,20.4492,20.4492,0,0
1657121055,20.4492,20.4492,20.4492,20.4492,20.4492,0,0
1657121056,20.445,20.445,20.445,20.445,20.445,20,1
1657121057,20.445,20.445,20.445,20.445,20.445,0,0
1657121058,20.445,20.445,20.445,20.445,20.445,0,0
1657121059,20.445,20.445,20.445,20.445,20.445,5,4
1657121060,20.445,20.445,20.445,20.445,20.445,0,0
1657121061,20.445,20.45,20.4445,20.45,20.44792,24,9
1657121062,20.4457,20.45,20.44,20.44,20.4431,15,5
1657121063,20.44,20.44,20.44,20.44,20.44,0,0
1657121064,20.44,20.44,20.44,20.44,20.44,3,1
1657121065,20.44,20.44,20.44,20.44,20.44,0,0
1657121066,20.4414,20.4414,20.4414,20.4414,20.4414,10,1
1657121067,20.4469,20.4469,20.4469,20.4469,20.4469,2,1
1657121068,20.445,20.445,20.445,20.445,20.445,3,3
1657121069,20.44,20.445,20.4357,20.44,20.43985,117,65
1657121070,20.44,20.445,20.44,20.445,20.44048,221,3
1657121071,20.445,20.45,20.445,20.45,20.44685,34,7
1657121072,20.44,20.44,20.44,20.44,20.44,6,2
1657121073,20.45,20.45,20.4453,20.45,20.44893,44,12
1657121074,20.445,20.4478,20.44,20.44,20.4425,44,24
1657121075,20.445,20.45,20.445,20.45,20.447,5,5
1657121076,20.45,20.455,20.45,20.4501,20.45051,81,16
1657121077,20.455,20.455,20.455,20.455,20.455,2,2
1657121078,20.455,20.455,20.455,20.455,20.455,5,1
1657121079,20.4568,20.4598,20.455,20.4598,20.45722,10,7
1657121080,20.4599,20.4599,20.455,20.4599,20.4592,7,3
1657121081,20.4599,20.4599,20.4599,20.4599,20.4599,0,0
1657121082,20.4507,20.4598,20.4507,20.4598,20.45086,59,2
1657121083,20.455,20.455,20.455,20.455,20.455,10,1
1657121084,20.455,20.455,20.455,20.455,20.455,0,0
1657121085,20.46,20.46,20.455,20.455,20.45978,23,3
1657121086,20.455,20.46,20.4525,20.46,20.45892,211,77
1657121087,20.46,20.46,20.45,20.45,20.45347,16,7
1657121088,20.45,20.45,20.45,20.45,20.45,0,0
1657121089,20.46,20.46,20.458,20.46,20.45994,31,11
1657121090,20.46,20.46,20.46,20.46,20.46,0,0
1657121091,20.46,20.46,20.46,20.46,20.46,0,0
1657121092,20.46,20.46,20.46,20.46,20.46,0,0
1657121093,20.45,20.455,20.45,20.455,20.45357,3,2
1657121094,20.4593,20.4594,20.4501,20.4501,20.45244,14,4
1657121095,20.4599,20.46,20.455,20.46,20.45636,22,4
1657121096,20.46,20.46,20.455,20.455,20.45656,12,4
1657121097,20.46,20.46,20.46,20.46,20.46,2,1
1657121098,20.4557,20.4557,20.4557,20.4557,20.4557,5,1
1657121099,20.4568,20.46,20.455,20.455,20.4567,4,4
1657121100,20.4501,20.4501,20.4501,20.4501,20.4501,5,1
1657121101,20.45,20.45,20.45,20.45,20.45,2,2
1657121102,20.45,20.45,20.45,20.45,20.45,0,0
1657121103,20.45,20.4573,20.45,20.4573,20.45104,35,2
1657121104,20.455,20.455,20.455,20.455,20.455,12,2
1657121105,20.46,20.46,20.458,20.4594,20.45936,18,5
1657121106,20.4594,20.4594,20.4594,20.4594,20.4594,0,0
1657121107,20.455,20.455,20.45,20.45,20.45303,6,2
1657121108,20.458,20.458,20.458,20.458,20.458,2,1
1657121109,20.458,20.458,20.458,20.458,20.458,0,0
1657121110,20.46,20.46,20.46,20.46,20.46,2,1
1657121111,20.45,20.455,20.445,20.45,20.45027,93,49
1657121112,20.45,20.45,20.45,20.45,20.45,33,12
1657121113,20.449,20.45,20.44,20.44,20.44231,85,11
1657121114,20.45,20.45,20.44,20.45,20.44885,17,11
1657121115,20.45,20.46,20.45,20.46,20.45168,17,11
1657121116,20.46,20.46,20.46,20.46,20.46,0,0
1657121117,20.45,20.455,20.45,20.455,20.45458,24,5
1657121118,20.455,20.455,20.455,20.455,20.455,0,0
1657121119,20.455,20.455,20.45,20.45,20.45099,5,4
1657121120,20.45,20.4554,20.45,20.4554,20.45081,31,8
1657121121,20.4554,20.4554,20.4554,20.4554,20.4554,0,0
1657121122,20.46,20.46,20.46,20.46,20.46,113,37
1657121123,20.46,20.46,20.46,20.46,20.46,0,0
1657121124,20.46,20.46,20.45,20.45,20.458,5,2
1657121125,20.4599,20.4599,20.45,20.45,20.459,22,2
1657121126,20.4532,20.4532,20.4532,20.4532,20.4532,10,1
1657121127,20.455,20.455,20.4522,20.4522,20.45226,50,2
1657121128,20.455,20.455,20.45,20.45,20.45045,22,13
1657121129,20.45,20.45,20.45,20.45,20.45,4,2
1657121130,20.452,20.452,20.452,20.452,20.452,25,1
1657121131,20.4578,20.4578,20.4578,20.4578,20.4578,2,1
1657121132,20.46,20.46,20.46,20.46,20.46,78,27
1657121133,20.45,20.455,20.45,20.455,20.45407,5,2
1657121134,20.455,20.455,20.455,20.455,20.455,0,0
1657121135,20.45,20.452,20.45,20.452,20.4519,21,2
1657121136,20.4573,20.4573,20.4573,20.4573,20.4573,5,1
1657121137,20.455,20.455,20.45,20.4548,20.4537,4,4
1657121138,20.457,20.457,20.45,20.455,20.45124,18,9
1657121139,20.4541,20.4541,20.4541,20.4541,20.4541,1,1
1657121140,20.45,20.45,20.45,20.45,20.45,5,5
1657121141,20.45,20.45,20.45,20.45,20.45,0,0
1657121142,20.4439,20.4439,20.44,20.44,20.44056,7,3
1657121143,20.445,20.4499,20.44,20.44,20.44115,32,4
1657121144,20.44,20.44,20.44,20.44,20.44,0,0
1657121145,20.448,20.45,20.445,20.45,20.4467,10,3
1657121146,20.4412,20.445,20.44,20.4421,20.44051,61,18
1657121147,20.44,20.4413,20.44,20.4413,20.44059,11,4
1657121148,20.4499,20.4499,20.44,20.44,20.44054,101,34
1657121149,20.44,20.44,20.44,20.44,20.44,0,0
1657121150,20.435,20.435,20.435,20.435,20.435,1,1
1657121151,20.43,20.435,20.43,20.435,20.43173,2,2
1657121152,20.43,20.43,20.43,20.43,20.43,1,1
1657121153,20.4312,20.4312,20.4312,20.4312,20.4312,1,1
1657121154,20.43,20.435,20.43,20.435,20.43363,24,4
1657121155,20.44,20.44,20.44,20.44,20.44,23,9
1657121156,20.44,20.445,20.44,20.445,20.44347,7,3
1657121157,20.45,20.46,20.445,20.46,20.44931,53,25
1657121158,20.46,20.46,20.46,20.46,20.46,0,0
1657121159,20.46,20.46,20.46,20.46,20.46,0,0
1657121160,20.45,20.45,20.4417,20.4417,20.44407,14,4
1657121161,20.448,20.45,20.448,20.45,20.44987,30,4
1657121162,20.445,20.445,20.4389,20.4389,20.44361,8,3
1657121163,20.43,20.43,20.43,20.43,20.43,7,6
1657121164,20.4307,20.44,20.43,20.4309,20.43471,47,7
1657121165,20.4398,20.4398,20.4398,20.4398,20.4398,50,1
1657121166,20.44,20.4466,20.44,20.4466,20.44155,49,11
1657121167,20.445,20.445,20.445,20.445,20.445,4,1
1657121168,20.44,20.4499,20.44,20.44,20.44113,43,30
1657121169,20.45,20.45,20.446,20.446,20.44753,16,5
1657121170,20.44,20.445,20.44,20.44,20.44083,6,6
1657121171,20.4401,20.4401,20.4401,20.4401,20.4401,12,1
1657121172,20.4401,20.4401,20.4401,20.4401,20.4401,0,0
1657121173,20.4412,20.4429,20.44,20.44,20.44117,25,4
1657121174,20.445,20.445,20.44,20.44,20.44422,12,3
1657121175,20.445,20.445,20.44,20.445,20.4425,26,7
1657121176,20.445,20.445,20.445,20.445,20.445,0,0
1657121177,20.4433,20.4433,20.44,20.44,20.44314,21,3
1657121178,20.4499,20.45,20.4499,20.45,20.44992,6,3
1657121179,20.45,20.45,20.45,20.45,20.45,0,0
1657121180,20.445,20.445,20.445,20.445,20.445,2,1
1657121181,20.4461,20.4461,20.4461,20.4461,20.4461,20,1
1657121182,20.4401,20.4401,20.4401,20.4401,20.4401,20,1
1657121183,20.4401,20.4401,20.4401,20.4401,20.4401,0,0
1657121184,20.4485,20.4485,20.4314,20.4314,20.43682,49,13
1657121185,20.4383,20.4383,20.433,20.433,20.4346,9,2
1657121186,20.43,20.435,20.43,20.43,20.43038,50,16
1657121187,20.43,20.43,20.43,20.43,20.43,1,1
1657121188,20.43,20.43,20.43,20.43,20.43,5,4
1657121189,20.43,20.435,20.43,20.435,20.43455,11,2
1657121190,20.435,20.4378,20.435,20.4378,20.43767,21,2
1657121191,20.435,20.4398,20.43,20.435,20.43549,45,8
1657121192,20.435,20.435,20.435,20.435,20.435,0,0
1657121193,20.435,20.435,20.435,20.435,20.435,0,0
1657121194,20.43,20.43,20.43,20.43,20.43,12,6
1657121195,20.43,20.432,20.43,20.43,20.43114,14,4
1657121196,20.43,20.43,20.43,20.43,20.43,20,1
1657121197,20.43,20.43,20.43,20.43,20.43,1,1
1657121198,20.435,20.435,20.435,20.435,20.435,6,2
1657121199,20.435,20.435,20.43,20.43,20.43049,10,8
1657121200,20.4373,20.4373,20.43,20.43,20.43277,13,6
1657121201,20.425,20.425,20.425,20.425,20.425,1,1
1657121202,20.425,20.43,20.425,20.43,20.42991,57,13
1657121203,20.42,20.435,20.42,20.43,20.42789,40,19
1657121204,20.4321,20.4321,20.43,20.43,20.43059,13,5
1657121205,20.43,20.435,20.43,20.4306,20.43307,54,9
1657121206,20.4347,20.4388,20.43,20.4388,20.43563,5,3
1657121207,20.43,20.43,20.43,20.43,20.43,1,1
1657121208,20.4227,20.425,20.4227,20.425,20.42462,6,3
1657121209,20.43,20.43,20.425,20.425,20.4255,10,3
1657121210,20.425,20.425,20.425,20.425,20.425,0,0
1657121211,20.425,20.425,20.425,20.425,20.425,0,0
1657121212,20.42,20.425,20.4115,20.42,20.41854,100,22
1657121213,20.4181,20.4181,20.4181,20.4181,20.4181,3,1
1657121214,20.415,20.415,20.415,20.415,20.415,4,3
1657121215,20.415,20.415,20.4075,20.4075,20.41006,240,69
1657121216,20.4,20.405,20.4,20.405,20.40027,73,15
1657121217,20.4099,20.4099,20.4,20.4006,20.40539,30,8
1657121218,20.4,20.41,20.39,20.3909,20.39906,570,96
1657121219,20.395,20.395,20.39,20.39,20.39028,125,32
1657121220,20.39,20.4,20.38,20.39,20.38672,233,68
1657121221,20.39,20.395,20.38,20.39,20.38774,232,85
1657121222,20.39,20.39,20.39,20.39,20.39,24,4
1657121223,20.3913,20.4,20.3913,20.4,20.39763,78,18
1657121224,20.4021,20.405,20.401,20.405,20.40257,22,3
1657121225,20.405,20.405,20.4,20.4,20.40216,19,4
1657121226,20.4099,20.4099,20.4001,20.4001,20.4088,11,2
1657121227,20.405,20.4096,20.4,20.405,20.40046,230,79
1657121228,20.41,20.41,20.405,20.405,20.40904,62,14
1657121229,20.41,20.41,20.405,20.405,20.40983,29,14
1657121230,20.4109,20.416,20.4109,20.416,20.41114,21,2
1657121231,20.415,20.417,20.41,20.4112,20.41178,35,16
1657121232,20.415,20.415,20.41,20.4115,20.41131,24,10
1657121233,20.41,20.4179,20.41,20.4179,20.41424,31,18
1657121234,20.41,20.418,20.41,20.415,20.41236,22,12
1657121235,20.41,20.41,20.41,20.41,20.41,20,9
1657121236,20.41,20.4101,20.41,20.4101,20.41002,38,14
1657121237,20.4075,20.4075,20.4,20.4,20.40214,3,2
1657121238,20.405,20.405,20.4,20.4,20.40066,32,11
1657121239,20.4,20.4,20.4,20.4,20.4,73,31
1657121240,20.39,20.3982,20.39,20.3982,20.39189,13,3
1657121241,20.4,20.4,20.4,20.4,20.4,7,4
1657121242,20.4064,20.4064,20.4012,20.4012,20.40179,12,2
1657121243,20.4,20.4,20.4,20.4,20.4,10,1
1657121244,20.4099,20.4099,20.4,20.4,20.40073,13,3
1657121245,20.4034,20.4034,20.4,20.4,20.40284,15,3
1657121246,20.4,20.4,20.4,20.4,20.4,1,1
1657121247,20.4057,20.4057,20.4,20.4,20.401,17,4
1657121248,20.4,20.4,20.4,20.4,20.4,0,0
1657121249,20.41,20.41,20.41,20.41,20.41,102,37
1657121250,20.41,20.41,20.41,20.41,20.41,1,1
1657121251,20.4101,20.42,20.4101,20.415,20.41258,14,3
1657121252,20.415,20.415,20.41,20.41,20.41013,79,31
1657121253,20.4128,20.4193,20.41,20.41,20.41044,93,38
1657121254,20.41,20.41,20.4099,20.41,20.40999,14,7
1657121255,20.41,20.415,20.41,20.415,20.41042,12,3
1657121256,20.415,20.415,20.415,20.415,20.415,0,0
1657121257,20.415,20.415,20.415,20.415,20.415,1,1
1657121258,20.4146,20.4146,20.4146,20.4146,20.4146,1,1
1657121259,20.4144,20.4144,20.4144,20.4144,20.4144,6,1
1657121260,20.41,20.41,20.4,20.405,20.40945,51,28
1657121261,20.41,20.41,20.41,20.41,20.41,2,2
1657121262,20.41,20.41,20.41,20.41,20.41,0,0
1657121263,20.4101,20.42,20.41,20.41,20.41123,13,4
1657121264,20.41,20.41,20.41,20.41,20.41,10,6
1657121265,20.4105,20.4105,20.4105,20.4105,20.4105,45,1
1657121266,20.4199,20.4199,20.4199,20.4199,20.4199,9,1
1657121267,20.41,20.42,20.41,20.41,20.41043,23,11
1657121268,20.41,20.41,20.41,20.41,20.41,36,6
1657121269,20.4094,20.41,20.4094,20.41,20.4095,12,2
1657121270,20.405,20.405,20.405,20.405,20.405,3,2
1657121271,20.405,20.405,20.405,20.405,20.405,6,3
1657121272,20.41,20.41,20.405,20.405,20.4075,10,2
1657121273,20.405,20.405,20.405,20.405,20.405,2,1
1657121274,20.4099,20.4099,20.4,20.4099,20.40669,53,5
1657121275,20.4079,20.4079,20.4,20.403,20.40606,28,4
1657121276,20.402,20.405,20.402,20.405,20.403,3,2
1657121277,20.405,20.405,20.405,20.405,20.405,0,0
1657121278,20.4001,20.4001,20.4001,20.4001,20.4001,1,1
1657121279,20.4001,20.4001,20.4001,20.4001,20.4001,0,0
1657121280,20.4024,20.4024,20.4024,20.4024,20.4024,3,1
1657121281,20.4024,20.4024,20.4024,20.4024,20.4024,0,0
1657121282,20.41,20.41,20.41,20.41,20.41,13,6
1657121283,20.41,20.415,20.41,20.41,20.41083,6,5
1657121284,20.42,20.42,20.41,20.4137,20.41828,242,28
1657121285,20.4055,20.41,20.405,20.41,20.40787,14,7
1657121286,20.41,20.41,20.41,20.41,20.41,0,0
1657121287,20.41,20.41,20.41,20.41,20.41,0,0
1657121288,20.41,20.41,20.41,20.41,20.41,0,0
1657121289,20.41,20.41,20.41,20.41,20.41,4,2
1657121290,20.41,20.41,20.41,20.41,20.41,0,0
1657121291,20.41,20.41,20.41,20.41,20.41,10,1
1657121292,20.415,20.418,20.415,20.415,20.4158,30,3
1657121293,20.415,20.415,20.415,20.415,20.415,1,1
1657121294,20.42,20.42,20.42,20.42,20.42,36,13
1657121295,20.4209,20.4209,20.42,20.42,20.42002,43,2
1657121296,20.4212,20.4212,20.42,20.42,20.42055,18,3
1657121297,20.42,20.42,20.42,20.42,20.42,13,6
1657121298,20.4115,20.4115,20.41,20.41,20.41122,5,2
1657121299,20.4199,20.42,20.4135,20.4135,20.41565,6,3
1657121300,20.415,20.415,20.415,20.415,20.415,1,1
1657121301,20.41,20.415,20.41,20.41,20.4109,11,10
1657121302,20.405,20.4099,20.4,20.4,20.40306,17,7
1657121303,20.405,20.405,20.4,20.4,20.40013,159,39
1657121304,20.39,20.39,20.39,20.39,20.39,49,1
1657121305,20.39,20.395,20.39,20.395,20.39083,12,2
1657121306,20.3923,20.395,20.3914,20.3914,20.39241,17,3
1657121307,20.39,20.4,20.39,20.398,20.39282,62,15
1657121308,20.395,20.395,20.39,20.39,20.39226,6,5
1657121309,20.39,20.39,20.39,20.39,20.39,0,0
1657121310,20.395,20.395,20.385,20.385,20.38925,59,14
1657121311,20.3891,20.39,20.3891,20.39,20.38942,31,11
1657121312,20.39,20.4,20.39,20.4,20.39667,3,2
1657121313,20.39,20.395,20.39,20.395,20.39357,3,2
1657121314,20.3901,20.405,20.3901,20.405,20.3983,30,8
1657121315,20.4032,20.4032,20.4032,20.4032,20.4032,1,1
1657121316,20.4,20.415,20.4,20.415,20.40489,23,9
1657121317,20.411,20.411,20.4101,20.4101,20.41013,31,2
1657121318,20.4147,20.4147,20.4147,20.4147,20.4147,1,1
1657121319,20.41,20.4109,20.41,20.4109,20.41064,7,3
1657121320,20.413,20.415,20.4115,20.415,20.4122,28,4
1657121321,20.4199,20.4199,20.4199,20.4199,20.4199,1,1
1657121322,20.42,20.42,20.41,20.41,20.415,3,3
1657121323,20.4101,20.4101,20.4101,20.4101,20.4101,1,1
1657121324,20.4101,20.4101,20.4101,20.4101,20.4101,0,0
1657121325,20.4108,20.4108,20.41,20.41,20.4107,9,2
1657121326,20.41,20.41,20.41,20.41,20.41,13,1
1657121327,20.41,20.41,20.395,20.395,20.4035,21,11
1657121328,20.3999,20.4,20.395,20.395,20.39792,36,13
1657121329,20.3933,20.3933,20.39,20.39,20.39031,10,2
1657121330,20.4,20.4,20.4,20.4,20.4,1,1
1657121331,20.3992,20.3992,20.3992,20.3992,20.3992,99,2
1657121332,20.39,20.39,20.39,20.39,20.39,1,1
1657121333,20.39,20.39,20.38,20.3873,20.38767,39,13
1657121334,20.385,20.385,20.385,20.385,20.385,3,1
1657121335,20.39,20.39,20.39,20.39,20.39,219,56
1657121336,20.39,20.39,20.39,20.39,20.39,0,0
1657121337,20.3862,20.39,20.3862,20.39,20.38674,7,2
1657121338,20.39,20.395,20.39,20.395,20.39075,20,10
1657121339,20.39,20.39,20.39,20.39,20.39,6,3
1657121340,20.385,20.3899,20.385,20.385,20.3875,5,3
1657121341,20.385,20.385,20.385,20.385,20.385,0,0
1657121342,20.382,20.382,20.382,20.382,20.382,5,1
1657121343,20.3801,20.3801,20.38,20.38,20.38,89,27
1657121344,20.375,20.375,20.36,20.37,20.36809,43,14
1657121345,20.365,20.3699,20.36,20.36,20.3612,132,9
1657121346,20.37,20.37,20.37,20.37,20.37,1,1
1657121347,20.3606,20.3606,20.36,20.36,20.36004,51,2
1657121348,20.36,20.3611,20.36,20.3611,20.36086,18,5
1657121349,20.3647,20.365,20.35,20.35,20.35388,211,72
1657121350,20.3401,20.345,20.3401,20.345,20.3443,17,7
1657121351,20.34,20.3498,20.34,20.345,20.34729,82,13
1657121352,20.34,20.35,20.34,20.345,20.34404,28,11
1657121353,20.345,20.345,20.33,20.34,20.33691,137,30
1657121354,20.35,20.355,20.345,20.3508,20.34983,90,17
1657121355,20.355,20.355,20.355,20.355,20.355,21,2
1657121356,20.35,20.36,20.3473,20.355,20.35274,127,36
1657121357,20.355,20.355,20.35,20.35,20.35037,56,4
1657121358,20.3599,20.3599,20.35,20.35,20.35124,7,2
1657121359,20.36,20.37,20.35,20.37,20.36283,144,45
1657121360,20.3699,20.3699,20.3699,20.3699,20.3699,10,1
1657121361,20.3673,20.375,20.3673,20.37,20.37003,75,20
1657121362,20.37,20.37,20.37,20.37,20.37,1,1
1657121363,20.375,20.3778,20.37,20.375,20.37353,26,5
1657121364,20.3701,20.3732,20.3701,20.3732,20.37062,12,2
1657121365,20.37,20.375,20.37,20.37,20.37118,27,11
1657121366,20.37,20.37,20.37,20.37,20.37,0,0
1657121367,20.37,20.37,20.37,20.37,20.37,7,1
1657121368,20.375,20.3797,20.37,20.37,20.37112,45,5
1657121369,20.37,20.37,20.37,20.37,20.37,0,0
1657121370,20.37,20.37,20.37,20.37,20.37,10,1
1657121371,20.3701,20.375,20.37,20.372,20.37018,77,4
1657121372,20.375,20.38,20.375,20.379,20.37875,12,3
1657121373,20.375,20.375,20.375,20.375,20.375,12,1
1657121374,20.375,20.38,20.375,20.38,20.37943,8,6
1657121375,20.38,20.38,20.38,20.38,20.38,0,0
1657121376,20.38,20.38,20.38,20.38,20.38,0,0
1657121377,20.38,20.3899,20.38,20.3899,20.38498,9,4
1657121378,20.3899,20.3899,20.385,20.385,20.38868,4,2
1657121379,20.3899,20.3899,20.3899,20.3899,20.3899,3,1
1657121380,20.3801,20.385,20.38,20.385,20.38085,49,12
1657121381,20.38,20.385,20.38,20.385,20.38293,17,4
1657121382,20.385,20.385,20.385,20.385,20.385,2,1
1657121383,20.38,20.38,20.37,20.37,20.37897,9,6
1657121384,20.375,20.375,20.37,20.37,20.37153,6,2
1657121385,20.375,20.38,20.375,20.38,20.37625,8,4
1657121386,20.375,20.38,20.37,20.37,20.372,10,7
1657121387,20.375,20.375,20.375,20.375,20.375,1,1
1657121388,20.3762,20.3762,20.3762,20.3762,20.3762,1,1
1657121389,20.375,20.3792,20.375,20.3792,20.37535,12,3
1657121390,20.3792,20.3792,20.3792,20.3792,20.3792,0,0
1657121391,20.38,20.38,20.37,20.37,20.37934,92,35
1657121392,20.3761,20.38,20.3761,20.38,20.37823,11,5
1657121393,20.378,20.38,20.378,20.38,20.3795,40,23
1657121394,20.3899,20.39,20.3899,20.39,20.38995,91,15
1657121395,20.3899,20.3899,20.3899,20.3899,20.3899,20,1
1657121396,20.38,20.39,20.38,20.39,20.38109,64,5
1657121397,20.3899,20.3899,20.3899,20.3899,20.3899,8,1
1657121398,20.3895,20.3895,20.3888,20.3893,20.3894,12,3
1657121399,20.3899,20.3899,20.382,20.382,20.38918,11,2
