date,open,high,low,close,average,volume,count
1635321600,34.43,34.43,34.43,34.43,34.43,9,1
1635321900,34.43,34.43,34.43,34.43,34.43,0,0
1635322200,34.49,34.49,34.49,34.49,34.49,1,1
1635322500,34.49,34.49,34.49,34.49,34.49,0,0
1635322800,34.45,34.45,34.45,34.45,34.45,1,1
1635323100,34.45,34.45,34.45,34.45,34.45,0,0
1635323400,34.45,34.45,34.45,34.45,34.45,0,0
1635323700,34.45,34.45,34.45,34.45,34.45,0,0
1635324000,34.34,34.34,34.34,34.34,34.34,3,2
1635324300,34.34,34.34,34.34,34.34,34.34,0,0
1635324600,34.34,34.34,34.34,34.34,34.34,0,0
1635324900,34.27,34.27,33.88,33.88,34.20672,106,25
1635325200,34.05,34.05,33.9,33.91,33.94137,5,5
1635325500,33.91,33.92,33.91,33.92,33.91835,6,3
1635325800,34.03,34.34,34.03,34.21,34.19809,19,5
1635326100,34.21,34.21,34.21,34.21,34.21,0,0
1635326400,34.21,34.21,34.21,34.21,34.21,0,0
1635326700,34.21,34.21,34.21,34.21,34.21,0,0
1635327000,34.1,34.1,34.1,34.1,34.1,1,1
1635327300,34.1,34.1,33.92,34.04,34.01821,12,5
1635327600,33.95,33.97,33.94,33.95,33.95077,25,12
1635327900,33.99,34.0,33.93,33.93,33.98406,5,4
1635328200,34.07,34.07,34.07,34.07,34.07,2,2
1635328500,34.07,34.07,34.07,34.07,34.07,0,0
1635328800,33.98,33.98,33.85,33.85,33.915,2,2
1635329100,33.85,33.85,33.85,33.85,33.85,0,0
1635329400,33.85,33.85,33.85,33.85,33.85,0,0
1635329700,33.85,33.85,33.85,33.85,33.85,0,0
1635330000,33.85,33.85,33.85,33.85,33.85,0,0
1635330300,33.92,33.92,33.92,33.92,33.92,2,2
1635330600,33.99,34.09,33.99,34.09,34.0276,19,11
1635330900,34.08,34.1,34.08,34.1,34.09269,11,7
1635331200,34.13,34.13,34.13,34.13,34.13,1,1
1635331500,34.26,34.34,34.22,34.23,34.26636,9,8
1635331800,34.23,34.23,34.23,34.23,34.23,0,0
1635332100,34.19,34.19,34.19,34.19,34.19,1,1
1635332400,34.19,34.2,34.17,34.2,34.19184,16,10
1635332700,34.17,34.17,34.17,34.17,34.17,1,1
1635333000,34.2,34.21,34.2,34.2,34.20769,13,8
1635333300,34.19,34.47,34.19,34.38,34.33208,74,35
1635333600,34.42,34.42,34.41,34.41,34.41218,4,3
1635333900,34.45,34.45,34.44,34.44,34.44125,8,8
1635334200,34.43,34.43,34.39,34.39,34.4,4,3
1635334500,34.35,34.35,34.25,34.25,34.29537,21,21
1635334800,34.2,34.2,34.17,34.17,34.18667,9,2
1635335100,34.18,34.28,34.17,34.27,34.20628,12,8
1635335400,34.27,34.27,34.27,34.27,34.27,0,0
1635335700,34.23,34.23,34.0,34.05,34.10377,55,27
1635336000,34.3599,34.4599,34.16,34.17,34.29337,297,54
1635336300,34.17,35.02,34.17,34.595,34.77539,908,230
1635336600,34.595,34.595,34.21,34.36,34.39797,139,58
1635336900,34.35,34.4,34.26,34.33,34.30814,69,30
1635337200,34.3599,34.3599,34.17,34.3,34.27556,211,37
1635337500,34.4,34.4,34.18,34.3,34.25806,24,10
1635337800,34.3,34.4,34.29,34.3,34.3697,63,19
1635338100,34.3,34.5001,34.3,34.5,34.43206,71,36
1635338400,34.5299,34.53,34.4,34.42,34.49931,85,41
1635338700,34.43,34.54,34.43,34.5,34.49365,157,87
1635339000,34.47,34.52,34.44,34.45,34.47596,33,17
1635339300,34.45,34.7,34.45,34.6801,34.57933,189,59
1635339600,34.75,34.75,34.5801,34.61,34.69593,218,31
1635339900,34.62,34.62,34.512,34.54,34.56584,95,27
1635340200,34.54,34.62,34.54,34.62,34.57638,94,18
1635340500,34.62,34.83,34.62,34.82,34.75204,294,72
1635340800,34.82,34.82,34.63,34.7601,34.76988,178,47
1635341100,34.78,34.81,34.65,34.7,34.71848,102,52
1635341400,34.71,35.35,34.58,35.1636,34.99872,12169,4697
1635341700,35.1752,35.25,34.62,34.75,35.00137,8362,3388
1635342000,34.74,35.15,34.5482,35.01,34.81443,7874,2950
1635342300,35.0299,35.28,35.0175,35.275,35.16077,6454,2653
1635342600,35.27,35.41,35.0501,35.29,35.25047,6941,2719
1635342900,35.29,35.43,35.12,35.37,35.2544,5053,2034
1635343200,35.39,35.41,34.91,34.99,35.1784,6519,2838
1635343500,34.99,35.05,34.6701,34.81,34.84994,5014,1829
1635343800,34.8099,35.11,34.77,34.96,34.93303,4682,1996
1635344100,34.9401,35.05,34.8,34.81,34.95374,3053,1305
1635344400,34.805,35.1009,34.8,35.07,34.97922,4520,1751
1635344700,35.06,35.065,34.76,34.7917,34.88709,2686,1091
1635345000,34.78,34.845,34.36,34.65,34.55038,5624,1844
1635345300,34.66,34.66,34.49,34.55,34.56573,2381,911
1635345600,34.565,34.59,34.37,34.51,34.45353,2510,1061
1635345900,34.5,34.525,34.34,34.455,34.43657,2270,850
1635346200,34.46,34.5733,34.41,34.54,34.48636,2406,1081
1635346500,34.54,34.6573,34.4,34.57,34.5601,2526,1052
1635346800,34.56,34.71,34.54,34.6,34.64977,1776,789
1635347100,34.59,34.84,34.59,34.8295,34.73522,1959,820
1635347400,34.829,34.9381,34.74,34.7863,34.83764,1588,698
1635347700,34.7808,34.79,34.619,34.691,34.67662,1719,799
1635348000,34.695,34.73,34.465,34.49,34.583,1818,852
1635348300,34.4779,34.4779,34.33,34.375,34.39797,2414,921
1635348600,34.37,34.5199,34.35,34.41,34.43752,2080,1003
1635348900,34.4008,34.59,34.3407,34.58,34.44183,2064,854
1635349200,34.59,34.6922,34.555,34.629,34.63965,1549,705
1635349500,34.64,34.705,34.54,34.54,34.64322,2241,976
1635349800,34.5287,34.6594,34.47,34.65,34.56367,1768,707
1635350100,34.67,34.905,34.65,34.88,34.78169,3094,999
1635350400,34.885,35.07,34.86,34.94,34.97535,3712,1752
1635350700,34.94,35.1,34.925,35.061,35.03302,2439,938
1635351000,35.07,35.1,34.98,35.07,35.0504,1641,800
1635351300,35.07,35.07,34.89,34.97,34.96357,1545,732
1635351600,34.98,35.005,34.89,34.99,34.96054,1533,717
1635351900,34.995,35.115,34.98,35.07,35.06072,1748,619
1635352200,35.075,35.13,35.06,35.11,35.09272,1179,498
1635352500,35.12,35.15,35.07,35.08,35.11626,1523,563
1635352800,35.07,35.11,34.92,35.11,35.00112,2285,814
1635353100,35.11,35.18,35.07,35.155,35.13345,1078,480
1635353400,35.155,35.17,35.1,35.16,35.13523,1006,446
1635353700,35.151,35.175,35.06,35.125,35.12777,1251,495
1635354000,35.12,35.18,35.08,35.17,35.12495,1017,430
1635354300,35.17,35.3,35.1602,35.2721,35.24547,2504,941
1635354600,35.28,35.3299,35.165,35.165,35.25832,1987,794
1635354900,35.165,35.17,35.045,35.07,35.09267,1257,678
1635355200,35.07,35.09,35.01,35.09,35.05718,1106,446
1635355500,35.0999,35.13,34.9716,34.9716,35.06389,2270,1051
1635355800,34.98,35.06,34.92,34.955,34.97375,1604,736
1635356100,34.9593,35.04,34.9401,35.0352,34.98575,1074,486
1635356400,35.03,35.16,35.02,35.15,35.07529,1227,595
1635356700,35.145,35.15,34.99,34.995,35.07569,1081,488
1635357000,34.995,35.07,34.98,35.0589,35.02043,668,385
1635357300,35.055,35.08,34.925,34.995,34.97611,1384,523
1635357600,34.99,35.02,34.93,35.0,34.97275,979,552
1635357900,35.0,35.001,34.9,34.935,34.94367,819,407
1635358200,34.935,35.0,34.92,34.945,34.95127,860,433
1635358500,34.94,35.01,34.89,35.01,34.95788,1307,631
1635358800,35.0,35.025,34.97,35.01,34.99663,659,302
1635359100,35.0189,35.065,35.0,35.005,35.03897,1063,599
1635359400,35.015,35.065,34.95,34.955,35.01353,901,432
1635359700,34.955,34.99,34.895,34.9785,34.94196,945,538
1635360000,34.9859,35.03,34.9694,35.003,34.99771,777,496
1635360300,35.01,35.0401,34.985,34.995,35.0142,789,480
1635360600,35.015,35.03,34.84,34.86,34.94117,1099,568
1635360900,34.868,34.8799,34.75,34.81,34.79924,1712,858
1635361200,34.81,34.86,34.76,34.7797,34.80712,947,518
1635361500,34.78,34.781,34.7,34.7,34.72856,1584,760
1635361800,34.7,34.7,34.47,34.486,34.58984,2263,878
1635362100,34.485,34.52,34.3803,34.3889,34.4409,1953,715
1635362400,34.39,34.58,34.38,34.57,34.46146,1636,694
1635362700,34.56,34.57,34.38,34.395,34.49095,1774,956
1635363000,34.39,34.52,34.38,34.5017,34.4509,1144,588
1635363300,34.49,34.56,34.47,34.535,34.52077,1127,532
1635363600,34.54,34.605,34.49,34.495,34.54513,1482,784
1635363900,34.495,34.54,34.42,34.435,34.48398,1095,576
1635364200,34.44,34.46,34.33,34.44,34.37977,3137,1659
1635364500,34.45,34.47,34.365,34.4,34.40552,3537,1623
1635364800,34.4001,34.48,34.35,34.41,34.40996,14434,37
1635365100,34.41,34.41,34.38,34.38,34.40713,62,2
1635365400,34.4,34.4,34.39,34.4,34.39624,15,8
1635365700,34.39,34.48,34.39,34.446,34.43192,15,6
1635366000,34.45,34.45,34.41,34.41,34.42427,7,4
1635366300,34.43,34.45,34.35,34.39,34.38363,55,18
1635366600,34.35,34.4,34.3,34.3,34.32395,55,17
1635366900,34.3,34.36,34.3,34.35,34.33544,20,9
1635367200,34.36,34.36,34.35,34.35,34.35172,8,3
1635367500,34.34,34.4,34.31,34.31,34.35039,34,11
1635367800,34.32,34.35,34.31,34.35,34.33795,26,8
1635368100,34.35,34.35,34.32,34.32,34.3237,9,3
1635368400,34.3999,34.4,34.33,34.33,34.39058,15,6
1635368700,34.33,34.39,34.3101,34.3101,34.32592,21,5
1635369000,34.38,34.38,34.35,34.35,34.36592,4,2
1635369300,34.35,34.3599,34.35,34.3599,34.35792,5,2
1635369600,34.38,34.38,34.38,34.38,34.38,7,4
1635369900,34.31,34.33,34.31,34.32,34.32,69,5
1635370200,34.36,34.39,34.36,34.37,34.3768,9,4
1635370500,34.39,34.42,34.39,34.4,34.40044,35,11
1635370800,34.44,34.45,34.44,34.45,34.4462,5,2
1635371100,34.43,34.43,34.4,34.4299,34.42843,19,3
1635371400,34.43,34.45,34.4,34.4,34.43071,14,4
1635371700,34.42,34.5,34.4,34.42,34.41538,35,10
1635372000,34.42,34.53,34.42,34.53,34.49333,3,2
1635372300,34.53,34.53,34.53,34.53,34.53,5,1
1635372600,34.53,34.53,34.5,34.5,34.52171,13,3
1635372900,34.5,34.5,34.5,34.5,34.5,2,2
1635373200,34.5,34.5,34.5,34.5,34.5,0,0
1635373500,34.41,34.41,34.41,34.41,34.41,4,1
1635373800,34.44,34.44,34.44,34.44,34.44,2,1
1635374100,34.44,34.44,34.44,34.44,34.44,0,0
1635374400,34.43,34.43,34.42,34.43,34.42667,9,6
1635374700,34.41,34.49,34.41,34.43,34.42884,34,6
1635375000,34.49,34.49,34.48,34.48,34.48256,3,3
1635375300,34.49,34.5,34.49,34.49,34.49266,11,8
1635375600,34.49,34.49,34.49,34.49,34.49,4,1
1635375900,34.49,34.49,34.49,34.49,34.49,0,0
1635376200,34.5,34.5,34.43,34.43,34.46613,13,3
1635376500,34.5,34.5,34.5,34.5,34.5,12,1
1635376800,34.5,34.5,34.5,34.5,34.5,0,0
1635377100,34.43,34.43,34.43,34.43,34.43,1,1
1635377400,34.53,34.53,34.52,34.52,34.52631,27,3
1635377700,34.53,34.5301,34.53,34.53,34.53003,7,3
1635378000,34.53,34.53,34.53,34.53,34.53,2,1
1635378300,34.54,34.54,34.54,34.54,34.54,5,2
1635378600,34.53,34.55,34.53,34.54,34.53998,42,7
1635378900,34.55,34.55,34.55,34.55,34.55,70,3
1635408000,34.85,34.85,34.81,34.81,34.83641,10,6
1635408300,34.81,34.81,34.81,34.81,34.81,0,0
1635408600,34.79,34.79,34.71,34.79,34.76959,7,6
1635408900,34.76,34.76,34.71,34.75,34.75149,28,7
1635409200,34.75,34.75,34.75,34.75,34.75,0,0
1635409500,34.75,34.75,34.75,34.75,34.75,0,0
1635409800,34.75,34.75,34.75,34.75,34.75,0,0
1635410100,34.7,34.75,34.7,34.71,34.7293,9,5
1635410400,34.74,34.75,34.74,34.75,34.74769,13,6
1635410700,34.72,34.82,34.72,34.82,34.77323,4,4
1635411000,34.82,34.82,34.82,34.82,34.82,0,0
1635411300,34.86,34.86,34.86,34.86,34.86,1,1
1635411600,34.86,34.86,34.86,34.86,34.86,0,0
1635411900,34.95,34.95,34.95,34.95,34.95,1,1
1635412200,34.92,34.92,34.69,34.69,34.82304,19,7
1635412500,34.73,34.73,34.73,34.73,34.73,1,1
1635412800,34.9,34.9,34.84,34.84,34.8907,7,2
1635413100,34.89,34.89,34.8,34.81,34.82009,24,7
1635413400,34.81,34.81,34.81,34.81,34.81,1,1
1635413700,34.81,34.81,34.81,34.81,34.81,0,0
1635414000,34.81,34.81,34.81,34.81,34.81,4,1
1635414300,34.81,34.81,34.81,34.81,34.81,0,0
1635414600,34.8,34.8,34.73,34.73,34.77024,40,9
1635414900,34.73,34.73,34.73,34.73,34.73,0,0
1635415200,34.77,34.77,34.77,34.77,34.77,6,3
1635415500,34.77,34.77,34.77,34.77,34.77,0,0
1635415800,34.71,34.71,34.71,34.71,34.71,3,2
1635416100,34.77,34.78,34.77,34.77,34.778,15,3
1635416400,34.78,34.78,34.78,34.78,34.78,7,2
1635416700,34.78,34.78,34.78,34.78,34.78,0,0
1635417000,34.8,34.8,34.8,34.8,34.8,5,3
1635417300,34.8,34.8,34.8,34.8,34.8,0,0
1635417600,34.8,34.8,34.8,34.8,34.8,0,0
1635417900,34.8,34.8,34.8,34.8,34.8,0,0
1635418200,34.8,34.8,34.8,34.8,34.8,0,0
1635418500,34.73,34.73,34.73,34.73,34.73,2,1
1635418800,34.76,34.85,34.72,34.85,34.74783,59,15
1635419100,34.85,34.85,34.85,34.85,34.85,0,0
1635419400,34.85,34.85,34.85,34.85,34.85,0,0
1635419700,34.915,34.94,34.915,34.94,34.93131,4,3
1635420000,34.95,34.96,34.91,34.91,34.94745,43,6
1635420300,34.94,34.94,34.94,34.94,34.94,3,3
1635420600,34.95,34.95,34.92,34.92,34.92481,27,7
1635420900,34.92,34.93,34.9,34.91,34.9054,12,5
1635421200,34.9,34.91,34.88,34.89,34.89703,37,15
1635421500,34.86,34.86,34.86,34.86,34.86,1,1
1635421800,34.86,34.86,34.85,34.85,34.85333,3,2
1635422100,34.82,34.82,34.82,34.82,34.82,1,1
1635422400,34.9499,34.95,34.72,34.8799,34.8834,147,39
1635422700,34.85,34.85,34.85,34.85,34.85,2,1
1635423000,34.8799,34.8799,34.77,34.85,34.81665,43,16
1635423300,34.8501,34.8986,34.85,34.8986,34.87466,21,5
1635423600,34.8999,34.91,34.89,34.9,34.9007,49,10
1635423900,34.94,34.9699,34.9001,34.9001,34.93892,74,12
1635424200,34.97,35.0,34.94,34.98,34.97231,35,11
1635424500,34.96,35.09,34.96,35.09,35.01556,152,46
1635424800,35.14,35.14,35.0,35.01,35.0527,139,36
1635425100,35.0,35.0,34.92,34.94,34.97643,37,15
1635425400,34.98,34.99,34.98,34.98,34.98157,31,7
1635425700,34.95,35.06,34.94,34.9899,35.01225,210,43
1635426000,34.98,34.98,34.95,34.95,34.96151,21,9
1635426300,34.95,34.97,34.94,34.94,34.95551,17,9
1635426600,34.98,35.01,34.97,34.97,34.99995,31,18
1635426900,34.98,35.01,34.94,35.0,34.98803,24,16
1635427200,34.99,35.01,34.99,35.0,34.99987,49,19
1635427500,35.0,35.15,34.65,34.66,34.87733,305,122
1635427800,34.66,35.46,34.612,35.315,34.99187,9723,2768
1635428100,35.33,35.85,35.25,35.84,35.57765,12363,4484
1635428400,35.85,35.98,35.6701,35.84,35.875,10196,3929
1635428700,35.83,35.9636,35.53,35.9301,35.79002,7497,2968
1635429000,35.93,36.0,35.8,35.84,35.92043,7341,2527
1635429300,35.831,35.9,35.7,35.8499,35.81111,4386,1772
1635429600,35.87,36.38,35.795,36.3401,36.08002,11710,4131
1635429900,36.34,37.09,36.33,37.09,36.76998,17471,7238
1635430200,37.1,37.29,36.82,37.17,37.06769,14328,5750
1635430500,37.1692,37.43,36.9402,37.395,37.18696,12310,4689
1635430800,37.395,37.41,37.06,37.3386,37.26156,9934,3127
1635431100,37.335,37.42,37.01,37.075,37.21885,9212,3133
1635431400,37.0725,37.1199,36.78,36.79,36.95039,6502,2313
1635431700,36.78,37.43,36.75,37.425,37.02534,11007,3824
1635432000,37.42,37.435,37.101,37.195,37.28508,7076,2717
1635432300,37.19,37.32,37.18,37.24,37.25906,4353,1486
1635432600,37.24,37.44,37.17,37.18,37.30084,5487,2264
1635432900,37.18,37.65,37.1516,37.5499,37.48233,8931,3258
1635433200,37.55,37.6,37.38,37.595,37.5038,5228,2032
1635433500,37.595,37.7,37.432,37.45,37.57452,6322,2282
1635433800,37.45,37.47,37.22,37.23,37.34798,5471,2370
1635434100,37.23,37.34,37.16,37.32,37.25693,4092,1675
1635434400,37.31,37.435,37.15,37.1774,37.25838,3329,1398
1635434700,37.1624,37.19,36.83,36.9875,36.99801,4970,1917
1635435000,36.985,37.069,36.9,36.944,36.98808,3279,1281
1635435300,36.955,37.13,36.87,37.055,36.97444,3363,1304
1635435600,37.045,37.18,36.98,37.18,37.07571,2172,976
1635435900,37.195,37.53,37.195,37.23,37.35251,5666,2301
1635436200,37.25,37.33,37.1209,37.195,37.22868,2178,802
1635436500,37.2,37.34,37.12,37.3399,37.23327,1865,778
1635436800,37.335,37.4679,37.3,37.395,37.38649,2751,991
1635437100,37.4,37.57,37.3501,37.52,37.48427,2901,1149
1635437400,37.5101,37.74,37.51,37.59,37.62085,4415,1644
1635437700,37.585,37.62,37.485,37.61,37.54907,2550,1107
1635438000,37.61,37.625,37.51,37.5163,37.57902,2853,971
1635438300,37.52,37.5711,37.355,37.3873,37.46455,3338,1598
1635438600,37.39,37.56,37.31,37.55,37.42435,2761,1088
1635438900,37.5499,37.68,37.49,37.5977,37.58776,2559,1006
1635439200,37.585,37.63,37.49,37.534,37.54199,1919,922
1635439500,37.54,37.7,37.46,37.6158,37.58714,2748,1192
1635439800,37.615,37.7,37.55,37.6319,37.63159,1905,689
1635440100,37.6297,37.69,37.45,37.48,37.57635,2040,980
1635440400,37.48,37.62,37.385,37.58,37.50089,2739,1390
1635440700,37.58,37.7,37.48,37.493,37.61503,2259,1162
1635441000,37.5,37.595,37.46,37.58,37.52859,1349,681
1635441300,37.585,37.69,37.54,37.665,37.61156,1918,795
1635441600,37.67,37.9,37.65,37.755,37.79243,5371,1833
1635441900,37.75,37.935,37.7401,37.9,37.85313,2732,982
1635442200,37.89,38.0787,37.82,38.02,37.97825,7403,2238
1635442500,38.0395,38.4,38.01,38.34,38.24334,7258,2576
1635442800,38.3499,38.43,38.1,38.18,38.31326,5369,2018
1635443100,38.18,38.23,38.12,38.1221,38.15618,3099,1132
1635443400,38.1205,38.2889,38.02,38.245,38.14087,3256,1296
1635443700,38.25,38.295,38.1294,38.15,38.22122,2527,1014
1635444000,38.16,38.3009,38.09,38.19,38.20568,3017,1335
1635444300,38.18,38.23,38.09,38.112,38.15348,3264,1415
1635444600,38.11,38.355,38.02,38.31,38.17885,3030,1352
1635444900,38.31,38.31,38.19,38.215,38.23814,1529,696
1635445200,38.22,38.45,38.22,38.28,38.33643,2770,1371
1635445500,38.285,38.32,37.85,37.92,38.12074,6417,1860
1635445800,37.92,37.9995,37.7821,37.98,37.88603,2503,1099
1635446100,37.98,38.0,37.59,37.59,37.79438,3312,1496
1635446400,37.6,37.61,37.18,37.2,37.36743,5322,2008
1635446700,37.205,37.61,37.2,37.54,37.46643,6176,2519
1635447000,37.5301,37.5799,37.33,37.35,37.4766,4383,1516
1635447300,37.35,37.3568,37.08,37.135,37.16717,4177,1584
1635447600,37.135,37.23,37.05,37.19,37.16212,3071,1341
1635447900,37.2,37.3,37.11,37.2311,37.20554,2549,1020
1635448200,37.23,37.24,36.75,36.805,36.98757,7630,2830
1635448500,36.805,36.85,36.58,36.59,36.74525,9515,4328
1635448800,36.59,36.64,36.01,36.33,36.23606,19585,6372
1635449100,36.32,36.58,36.11,36.58,36.41037,6551,2804
1635449400,36.59,36.68,36.41,36.526,36.54539,5220,2360
1635449700,36.525,36.61,36.41,36.49,36.51179,5515,2510
1635450000,36.485,36.6186,36.43,36.485,36.51799,3527,1650
1635450300,36.485,36.74,36.46,36.72,36.63386,3475,1623
1635450600,36.7199,37.14,36.7099,37.045,36.93349,13643,5341
1635450900,37.05,37.17,36.92,37.11,37.06701,19287,6707
1635451200,37.155,37.19,36.7,37.15,37.10915,6378,51
1635451500,37.13,37.5,37.01,37.25,37.2979,196,42
1635451800,37.24,37.25,37.1,37.16,37.18165,165,45
1635452100,37.1601,37.2,37.15,37.15,37.18271,58,14
1635452400,37.15,37.21,37.15,37.18,37.16904,20,17
1635452700,37.15,37.24,37.15,37.22,37.19391,46,26
1635453000,37.11,37.24,36.81,36.82,37.01831,478,106
1635453300,36.81,36.93,36.76,36.8,36.81107,198,46
1635453600,36.85,37.18,36.76,37.0399,36.96945,109,37
1635453900,36.99,37.05,36.85,37.05,37.017,57,12
1635454200,36.95,37.05,36.88,37.0,36.96037,21,9
1635454500,37.05,37.05,36.88,36.9,36.91223,57,12
1635454800,37.0,37.0,36.9,36.97,36.93671,61,19
1635455100,36.91,37.0,36.91,36.99,36.95569,31,9
1635455400,36.93,37.0,36.93,37.0,36.98651,5,2
1635455700,37.0,37.0,36.93,36.99,36.99497,124,15
1635456000,36.93,36.93,36.92,36.93,36.92788,8,4
1635456300,36.99,37.02,36.93,37.02,36.98346,8,5
1635456600,37.04,37.09,37.0,37.09,37.05644,15,8
1635456900,37.0,37.05,37.0,37.0,37.00336,61,7
1635457200,37.11,37.11,37.0,37.0,37.03365,46,7
1635457500,37.0,37.0,36.98,37.0,36.98889,6,5
1635457800,36.94,37.0,36.94,36.95,36.98486,9,6
1635458100,36.99,36.99,36.92,36.97,36.96893,36,8
1635458400,36.96,37.0,36.96,37.0,36.99561,51,10
1635458700,36.96,36.96,36.96,36.96,36.96,2,2
1635459000,37.01,37.01,37.0,37.0,37.00265,13,4
1635459300,37.0101,37.0101,37.0101,37.0101,37.0101,1,1
1635459600,37.09,37.09,37.07,37.07,37.08858,20,4
1635459900,37.02,37.02,37.01,37.01,37.01877,9,4
1635460200,37.01,37.01,37.01,37.01,37.01,16,3
1635460500,37.0,37.0,37.0,37.0,37.0,5,3
1635460800,36.9999,37.0,36.96,36.96,36.99021,9,4
1635461100,37.03,37.03,37.02,37.02,37.02842,14,5
1635461400,37.02,37.09,37.02,37.09,37.06289,37,11
1635461700,37.08,37.08,37.08,37.08,37.08,2,2
1635462000,37.01,37.08,36.98,37.07,37.07024,64,9
1635462300,37.02,37.08,37.02,37.08,37.07442,20,7
1635462600,37.08,37.15,37.08,37.08,37.10219,45,10
1635462900,37.11,37.11,37.08,37.08,37.08954,47,7
1635463200,37.1,37.11,37.1,37.11,37.10244,12,5
1635463500,37.11,37.15,37.11,37.15,37.14383,24,5
1635463800,37.19,37.19,36.92,36.92,37.0476,75,25
1635464100,36.96,36.99,36.8,36.8,36.92088,38,11
1635464400,36.8,37.0,36.8,36.94,36.91954,40,10
1635464700,36.87,36.91,36.87,36.91,36.88274,3,2
1635465000,36.91,37.03,36.89,37.03,36.94151,44,7
1635465300,36.95,37.1,36.95,37.1,37.06278,62,15
1635494400,37.1,37.31,37.05,37.21,37.1558,43,18
1635494700,37.01,37.22,36.99,37.22,37.11256,33,15
1635495000,37.24,37.3,37.17,37.17,37.22664,45,18
1635495300,37.19,37.24,37.18,37.24,37.217,18,11
1635495600,37.24,37.3,37.24,37.28,37.27477,24,8
1635495900,37.28,37.28,37.24,37.24,37.25229,7,4
1635496200,37.19,37.21,37.13,37.13,37.1987,15,8
1635496500,37.13,37.16,37.13,37.16,37.13693,4,3
1635496800,37.24,37.26,37.24,37.25,37.24431,11,6
1635497100,37.25,37.27,37.25,37.27,37.26004,14,5
1635497400,37.2,37.2,37.2,37.2,37.2,2,1
1635497700,37.2,37.2,37.2,37.2,37.2,0,0
1635498000,37.24,37.24,37.24,37.24,37.24,1,1
1635498300,37.24,37.24,37.24,37.24,37.24,0,0
1635498600,37.29,37.34,37.29,37.34,37.30782,19,9
1635498900,37.4,37.4,37.4,37.4,37.4,10,1
1635499200,37.4,37.4,37.34,37.34,37.38264,5,4
1635499500,37.49,37.49,37.43,37.43,37.47527,6,5
1635499800,37.49,37.49,37.45,37.45,37.46794,4,2
1635500100,37.47,37.49,37.47,37.47,37.47843,9,5
1635500400,37.46,37.46,37.45,37.46,37.45941,17,4
1635500700,37.39,37.5,37.38,37.49,37.46261,17,6
1635501000,37.49,37.49,37.48,37.49,37.48893,9,4
1635501300,37.45,37.45,37.45,37.45,37.45,2,1
1635501600,37.44,37.44,37.4,37.4,37.41571,14,9
1635501900,37.4,37.45,37.37,37.37,37.4178,19,8
1635502200,37.38,37.43,37.38,37.43,37.39536,34,11
1635502500,37.28,37.28,37.21,37.27,37.26293,10,9
1635502800,37.27,37.29,37.21,37.22,37.2409,19,11
1635503100,37.24,37.24,37.0,37.01,37.17452,120,21
1635503400,37.09,37.25,37.09,37.24,37.14128,70,23
1635503700,37.23,37.25,37.23,37.25,37.24466,4,3
1635504000,37.26,37.26,37.25,37.25,37.25585,6,2
1635504300,37.25,37.25,37.25,37.25,37.25,0,0
1635504600,37.25,37.25,37.25,37.25,37.25,0,0
1635504900,37.23,37.23,37.23,37.23,37.23,4,4
1635505200,37.16,37.21,37.0,37.21,37.0817,48,32
1635505500,37.2,37.22,37.12,37.2,37.18004,42,23
1635505800,37.2,37.2,37.2,37.2,37.2,9,3
1635506100,37.16,37.19,37.16,37.19,37.17938,33,12
1635506400,37.13,37.16,37.12,37.12,37.1442,46,24
1635506700,37.12,37.12,37.1,37.1,37.1057,3,2
1635507000,37.11,37.12,37.07,37.08,37.11456,20,7
1635507300,37.14,37.16,37.09,37.09,37.13171,17,9
1635507600,37.1,37.19,37.09,37.19,37.10395,95,9
1635507900,37.16,37.19,37.11,37.11,37.14718,29,19
1635508200,37.12,37.14,37.11,37.11,37.12083,23,15
1635508500,37.14,37.14,37.11,37.12,37.12429,7,5
1635508800,37.2,37.28,37.0,37.11,37.11319,218,58
1635509100,37.12,37.13,37.11,37.13,37.12586,21,7
1635509400,37.1299,37.1299,37.08,37.08,37.11042,58,21
1635509700,37.0801,37.12,37.08,37.12,37.10502,107,20
1635510000,37.1201,37.19,37.1201,37.19,37.15254,60,10
1635510300,37.19,37.1999,37.11,37.19,37.18303,13,6
1635510600,37.15,37.2,37.12,37.2,37.18024,45,9
1635510900,37.16,37.22,37.16,37.2,37.2018,83,21
1635511200,37.18,37.2,37.17,37.2,37.18382,68,10
1635511500,37.21,37.22,37.16,37.1699,37.19699,45,16
1635511800,37.1,37.17,37.1,37.17,37.14836,17,8
1635512100,37.2164,37.2164,37.1501,37.19,37.17626,59,15
1635512400,37.19,37.19,37.0,37.0,37.09416,248,56
1635512700,37.02,37.02,36.91,36.97,36.97318,176,58
1635513000,36.934,37.0,36.9,37.0,36.93682,151,62
1635513300,37.0,37.01,36.95,37.01,36.98283,108,38
1635513600,37.05,37.19,37.04,37.19,37.1389,134,42
1635513900,37.19,37.38,37.15,37.29,37.27683,259,82
1635514200,37.25,37.9183,37.2,37.44,37.4283,14916,4706
1635514500,37.41,37.44,36.81,37.2184,37.06731,8682,3513
1635514800,37.23,37.6,36.94,37.585,37.36718,8803,3312
1635515100,37.59,37.6883,36.95,37.035,37.19173,5873,2298
1635515400,37.04,37.569,37.02,37.355,37.3351,4712,1998
1635515700,37.3419,37.7,37.26,37.659,37.55975,3852,1575
1635516000,37.66,37.93,37.45,37.91,37.67992,4436,1852
1635516300,37.9191,38.26,37.9,38.0499,38.12745,13518,3359
1635516600,38.05,38.1399,37.55,37.63,37.79755,4930,2235
1635516900,37.63,37.64,37.35,37.6,37.49396,3858,1564
1635517200,37.605,37.71,37.43,37.6399,37.61502,4076,1823
1635517500,37.64,37.77,37.48,37.53,37.60549,3863,1463
1635517800,37.525,37.89,37.52,37.8691,37.70658,3363,1456
1635518100,37.8699,37.96,37.75,37.92,37.85211,2633,1246
1635518400,37.94,38.1199,37.9391,37.985,38.02179,4127,1574
1635518700,37.99,38.215,37.99,38.125,38.14086,3877,1430
1635519000,38.1201,38.2,37.88,37.92,38.05138,3961,1605
1635519300,37.909,38.0,37.8211,37.88,37.91839,3147,1314
1635519600,37.865,37.93,37.6,37.6745,37.75281,2852,1132
1635519900,37.68,38.09,37.68,37.855,37.92436,3386,1167
1635520200,37.8657,38.06,37.84,38.0585,37.96847,2157,765
1635520500,38.05,38.18,37.87,38.085,38.02806,2881,1208
1635520800,38.085,38.155,38.02,38.0201,38.08919,1539,660
1635521100,38.0201,38.14,37.96,38.1213,38.0583,1726,702
1635521400,38.125,38.25,37.97,37.975,38.08707,3484,1388
1635521700,37.98,38.14,37.9,38.14,38.04247,2230,931
1635522000,38.14,38.1486,37.9201,37.928,38.01467,2513,1098
1635522300,37.93,38.04,37.9,37.945,37.94979,2441,1227
1635522600,37.945,38.028,37.93,37.985,37.97186,1943,809
1635522900,37.99,38.09,37.985,38.07,38.05446,1654,685
1635523200,38.07,38.175,38.06,38.145,38.11645,2251,882
1635523500,38.1467,38.175,37.97,37.97,38.03785,2222,888
1635523800,37.97,38.03,37.93,37.9812,37.9858,1495,568
1635524100,37.9814,38.05,37.94,38.0001,37.98529,1280,496
1635524400,37.99,38.23,37.96,38.06,38.10104,4159,1628
1635524700,38.0664,38.07,37.9,37.9498,37.96444,2444,785
1635525000,37.9499,37.96,37.89,37.945,37.93549,1261,449
1635525300,37.94,37.96,37.79,37.83,37.85163,1529,595
1635525600,37.835,37.96,37.81,37.87,37.86902,1533,719
1635525900,37.885,37.925,37.74,37.885,37.84869,1831,693
1635526200,37.8807,37.9499,37.87,37.8909,37.91016,941,441
1635526500,37.895,37.9389,37.77,37.785,37.85969,1268,534
1635526800,37.79,37.84,37.7828,37.82,37.81465,1293,543
1635527100,37.815,37.895,37.76,37.88,37.82652,1853,910
1635527400,37.89,37.94,37.85,37.861,37.89336,1095,504
1635527700,37.8616,38.065,37.8616,38.06,37.94515,1928,921
1635528000,38.055,38.4,38.01,38.385,38.25046,4307,1707
1635528300,38.3801,38.44,38.24,38.2699,38.3436,2661,1031
1635528600,38.27,38.3,38.112,38.1201,38.18371,1551,701
1635528900,38.1284,38.21,38.101,38.165,38.15369,844,443
1635529200,38.16,38.2,38.1,38.1521,38.14953,928,502
1635529500,38.151,38.151,38.02,38.06,38.0704,1159,547
1635529800,38.06,38.14,38.0479,38.085,38.08828,577,318
1635530100,38.08,38.1,37.99,38.0193,38.03743,980,497
1635530400,38.02,38.13,37.995,38.09,38.06124,1059,441
1635530700,38.099,38.1695,38.099,38.1299,38.13774,976,325
1635531000,38.135,38.21,38.07,38.0893,38.13457,908,357
1635531300,38.08,38.149,38.01,38.02,38.06367,958,442
1635531600,38.02,38.09,38.02,38.0385,38.04796,756,368
1635531900,38.035,38.04,37.85,37.865,37.94108,2274,905
1635532200,37.86,37.906,37.72,37.82,37.80896,3437,1229
1635532500,37.82,37.96,37.81,37.915,37.91217,1023,466
1635532800,37.93,37.93,37.8,37.8201,37.85857,1456,493
1635533100,37.83,37.86,37.76,37.83,37.80874,1083,493
1635533400,37.825,37.96,37.81,37.94,37.89527,936,415
1635533700,37.93,38.0,37.89,37.92,37.94641,1059,435
1635534000,37.9144,37.98,37.83,37.91,37.89138,1135,601
1635534300,37.91,37.96,37.86,37.9,37.90633,645,337
1635534600,37.89,37.99,37.885,37.985,37.95058,758,400
1635534900,37.9812,38.04,37.905,37.97,37.99066,1459,697
1635535200,37.97,37.985,37.92,37.92,37.95314,913,438
1635535500,37.9213,38.16,37.9,38.1105,38.07027,2451,1214
1635535800,38.12,38.185,38.02,38.12,38.10824,1975,856
1635536100,38.11,38.22,38.11,38.205,38.18443,1708,850
1635536400,38.21,38.32,38.1917,38.31,38.24358,3028,1233
1635536700,38.32,38.49,38.3113,38.45,38.42963,4727,2017
1635537000,38.45,38.46,38.35,38.4,38.39978,4804,2069
1635537300,38.39,38.39,38.27,38.27,38.34188,8652,3793
1635537600,38.27,38.45,38.27,38.33,38.27095,12071,44
1635537900,38.34,38.35,38.3,38.3,38.33637,18,9
1635538200,38.3199,38.3199,38.25,38.28,38.30236,88,15
1635538500,38.28,38.31,38.26,38.29,38.27759,28,11
1635538800,38.28,38.31,38.26,38.27,38.26856,20,9
1635539100,38.28,38.28,38.24,38.24,38.26994,77,17
1635539400,38.25,38.28,38.23,38.23,38.27597,80,8
1635539700,38.26,38.26,38.23,38.23,38.23159,18,7
1635540000,38.21,38.26,38.21,38.26,38.24005,7,3
1635540300,38.24,38.24,38.22,38.24,38.23654,12,6
1635540600,38.27,38.27,38.24,38.25,38.25648,12,4
1635540900,38.26,38.28,38.25,38.25,38.25783,39,16
1635541200,38.25,38.25,38.25,38.25,38.25,0,0
1635541500,38.26,38.28,38.26,38.28,38.26705,14,6
1635541800,38.2755,38.28,38.25,38.25,38.27142,18,4
1635542100,38.28,38.28,38.21,38.22,38.24764,9,5
1635542400,38.22,38.28,38.21,38.26,38.26948,45,12
1635542700,38.27,38.27,38.25,38.25,38.25618,9,6
1635543000,38.25,38.27,38.25,38.26,38.265,6,3
1635543300,38.27,38.28,38.26,38.28,38.27309,22,12
1635543600,38.27,38.28,38.27,38.28,38.27079,12,4
1635543900,38.21,38.24,38.21,38.24,38.2121,24,3
1635544200,38.25,38.28,38.24,38.28,38.26604,20,12
1635544500,38.28,38.3,38.28,38.3,38.29237,22,9
1635544800,38.29,38.3,38.29,38.3,38.29802,10,2
1635545100,38.3,38.3,38.3,38.3,38.3,22,2
1635545400,38.25,38.3,38.25,38.3,38.27368,3,2
1635545700,38.3,38.3,38.3,38.3,38.3,3,2
1635546000,38.31,38.34,38.3,38.34,38.32374,20,7
1635546300,38.35,38.35,38.33,38.33,38.34012,10,4
1635546600,38.33,38.4,38.33,38.4,38.37444,9,5
1635546900,38.4,38.4,38.35,38.35,38.37366,37,8
1635547200,38.35,38.39,38.35,38.39,38.37421,3,3
1635547500,38.3501,38.39,38.3501,38.39,38.36394,17,4
1635547800,38.39,38.39,38.39,38.39,38.39,0,0
1635548100,38.34,38.36,38.34,38.36,38.35932,29,3
1635548400,38.36,38.36,38.36,38.36,38.36,0,0
1635548700,38.39,38.39,38.38,38.38,38.38722,9,3
1635549000,38.38,38.39,38.38,38.39,38.38333,3,2
1635549300,38.39,38.39,38.32,38.32,38.36923,18,6
1635549600,38.32,38.32,38.32,38.32,38.32,0,0
1635549900,38.39,38.39,38.34,38.34,38.38,12,2
1635550200,38.38,38.38,38.38,38.38,38.38,2,1
1635550500,38.35,38.38,38.35,38.38,38.36509,10,4
1635550800,38.38,38.39,38.38,38.39,38.38784,5,2
1635551100,38.39,38.39,38.39,38.39,38.39,0,0
1635551400,38.37,38.38,38.37,38.38,38.37687,11,3
1635551700,38.39,38.39,38.38,38.39,38.3889,9,5
1635753600,38.8,39.1,38.8,38.96,38.89178,66,21
1635753900,38.91,38.99,38.91,38.93,38.94437,42,14
1635754200,38.96,39.15,38.96,39.0,39.01089,53,29
1635754500,39.11,39.14,38.97,38.97,39.07439,38,19
1635754800,39.09,39.1,39.08,39.1,39.09056,7,6
1635755100,39.17,39.29,39.17,39.28,39.23129,10,8
1635755400,39.33,39.51,39.28,39.37,39.37992,106,46
1635755700,39.47,39.6,39.37,39.37,39.51794,96,40
1635756000,39.47,39.6,39.47,39.57,39.54986,14,9
1635756300,39.51,39.81,39.51,39.69,39.68377,79,33
1635756600,39.68,39.8,39.68,39.8,39.79332,40,10
1635756900,39.79,39.9,39.79,39.9,39.85518,19,12
1635757200,39.8,39.89,39.8,39.89,39.84763,26,14
1635757500,39.87,39.89,39.74,39.74,39.83232,13,8
1635757800,39.74,39.74,39.55,39.7,39.6511,78,25
1635758100,39.62,39.9,39.6,39.8,39.81173,42,21
1635758400,39.77,39.9,39.7,39.9,39.87603,35,16
1635758700,39.85,39.87,39.85,39.87,39.86011,10,5
1635759000,39.86,39.9,39.85,39.9,39.86882,13,10
1635759300,39.89,39.96,39.89,39.96,39.907,15,8
1635759600,39.96,40.0,39.96,40.0,39.99165,33,22
1635759900,39.94,39.94,39.93,39.93,39.93296,7,4
1635760200,39.93,39.98,39.9,39.91,39.92427,14,12
1635760500,39.82,39.86,39.82,39.86,39.84,2,2
1635760800,39.84,39.95,39.79,39.79,39.89673,49,20
1635761100,39.93,39.95,39.79,39.85,39.89152,47,18
1635761400,39.79,39.91,39.78,39.91,39.86627,16,9
1635761700,39.87,39.87,39.87,39.87,39.87,1,1
1635762000,39.88,39.95,39.85,39.91,39.91013,53,27
1635762300,39.88,39.95,39.87,39.93,39.92659,34,18
1635762600,39.93,39.98,39.93,39.93,39.94893,78,40
1635762900,39.93,40.11,39.89,39.98,39.96261,78,39
1635763200,39.92,40.0,39.92,40.0,39.98044,10,4
1635763500,40.0,40.15,40.0,40.15,40.08865,11,6
1635763800,40.02,40.05,40.01,40.05,40.02852,24,15
1635764100,40.01,40.05,39.93,40.05,40.0146,68,23
1635764400,39.94,40.0,39.5,39.85,39.75313,405,95
1635764700,39.86,40.0,39.85,40.0,39.91178,107,29
1635765000,39.97,40.24,39.97,40.12,40.04384,173,77
1635765300,40.12,40.17,40.02,40.05,40.11081,55,21
1635765600,40.02,40.15,39.99,40.15,40.04184,232,27
1635765900,40.18,40.5,40.18,40.4,40.41013,326,95
1635766200,40.44,40.44,40.35,40.35,40.357,49,13
1635766500,40.34,40.39,40.3,40.35,40.35204,92,42
1635766800,40.32,40.32,40.21,40.28,40.2769,34,15
1635767100,40.28,40.28,40.12,40.15,40.21436,71,21
1635767400,40.14,40.17,40.14,40.16,40.16469,8,5
1635767700,40.19,40.28,40.19,40.22,40.2248,58,15
1635768000,39.8999,40.4897,39.5,40.2696,40.03081,1253,227
1635768300,40.25,40.4,40.12,40.28,40.31533,207,83
1635768600,40.28,40.28,40.1003,40.15,40.17844,87,34
1635768900,40.15,40.18,39.96,40.01,40.03229,411,80
1635769200,40.01,40.03,39.91,40.03,39.97974,135,43
1635769500,40.04,40.1,40.04,40.1,40.08377,44,19
1635769800,40.1,40.15,39.84,39.92,39.99858,318,134
1635770100,39.87,40.0129,39.7,39.76,39.84259,287,97
1635770400,39.72,39.7899,39.65,39.72,39.69572,155,61
1635770700,39.75,39.95,39.7499,39.8596,39.8701,235,61
1635771000,39.8031,39.88,39.76,39.88,39.81206,177,39
1635771300,39.88,39.9,39.85,39.9,39.88361,229,60
1635771600,39.9,39.95,39.89,39.89,39.92139,193,58
1635771900,39.88,39.9,39.77,39.83,39.85137,318,47
1635772200,39.85,39.9,39.84,39.85,39.85915,109,52
1635772500,39.86,39.8999,39.79,39.79,39.83422,149,55
1635772800,39.7892,39.79,39.7,39.7007,39.72154,225,72
1635773100,39.75,40.0,39.59,39.59,39.82791,534,106
1635773400,39.59,40.4461,39.42,39.93,39.85191,25574,7859
1635773700,39.9202,40.5,39.81,40.4899,40.07339,13208,6093
1635774000,40.47,41.2,40.42,40.79,40.88185,14001,5313
1635774300,40.8,41.32,40.7811,41.31,41.03032,10718,4264
1635774600,41.3,41.325,40.61,40.67,40.91172,9108,3876
1635774900,40.66,40.75,40.13,40.2793,40.43753,10529,4272
1635775200,40.28,40.31,39.5002,39.62,39.80649,12423,5108
1635775500,39.63,39.89,39.53,39.8801,39.67044,7282,3087
1635775800,39.8899,40.03,39.7009,39.99,39.89621,6748,2492
1635776100,39.99,40.31,39.93,40.24,40.08852,5629,2386
1635776400,40.24,40.5988,40.24,40.3691,40.41391,7010,2579
1635776700,40.38,40.82,40.37,40.79,40.68191,5364,2168
1635777000,40.8,41.11,40.8,40.88,40.9345,7379,2870
1635777300,40.8797,41.03,40.53,40.55,40.78292,6749,2574
1635777600,40.5499,40.58,40.16,40.17,40.38542,6164,2540
1635777900,40.17,40.45,40.14,40.385,40.26744,5718,2469
1635778200,40.3774,40.43,40.16,40.25,40.27276,4680,2157
1635778500,40.255,40.34,39.82,39.86,40.03983,6545,2728
1635778800,39.85,40.27,39.82,40.25,40.11172,3940,1425
1635779100,40.25,40.47,40.1,40.4401,40.32242,4801,1860
1635779400,40.4409,40.84,40.4018,40.7405,40.64217,4823,2050
1635779700,40.75,40.77,40.5,40.6,40.61083,2598,1053
1635780000,40.59,40.77,40.54,40.58,40.66817,3704,1602
1635780300,40.585,40.72,40.45,40.605,40.58347,2938,1428
1635780600,40.6,40.85,40.52,40.83,40.67299,4489,1985
1635780900,40.83,40.87,40.63,40.7791,40.75961,3067,1354
1635781200,40.775,40.84,40.686,40.8292,40.7511,2845,1481
1635781500,40.825,40.8583,40.595,40.74,40.73158,2904,1477
1635781800,40.735,40.735,40.5011,40.51,40.5784,3133,1259
1635782100,40.505,40.69,40.47,40.685,40.5596,3604,1573
1635782400,40.688,41.18,40.685,41.05,40.97203,5638,2218
1635782700,41.04,41.22,40.96,41.07,41.08537,5468,1846
1635783000,41.055,41.1,40.885,41.1,40.95733,2514,1154
1635783300,41.1,41.13,40.9021,40.905,40.98495,2549,810
1635783600,40.9,41.08,40.8401,41.0199,40.99075,2092,979
1635783900,41.02,41.17,40.95,41.02,41.05236,1968,886
1635784200,41.015,41.05,40.9,40.95,40.96292,1830,981
1635784500,40.95,41.17,40.92,41.035,41.04902,2766,1265
1635784800,41.035,41.17,41.0201,41.07,41.09661,3158,1332
1635785100,41.09,41.12,40.92,41.0,41.01147,2223,855
1635785400,41.005,41.11,40.945,41.025,41.01607,2199,1151
1635785700,41.025,41.13,40.93,41.0193,41.02246,2782,1160
1635786000,41.0183,41.4,40.98,41.38,41.20561,4360,1819
1635786300,41.375,41.46,41.23,41.26,41.36315,4095,1596
1635786600,41.265,41.4794,41.18,41.445,41.31166,2584,1166
1635786900,41.445,41.47,41.2799,41.2799,41.39748,2054,928
1635787200,41.28,41.35,41.2,41.295,41.27562,1886,883
1635787500,41.31,41.3281,41.11,41.1908,41.18399,2062,927
1635787800,41.2,41.28,41.14,41.28,41.19556,2210,1113
1635788100,41.29,41.43,41.29,41.3617,41.36543,1988,715
1635788400,41.375,41.3991,41.255,41.28,41.32998,1981,783
1635788700,41.285,41.37,41.14,41.19,41.24055,2013,987
1635789000,41.185,41.21,40.9,40.9,41.03669,2780,1197
1635789300,40.91,40.97,40.8506,40.88,40.91676,2509,1074
1635789600,40.87,40.99,40.8304,40.98,40.89897,1823,883
1635789900,40.98,41.07,40.93,41.04,40.99338,2066,845
1635790200,41.03,41.09,40.67,40.6846,40.83777,4164,1715
1635790500,40.68,40.81,40.61,40.6608,40.67952,4925,1332
1635790800,40.6681,40.885,40.63,40.881,40.74713,2974,993
1635791100,40.8709,40.875,40.68,40.7,40.76316,1509,748
1635791400,40.705,40.885,40.69,40.87,40.79125,1845,656
1635791700,40.875,41.01,40.8679,40.9196,40.92279,2226,838
1635792000,40.915,40.96,40.86,40.945,40.91557,1404,549
1635792300,40.94,40.95,40.815,40.88,40.87612,1929,964
1635792600,40.875,41.22,40.85,41.14,41.06834,2998,1242
1635792900,41.145,41.145,40.99,41.02,41.05626,1386,660
1635793200,41.025,41.1,40.9909,41.085,41.06859,1131,608
1635793500,41.085,41.23,41.085,41.23,41.16852,1320,629
1635793800,41.22,41.39,41.22,41.31,41.30708,2114,958
1635794100,41.315,41.315,41.08,41.125,41.20257,1756,824
1635794400,41.125,41.19,41.03,41.19,41.10716,1670,785
1635794700,41.185,41.3698,41.16,41.295,41.28658,2939,1230
1635795000,41.295,41.65,41.295,41.645,41.48765,5503,2098
1635795300,41.645,41.74,41.63,41.6801,41.68569,3439,1497
1635795600,41.685,41.9,41.68,41.875,41.80753,4811,1803
1635795900,41.875,41.88,41.5,41.51,41.70964,7421,2852
1635796200,41.52,41.77,41.52,41.565,41.65989,4621,2206
1635796500,41.57,41.67,41.5,41.65,41.59297,7810,3484
1635796800,41.65,41.71,41.63,41.71,41.6504,8566,105
1635797100,41.71,41.93,41.7,41.92,41.86454,374,114
1635797400,41.92,41.93,41.79,41.9,41.86708,170,44
1635797700,41.83,41.93,41.8,41.8,41.89596,696,74
1635798000,41.79,41.83,41.65,41.8,41.70239,293,84
1635798300,41.71,41.88,41.71,41.8,41.82028,39,18
1635798600,41.72,41.8,41.72,41.8,41.76914,18,13
1635798900,41.73,41.82,41.73,41.82,41.79479,64,18
1635799200,41.87,41.9,41.8,41.9,41.85824,50,33
1635799500,41.85,41.92,41.84,41.92,41.89719,53,30
1635799800,41.93,42.05,41.9,42.0,41.96027,477,116
1635800100,42.0,42.1,42.0,42.04,42.04818,114,45
1635800400,42.06,42.21,42.01,42.01,42.10382,94,44
1635800700,42.06,42.09,42.0,42.09,42.0623,149,29
1635801000,42.06,42.21,42.05,42.19,42.13651,51,24
1635801300,42.18,42.22,42.18,42.22,42.20132,33,9
1635801600,42.24,42.31,42.24,42.3,42.27172,80,35
1635801900,42.28,42.3,42.0,42.0,42.17474,101,44
1635802200,42.0,42.03,41.95,41.98,41.99946,65,17
1635802500,41.96,41.98,41.8,41.84,41.82851,111,28
1635802800,41.84,41.99,41.81,41.9,41.86026,122,20
1635803100,41.95,42.05,41.9,42.05,41.98679,58,26
1635803400,42.04,42.22,41.87,42.2,42.12941,125,54
1635803700,42.15,42.19,42.0,42.0,42.05551,53,16
1635804000,41.99,42.12,41.99,42.12,42.02122,70,17
1635804300,42.08,42.35,42.02,42.2,42.1976,249,86
1635804600,42.2,42.2,42.1001,42.18,42.17215,57,23
1635804900,42.15,42.16,42.0,42.13,42.0959,84,37
1635805200,42.13,42.19,42.13,42.19,42.15664,17,12
