date,open,high,low,close,average,volume,count
1631088000,20.12,20.12,20.12,20.12,20.12,2,2
1631088005,20.12,20.12,20.12,20.12,20.12,0,0
1631088010,20.12,20.12,20.12,20.12,20.12,0,0
1631088015,20.12,20.12,20.12,20.12,20.12,0,0
1631088020,20.12,20.12,20.12,20.12,20.12,0,0
1631088025,20.12,20.12,20.12,20.12,20.12,0,0
1631088030,20.12,20.12,20.12,20.12,20.12,0,0
1631088035,20.12,20.12,20.12,20.12,20.12,0,0
1631088040,20.12,20.12,20.12,20.12,20.12,0,0
1631088045,20.06,20.06,20.06,20.06,20.06,1,1
1631088050,20.06,20.06,20.06,20.06,20.06,0,0
1631088055,20.06,20.06,20.06,20.06,20.06,0,0
1631088060,20.05,20.05,20.05,20.05,20.05,1,1
1631088065,20.05,20.05,20.05,20.05,20.05,0,0
1631088070,20.05,20.05,20.05,20.05,20.05,0,0
1631088075,20.05,20.05,20.05,20.05,20.05,0,0
1631088080,20.05,20.05,20.05,20.05,20.05,0,0
1631088085,20.05,20.05,20.05,20.05,20.05,0,0
1631088090,20.05,20.05,20.05,20.05,20.05,0,0
1631088095,20.05,20.05,20.05,20.05,20.05,0,0
1631088100,20.05,20.05,20.05,20.05,20.05,0,0
1631088105,20.05,20.05,20.05,20.05,20.05,0,0
1631088110,20.05,20.05,20.05,20.05,20.05,0,0
1631088115,20.05,20.05,20.05,20.05,20.05,0,0
1631088120,20.05,20.05,20.05,20.05,20.05,0,0
1631088125,20.05,20.05,20.05,20.05,20.05,0,0
1631088130,20.05,20.05,20.05,20.05,20.05,0,0
1631088135,20.05,20.05,20.05,20.05,20.05,0,0
1631088140,20.05,20.05,20.05,20.05,20.05,0,0
1631088145,20.05,20.05,20.05,20.05,20.05,0,0
1631088150,20.05,20.05,20.05,20.05,20.05,0,0
1631088155,20.05,20.05,20.05,20.05,20.05,0,0
1631088160,20.05,20.05,20.05,20.05,20.05,0,0
1631088165,20.05,20.05,20.05,20.05,20.05,0,0
1631088170,19.6,19.6,19.6,19.6,19.6,1,1
1631088175,19.56,19.56,19.56,19.56,19.56,1,1
1631088180,19.55,19.55,19.55,19.55,19.55,1,1
1631088185,19.55,19.55,19.55,19.55,19.55,1,1
1631088190,19.55,19.55,19.55,19.55,19.55,0,0
1631088195,19.55,19.55,19.55,19.55,19.55,0,0
1631088200,19.56,19.56,19.56,19.56,19.56,5,1
1631088205,19.56,19.56,19.56,19.56,19.56,0,0
1631088210,19.56,19.56,19.56,19.56,19.56,0,0
1631088215,19.56,19.56,19.56,19.56,19.56,0,0
1631088220,19.56,19.56,19.56,19.56,19.56,0,0
1631088225,19.56,19.56,19.56,19.56,19.56,0,0
1631088230,19.56,19.56,19.56,19.56,19.56,0,0
1631088235,19.56,19.56,19.56,19.56,19.56,0,0
1631088240,19.56,19.56,19.56,19.56,19.56,0,0
1631088245,19.56,19.56,19.56,19.56,19.56,0,0
1631088250,19.56,19.56,19.56,19.56,19.56,0,0
1631088255,19.56,19.56,19.56,19.56,19.56,0,0
1631088260,19.56,19.56,19.56,19.56,19.56,0,0
1631088265,19.56,19.56,19.56,19.56,19.56,0,0
1631088270,19.56,19.56,19.56,19.56,19.56,0,0
1631088275,19.56,19.56,19.56,19.56,19.56,0,0
1631088280,19.56,19.56,19.56,19.56,19.56,0,0
1631088285,19.56,19.56,19.56,19.56,19.56,0,0
1631088290,19.56,19.56,19.56,19.56,19.56,0,0
1631088295,19.56,19.56,19.56,19.56,19.56,0,0
1631088300,19.56,19.56,19.56,19.56,19.56,0,0
1631088305,19.56,19.56,19.56,19.56,19.56,0,0
1631088310,19.56,19.56,19.56,19.56,19.56,0,0
1631088315,19.56,19.56,19.56,19.56,19.56,0,0
1631088320,19.56,19.56,19.56,19.56,19.56,0,0
1631088325,19.56,19.56,19.56,19.56,19.56,0,0
1631088330,19.56,19.56,19.56,19.56,19.56,0,0
1631088335,19.56,19.56,19.56,19.56,19.56,0,0
1631088340,19.56,19.56,19.56,19.56,19.56,0,0
1631088345,19.56,19.56,19.56,19.56,19.56,0,0
1631088350,19.56,19.56,19.56,19.56,19.56,0,0
1631088355,19.56,19.56,19.56,19.56,19.56,0,0
1631088360,19.56,19.56,19.56,19.56,19.56,0,0
1631088365,19.69,19.69,19.69,19.69,19.69,1,1
1631088370,19.69,19.69,19.69,19.69,19.69,0,0
1631088375,19.69,19.69,19.69,19.69,19.69,0,0
1631088380,19.69,19.69,19.69,19.69,19.69,0,0
1631088385,19.69,19.69,19.69,19.69,19.69,0,0
1631088390,19.69,19.69,19.69,19.69,19.69,0,0
1631088395,19.69,19.69,19.69,19.69,19.69,0,0
1631088400,19.69,19.69,19.69,19.69,19.69,0,0
1631088405,19.69,19.69,19.69,19.69,19.69,0,0
1631088410,19.69,19.69,19.69,19.69,19.69,0,0
1631088415,19.69,19.69,19.69,19.69,19.69,0,0
1631088420,19.69,19.69,19.69,19.69,19.69,0,0
1631088425,19.69,19.69,19.69,19.69,19.69,0,0
1631088430,19.69,19.69,19.69,19.69,19.69,0,0
1631088435,19.69,19.69,19.69,19.69,19.69,0,0
1631088440,19.69,19.69,19.69,19.69,19.69,0,0
1631088445,19.69,19.69,19.69,19.69,19.69,0,0
1631088450,19.69,19.69,19.69,19.69,19.69,0,0
1631088455,19.69,19.69,19.69,19.69,19.69,0,0
1631088460,19.69,19.69,19.69,19.69,19.69,0,0
1631088465,19.69,19.69,19.69,19.69,19.69,0,0
1631088470,19.69,19.69,19.69,19.69,19.69,0,0
1631088475,19.69,19.69,19.69,19.69,19.69,0,0
1631088480,19.69,19.69,19.69,19.69,19.69,0,0
1631088485,19.69,19.69,19.69,19.69,19.69,0,0
1631088490,19.69,19.69,19.69,19.69,19.69,0,0
1631088495,19.69,19.69,19.69,19.69,19.69,0,0
1631088500,19.69,19.69,19.69,19.69,19.69,0,0
1631088505,19.69,19.69,19.69,19.69,19.69,0,0
1631088510,19.69,19.69,19.69,19.69,19.69,0,0
1631088515,19.69,19.69,19.69,19.69,19.69,0,0
1631088520,19.69,19.69,19.69,19.69,19.69,0,0
1631088525,19.69,19.69,19.69,19.69,19.69,0,0
1631088530,19.69,19.69,19.69,19.69,19.69,0,0
1631088535,19.69,19.69,19.69,19.69,19.69,0,0
1631088540,19.69,19.69,19.69,19.69,19.69,0,0
1631088545,19.69,19.69,19.69,19.69,19.69,0,0
1631088550,19.69,19.69,19.69,19.69,19.69,0,0
1631088555,19.69,19.69,19.69,19.69,19.69,0,0
1631088560,19.69,19.69,19.69,19.69,19.69,0,0
1631088565,19.69,19.69,19.69,19.69,19.69,0,0
1631088570,19.69,19.69,19.69,19.69,19.69,0,0
1631088575,19.69,19.69,19.69,19.69,19.69,0,0
1631088580,19.69,19.69,19.69,19.69,19.69,0,0
1631088585,19.69,19.69,19.69,19.69,19.69,0,0
1631088590,19.69,19.69,19.69,19.69,19.69,0,0
1631088595,19.69,19.69,19.69,19.69,19.69,0,0
1631088600,19.65,19.65,19.65,19.65,19.65,4,1
1631088605,19.65,19.65,19.65,19.65,19.65,0,0
1631088610,19.65,19.65,19.65,19.65,19.65,0,0
1631088615,19.65,19.65,19.65,19.65,19.65,0,0
1631088620,19.67,19.68,19.67,19.68,19.67667,3,3
1631088625,19.69,19.69,19.69,19.69,19.69,1,1
1631088630,19.69,19.69,19.69,19.69,19.69,0,0
1631088635,19.69,19.69,19.69,19.69,19.69,0,0
1631088640,19.69,19.69,19.69,19.69,19.69,0,0
1631088645,19.69,19.69,19.69,19.69,19.69,0,0
1631088650,19.69,19.69,19.69,19.69,19.69,0,0
1631088655,19.69,19.69,19.69,19.69,19.69,0,0
1631088660,19.69,19.69,19.69,19.69,19.69,0,0
1631088665,19.69,19.69,19.69,19.69,19.69,0,0
1631088670,19.69,19.69,19.69,19.69,19.69,0,0
1631088675,19.69,19.69,19.69,19.69,19.69,0,0
1631088680,19.69,19.69,19.69,19.69,19.69,0,0
1631088685,19.69,19.69,19.69,19.69,19.69,0,0
1631088690,19.69,19.69,19.69,19.69,19.69,0,0
1631088695,19.69,19.69,19.69,19.69,19.69,0,0
1631088700,19.69,19.69,19.69,19.69,19.69,0,0
1631088705,19.69,19.69,19.69,19.69,19.69,0,0
1631088710,19.69,19.69,19.69,19.69,19.69,0,0
1631088715,19.69,19.69,19.69,19.69,19.69,0,0
1631088720,19.69,19.69,19.69,19.69,19.69,0,0
1631088725,19.69,19.69,19.69,19.69,19.69,0,0
1631088730,19.69,19.69,19.69,19.69,19.69,0,0
1631088735,19.69,19.69,19.69,19.69,19.69,0,0
1631088740,19.69,19.69,19.69,19.69,19.69,0,0
1631088745,19.69,19.69,19.69,19.69,19.69,0,0
1631088750,19.69,19.69,19.69,19.69,19.69,0,0
1631088755,19.69,19.69,19.69,19.69,19.69,0,0
1631088760,19.69,19.69,19.69,19.69,19.69,0,0
1631088765,19.69,19.69,19.69,19.69,19.69,0,0
1631088770,19.69,19.69,19.69,19.69,19.69,0,0
1631088775,19.69,19.69,19.69,19.69,19.69,0,0
1631088780,19.69,19.69,19.69,19.69,19.69,0,0
1631088785,19.69,19.69,19.69,19.69,19.69,0,0
1631088790,19.69,19.69,19.69,19.69,19.69,0,0
1631088795,19.69,19.69,19.69,19.69,19.69,1,1
1631088800,19.69,19.69,19.69,19.69,19.69,0,0
1631088805,19.69,19.69,19.69,19.69,19.69,0,0
1631088810,19.69,19.69,19.69,19.69,19.69,0,0
1631088815,19.69,19.69,19.69,19.69,19.69,0,0
1631088820,19.69,19.69,19.69,19.69,19.69,0,0
1631088825,19.69,19.69,19.69,19.69,19.69,0,0
1631088830,19.69,19.69,19.69,19.69,19.69,0,0
1631088835,19.69,19.69,19.69,19.69,19.69,0,0
1631088840,19.69,19.69,19.69,19.69,19.69,0,0
1631088845,19.69,19.69,19.69,19.69,19.69,0,0
1631088850,19.69,19.69,19.69,19.69,19.69,0,0
1631088855,19.69,19.69,19.69,19.69,19.69,0,0
1631088860,19.69,19.69,19.69,19.69,19.69,0,0
1631088865,19.66,19.7,19.66,19.7,19.67712,12,5
1631088870,19.7,19.7,19.7,19.7,19.7,0,0
1631088875,19.7,19.7,19.7,19.7,19.7,0,0
1631088880,19.7,19.7,19.7,19.7,19.7,0,0
1631088885,19.7,19.7,19.7,19.7,19.7,0,0
1631088890,19.7,19.7,19.7,19.7,19.7,0,0
1631088895,19.7,19.7,19.7,19.7,19.7,0,0
1631088900,19.7,19.7,19.7,19.7,19.7,0,0
1631088905,19.7,19.7,19.7,19.7,19.7,0,0
1631088910,19.7,19.7,19.7,19.7,19.7,0,0
1631088915,19.7,19.7,19.7,19.7,19.7,0,0
1631088920,19.7,19.7,19.7,19.7,19.7,0,0
1631088925,19.7,19.7,19.7,19.7,19.7,0,0
1631088930,19.7,19.7,19.7,19.7,19.7,0,0
1631088935,19.7,19.7,19.7,19.7,19.7,0,0
1631088940,19.7,19.7,19.7,19.7,19.7,0,0
1631088945,19.7,19.7,19.7,19.7,19.7,0,0
1631088950,19.7,19.7,19.7,19.7,19.7,0,0
1631088955,19.7,19.7,19.7,19.7,19.7,0,0
1631088960,19.7,19.7,19.7,19.7,19.7,0,0
1631088965,19.7,19.7,19.7,19.7,19.7,0,0
1631088970,19.7,19.7,19.7,19.7,19.7,0,0
1631088975,19.7,19.7,19.7,19.7,19.7,0,0
1631088980,19.7,19.7,19.7,19.7,19.7,0,0
1631088985,19.7,19.7,19.7,19.7,19.7,0,0
1631088990,19.7,19.7,19.7,19.7,19.7,0,0
1631088995,19.7,19.7,19.7,19.7,19.7,0,0
1631089000,19.7,19.7,19.7,19.7,19.7,0,0
1631089005,19.7,19.7,19.7,19.7,19.7,0,0
1631089010,19.7,19.7,19.7,19.7,19.7,0,0
1631089015,19.7,19.7,19.7,19.7,19.7,0,0
1631089020,19.7,19.7,19.7,19.7,19.7,0,0
1631089025,19.7,19.7,19.7,19.7,19.7,0,0
1631089030,19.7,19.7,19.7,19.7,19.7,0,0
1631089035,19.7,19.7,19.7,19.7,19.7,0,0
1631089040,19.7,19.7,19.7,19.7,19.7,0,0
1631089045,19.7,19.7,19.7,19.7,19.7,0,0
1631089050,19.7,19.7,19.7,19.7,19.7,0,0
1631089055,19.7,19.7,19.7,19.7,19.7,0,0
1631089060,19.7,19.7,19.7,19.7,19.7,0,0
1631089065,19.7,19.7,19.7,19.7,19.7,0,0
1631089070,19.7,19.7,19.7,19.7,19.7,0,0
1631089075,19.7,19.7,19.7,19.7,19.7,0,0
1631089080,19.7,19.7,19.7,19.7,19.7,0,0
1631089085,19.7,19.7,19.7,19.7,19.7,0,0
1631089090,19.7,19.7,19.7,19.7,19.7,0,0
1631089095,19.7,19.7,19.7,19.7,19.7,0,0
1631089100,19.7,19.7,19.7,19.7,19.7,0,0
1631089105,19.7,19.7,19.7,19.7,19.7,0,0
1631089110,19.7,19.7,19.7,19.7,19.7,0,0
1631089115,19.7,19.7,19.7,19.7,19.7,0,0
1631089120,19.7,19.7,19.7,19.7,19.7,0,0
1631089125,19.7,19.7,19.7,19.7,19.7,0,0
1631089130,19.7,19.7,19.7,19.7,19.7,0,0
1631089135,19.7,19.7,19.7,19.7,19.7,0,0
1631089140,19.7,19.7,19.7,19.7,19.7,0,0
1631089145,19.7,19.7,19.7,19.7,19.7,0,0
1631089150,19.7,19.7,19.7,19.7,19.7,0,0
1631089155,19.7,19.7,19.7,19.7,19.7,0,0
1631089160,19.7,19.7,19.7,19.7,19.7,0,0
1631089165,19.7,19.7,19.7,19.7,19.7,0,0
1631089170,19.7,19.7,19.7,19.7,19.7,0,0
1631089175,19.7,19.7,19.7,19.7,19.7,0,0
1631089180,19.7,19.7,19.7,19.7,19.7,0,0
1631089185,19.7,19.7,19.7,19.7,19.7,0,0
1631089190,19.7,19.7,19.7,19.7,19.7,0,0
1631089195,19.7,19.7,19.7,19.7,19.7,0,0
1631089200,19.7,19.7,19.7,19.7,19.7,0,0
1631089205,19.7,19.7,19.7,19.7,19.7,0,0
1631089210,19.7,19.7,19.7,19.7,19.7,0,0
1631089215,19.7,19.7,19.7,19.7,19.7,0,0
1631089220,19.7,19.7,19.7,19.7,19.7,0,0
1631089225,19.7,19.7,19.7,19.7,19.7,0,0
1631089230,19.7,19.7,19.7,19.7,19.7,0,0
1631089235,19.7,19.7,19.7,19.7,19.7,0,0
1631089240,19.7,19.7,19.7,19.7,19.7,0,0
1631089245,19.7,19.7,19.7,19.7,19.7,0,0
1631089250,19.7,19.7,19.7,19.7,19.7,0,0
1631089255,19.7,19.7,19.7,19.7,19.7,0,0
1631089260,19.68,19.68,19.68,19.68,19.68,2,1
1631089265,19.65,19.65,19.65,19.65,19.65,6,1
1631089270,19.65,19.65,19.65,19.65,19.65,0,0
1631089275,19.65,19.65,19.65,19.65,19.65,0,0
1631089280,19.65,19.65,19.65,19.65,19.65,0,0
1631089285,19.65,19.65,19.65,19.65,19.65,0,0
1631089290,19.65,19.65,19.65,19.65,19.65,0,0
1631089295,19.65,19.65,19.65,19.65,19.65,0,0
1631089300,19.65,19.65,19.65,19.65,19.65,0,0
1631089305,19.69,19.7,19.69,19.7,19.69883,8,2
1631089310,19.7,19.7,19.7,19.7,19.7,0,0
1631089315,19.7,19.7,19.7,19.7,19.7,0,0
1631089320,19.7,19.7,19.7,19.7,19.7,0,0
1631089325,19.7,19.7,19.7,19.7,19.7,0,0
1631089330,19.7,19.7,19.7,19.7,19.7,0,0
1631089335,19.7,19.7,19.7,19.7,19.7,0,0
1631089340,19.7,19.7,19.7,19.7,19.7,0,0
1631089345,19.7,19.7,19.7,19.7,19.7,0,0
1631089350,19.66,19.66,19.66,19.66,19.66,5,1
1631089355,19.66,19.66,19.66,19.66,19.66,0,0
1631089360,19.66,19.66,19.66,19.66,19.66,0,0
1631089365,19.66,19.66,19.66,19.66,19.66,0,0
1631089370,19.66,19.66,19.66,19.66,19.66,0,0
1631089375,19.66,19.66,19.66,19.66,19.66,0,0
1631089380,19.66,19.66,19.66,19.66,19.66,0,0
1631089385,19.66,19.66,19.66,19.66,19.66,0,0
1631089390,19.66,19.66,19.66,19.66,19.66,0,0
1631089395,19.66,19.66,19.66,19.66,19.66,0,0
1631089400,19.66,19.66,19.66,19.66,19.66,0,0
1631089405,19.66,19.66,19.66,19.66,19.66,0,0
1631089410,19.66,19.66,19.66,19.66,19.66,0,0
1631089415,19.68,19.68,19.68,19.68,19.68,10,1
1631089420,19.68,19.68,19.68,19.68,19.68,0,0
1631089425,19.68,19.68,19.68,19.68,19.68,0,0
1631089430,19.68,19.68,19.68,19.68,19.68,0,0
1631089435,19.68,19.68,19.68,19.68,19.68,0,0
1631089440,19.68,19.68,19.68,19.68,19.68,0,0
1631089445,19.68,19.68,19.68,19.68,19.68,0,0
1631089450,19.68,19.68,19.68,19.68,19.68,0,0
1631089455,19.68,19.68,19.68,19.68,19.68,0,0
1631089460,19.68,19.68,19.68,19.68,19.68,0,0
1631089465,19.68,19.68,19.68,19.68,19.68,0,0
1631089470,19.68,19.68,19.68,19.68,19.68,0,0
1631089475,19.68,19.68,19.68,19.68,19.68,0,0
1631089480,19.68,19.68,19.68,19.68,19.68,0,0
1631089485,19.68,19.68,19.68,19.68,19.68,0,0
1631089490,19.68,19.68,19.68,19.68,19.68,0,0
1631089495,19.68,19.68,19.68,19.68,19.68,0,0
1631089500,19.68,19.68,19.68,19.68,19.68,0,0
1631089505,19.68,19.68,19.68,19.68,19.68,0,0
1631089510,19.68,19.68,19.68,19.68,19.68,0,0
1631089515,19.68,19.68,19.68,19.68,19.68,1,1
1631089520,19.68,19.68,19.68,19.68,19.68,0,0
1631089525,19.68,19.68,19.68,19.68,19.68,0,0
1631089530,19.68,19.68,19.68,19.68,19.68,0,0
1631089535,19.68,19.68,19.68,19.68,19.68,0,0
1631089540,19.68,19.68,19.68,19.68,19.68,0,0
1631089545,19.68,19.68,19.68,19.68,19.68,0,0
1631089550,19.68,19.68,19.68,19.68,19.68,0,0
1631089555,19.68,19.68,19.68,19.68,19.68,0,0
1631089560,19.68,19.68,19.68,19.68,19.68,2,1
1631089565,19.68,19.68,19.68,19.68,19.68,0,0
1631089570,19.68,19.68,19.68,19.68,19.68,0,0
1631089575,19.68,19.68,19.68,19.68,19.68,0,0
1631089580,19.68,19.68,19.68,19.68,19.68,0,0
1631089585,19.68,19.68,19.68,19.68,19.68,0,0
1631089590,19.68,19.68,19.68,19.68,19.68,0,0
1631089595,19.66,19.66,19.65,19.66,19.65944,17,4
1631089600,19.66,19.66,19.66,19.66,19.66,0,0
1631089605,19.66,19.66,19.66,19.66,19.66,0,0
1631089610,19.66,19.66,19.66,19.66,19.66,0,0
1631089615,19.66,19.66,19.66,19.66,19.66,0,0
1631089620,19.66,19.66,19.66,19.66,19.66,0,0
1631089625,19.66,19.66,19.66,19.66,19.66,0,0
1631089630,19.66,19.66,19.66,19.66,19.66,0,0
1631089635,19.66,19.66,19.66,19.66,19.66,0,0
1631089640,19.66,19.66,19.66,19.66,19.66,0,0
1631089645,19.66,19.66,19.66,19.66,19.66,0,0
1631089650,19.66,19.66,19.66,19.66,19.66,0,0
1631089655,19.66,19.66,19.66,19.66,19.66,0,0
1631089660,19.66,19.66,19.66,19.66,19.66,0,0
1631089665,19.66,19.66,19.66,19.66,19.66,0,0
1631089670,19.66,19.66,19.66,19.66,19.66,0,0
1631089675,19.66,19.66,19.66,19.66,19.66,0,0
1631089680,19.66,19.66,19.66,19.66,19.66,0,0
1631089685,19.66,19.66,19.66,19.66,19.66,0,0
1631089690,19.66,19.66,19.66,19.66,19.66,0,0
1631089695,19.66,19.66,19.66,19.66,19.66,0,0
1631089700,19.66,19.66,19.66,19.66,19.66,0,0
1631089705,19.66,19.66,19.66,19.66,19.66,0,0
1631089710,19.66,19.66,19.66,19.66,19.66,0,0
1631089715,19.66,19.66,19.66,19.66,19.66,0,0
1631089720,19.66,19.66,19.66,19.66,19.66,0,0
1631089725,19.66,19.66,19.66,19.66,19.66,0,0
1631089730,19.66,19.66,19.66,19.66,19.66,0,0
1631089735,19.66,19.66,19.66,19.66,19.66,0,0
1631089740,19.66,19.66,19.66,19.66,19.66,0,0
1631089745,19.66,19.66,19.66,19.66,19.66,0,0
1631089750,19.66,19.66,19.66,19.66,19.66,0,0
1631089755,19.66,19.66,19.66,19.66,19.66,0,0
1631089760,19.66,19.66,19.66,19.66,19.66,0,0
1631089765,19.66,19.66,19.66,19.66,19.66,0,0
1631089770,19.66,19.66,19.66,19.66,19.66,0,0
1631089775,19.66,19.66,19.66,19.66,19.66,0,0
1631089780,19.66,19.66,19.66,19.66,19.66,0,0
1631089785,19.66,19.66,19.66,19.66,19.66,0,0
1631089790,19.66,19.66,19.66,19.66,19.66,0,0
1631089795,19.66,19.66,19.66,19.66,19.66,0,0
1631089800,19.66,19.66,19.66,19.66,19.66,0,0
1631089805,19.62,19.62,19.62,19.62,19.62,1,1
1631089810,19.62,19.62,19.62,19.62,19.62,0,0
1631089815,19.62,19.62,19.62,19.62,19.62,0,0
1631089820,19.62,19.62,19.62,19.62,19.62,0,0
1631089825,19.62,19.62,19.62,19.62,19.62,0,0
1631089830,19.63,19.64,19.63,19.64,19.63721,3,2
1631089835,19.64,19.64,19.64,19.64,19.64,0,0
1631089840,19.64,19.64,19.64,19.64,19.64,0,0
1631089845,19.64,19.64,19.64,19.64,19.64,0,0
1631089850,19.64,19.64,19.64,19.64,19.64,0,0
1631089855,19.64,19.64,19.64,19.64,19.64,0,0
1631089860,19.64,19.64,19.64,19.64,19.64,0,0
1631089865,19.64,19.64,19.64,19.64,19.64,0,0
1631089870,19.64,19.64,19.64,19.64,19.64,0,0
1631089875,19.64,19.64,19.64,19.64,19.64,0,0
1631089880,19.64,19.64,19.64,19.64,19.64,0,0
1631089885,19.64,19.64,19.64,19.64,19.64,0,0
1631089890,19.64,19.64,19.64,19.64,19.64,0,0
1631089895,19.64,19.64,19.64,19.64,19.64,0,0
1631089900,19.64,19.64,19.64,19.64,19.64,0,0
1631089905,19.64,19.64,19.64,19.64,19.64,0,0
1631089910,19.64,19.64,19.64,19.64,19.64,0,0
1631089915,19.64,19.64,19.64,19.64,19.64,0,0
1631089920,19.64,19.64,19.64,19.64,19.64,0,0
1631089925,19.64,19.64,19.64,19.64,19.64,0,0
1631089930,19.64,19.64,19.64,19.64,19.64,0,0
1631089935,19.64,19.64,19.64,19.64,19.64,0,0
1631089940,19.64,19.64,19.64,19.64,19.64,0,0
1631089945,19.64,19.64,19.64,19.64,19.64,0,0
1631089950,19.64,19.64,19.64,19.64,19.64,0,0
1631089955,19.64,19.64,19.64,19.64,19.64,0,0
1631089960,19.64,19.64,19.64,19.64,19.64,0,0
1631089965,19.64,19.64,19.64,19.64,19.64,0,0
1631089970,19.64,19.64,19.64,19.64,19.64,0,0
1631089975,19.64,19.64,19.64,19.64,19.64,0,0
1631089980,19.64,19.64,19.64,19.64,19.64,0,0
1631089985,19.64,19.64,19.64,19.64,19.64,0,0
1631089990,19.64,19.64,19.64,19.64,19.64,0,0
1631089995,19.64,19.64,19.64,19.64,19.64,0,0
1631090000,19.64,19.64,19.64,19.64,19.64,0,0
1631090005,19.64,19.64,19.64,19.64,19.64,0,0
1631090010,19.64,19.64,19.64,19.64,19.64,0,0
1631090015,19.64,19.64,19.64,19.64,19.64,0,0
1631090020,19.64,19.64,19.64,19.64,19.64,0,0
1631090025,19.64,19.64,19.64,19.64,19.64,0,0
1631090030,19.64,19.64,19.64,19.64,19.64,0,0
1631090035,19.64,19.64,19.64,19.64,19.64,0,0
1631090040,19.64,19.64,19.64,19.64,19.64,0,0
1631090045,19.64,19.64,19.64,19.64,19.64,0,0
1631090050,19.64,19.64,19.64,19.64,19.64,0,0
1631090055,19.64,19.64,19.64,19.64,19.64,0,0
1631090060,19.64,19.64,19.64,19.64,19.64,0,0
1631090065,19.64,19.64,19.64,19.64,19.64,0,0
1631090070,19.64,19.64,19.64,19.64,19.64,0,0
1631090075,19.64,19.64,19.64,19.64,19.64,0,0
1631090080,19.64,19.64,19.64,19.64,19.64,0,0
1631090085,19.64,19.64,19.64,19.64,19.64,0,0
1631090090,19.64,19.64,19.64,19.64,19.64,0,0
1631090095,19.64,19.64,19.64,19.64,19.64,0,0
1631090100,19.64,19.64,19.64,19.64,19.64,0,0
1631090105,19.64,19.64,19.64,19.64,19.64,0,0
1631090110,19.65,19.65,19.65,19.65,19.65,1,1
1631090115,19.65,19.65,19.65,19.65,19.65,0,0
1631090120,19.65,19.65,19.65,19.65,19.65,0,0
1631090125,19.65,19.65,19.65,19.65,19.65,0,0
1631090130,19.65,19.65,19.65,19.65,19.65,0,0
1631090135,19.65,19.65,19.65,19.65,19.65,0,0
1631090140,19.64,19.64,19.64,19.64,19.64,1,1
1631090145,19.64,19.64,19.64,19.64,19.64,0,0
1631090150,19.64,19.64,19.64,19.64,19.64,0,0
1631090155,19.64,19.64,19.64,19.64,19.64,0,0
1631090160,19.64,19.64,19.64,19.64,19.64,0,0
1631090165,19.64,19.64,19.64,19.64,19.64,0,0
1631090170,19.64,19.64,19.64,19.64,19.64,0,0
1631090175,19.64,19.64,19.64,19.64,19.64,0,0
1631090180,19.64,19.64,19.64,19.64,19.64,0,0
1631090185,19.64,19.64,19.64,19.64,19.64,0,0
1631090190,19.64,19.64,19.64,19.64,19.64,0,0
1631090195,19.64,19.64,19.64,19.64,19.64,0,0
1631090200,19.64,19.64,19.64,19.64,19.64,0,0
1631090205,19.65,19.65,19.64,19.64,19.64333,3,2
1631090210,19.64,19.64,19.64,19.64,19.64,0,0
1631090215,19.64,19.64,19.64,19.64,19.64,0,0
1631090220,19.64,19.64,19.64,19.64,19.64,0,0
1631090225,19.64,19.64,19.64,19.64,19.64,0,0
1631090230,19.64,19.64,19.64,19.64,19.64,0,0
1631090235,19.64,19.64,19.64,19.64,19.64,0,0
1631090240,19.64,19.64,19.64,19.64,19.64,0,0
1631090245,19.64,19.64,19.64,19.64,19.64,0,0
1631090250,19.64,19.64,19.64,19.64,19.64,0,0
1631090255,19.64,19.64,19.64,19.64,19.64,0,0
1631090260,19.64,19.64,19.64,19.64,19.64,0,0
1631090265,19.64,19.64,19.64,19.64,19.64,0,0
1631090270,19.64,19.64,19.64,19.64,19.64,0,0
1631090275,19.64,19.64,19.64,19.64,19.64,0,0
1631090280,19.64,19.64,19.64,19.64,19.64,0,0
1631090285,19.68,19.68,19.68,19.68,19.68,1,1
1631090290,19.68,19.68,19.68,19.68,19.68,0,0
1631090295,19.68,19.68,19.68,19.68,19.68,0,0
1631090300,19.68,19.68,19.68,19.68,19.68,0,0
1631090305,19.68,19.68,19.68,19.68,19.68,0,0
1631090310,19.69,19.69,19.69,19.69,19.69,1,1
1631090315,19.69,19.69,19.69,19.69,19.69,0,0
1631090320,19.69,19.69,19.69,19.69,19.69,0,0
1631090325,19.7,19.7,19.7,19.7,19.7,1,1
1631090330,19.7,19.7,19.7,19.7,19.7,6,2
1631090335,19.7,19.7,19.7,19.7,19.7,0,0
1631090340,19.7,19.7,19.7,19.7,19.7,0,0
1631090345,19.69,19.69,19.69,19.69,19.69,1,1
1631090350,19.7,19.7,19.7,19.7,19.7,1,1
1631090355,19.7,19.7,19.7,19.7,19.7,0,0
1631090360,19.69,19.69,19.69,19.69,19.69,1,1
1631090365,19.69,19.69,19.69,19.69,19.69,0,0
1631090370,19.69,19.69,19.69,19.69,19.69,0,0
1631090375,19.69,19.69,19.69,19.69,19.69,0,0
1631090380,19.69,19.69,19.69,19.69,19.69,0,0
1631090385,19.69,19.69,19.69,19.69,19.69,0,0
1631090390,19.7,19.7,19.7,19.7,19.7,1,1
1631090395,19.7,19.7,19.7,19.7,19.7,0,0
1631090400,19.7,19.7,19.7,19.7,19.7,0,0
1631090405,19.7,19.7,19.7,19.7,19.7,0,0
1631090410,19.7,19.7,19.7,19.7,19.7,0,0
1631090415,19.7,19.7,19.7,19.7,19.7,0,0
1631090420,19.7,19.7,19.7,19.7,19.7,0,0
1631090425,19.7,19.7,19.7,19.7,19.7,0,0
1631090430,19.7,19.7,19.7,19.7,19.7,0,0
1631090435,19.7,19.7,19.7,19.7,19.7,0,0
1631090440,19.7,19.7,19.7,19.7,19.7,0,0
1631090445,19.7,19.7,19.7,19.7,19.7,0,0
1631090450,19.7,19.7,19.7,19.7,19.7,0,0
1631090455,19.7,19.7,19.7,19.7,19.7,0,0
1631090460,19.7,19.7,19.7,19.7,19.7,0,0
1631090465,19.7,19.7,19.7,19.7,19.7,0,0
1631090470,19.7,19.7,19.7,19.7,19.7,0,0
1631090475,19.7,19.7,19.7,19.7,19.7,1,1
1631090480,19.7,19.7,19.7,19.7,19.7,0,0
1631090485,19.7,19.7,19.7,19.7,19.7,1,1
1631090490,19.7,19.7,19.7,19.7,19.7,0,0
1631090495,19.7,19.7,19.7,19.7,19.7,0,0
1631090500,19.7,19.7,19.7,19.7,19.7,0,0
1631090505,19.7,19.7,19.7,19.7,19.7,0,0
1631090510,19.7,19.7,19.7,19.7,19.7,0,0
1631090515,19.7,19.7,19.7,19.7,19.7,0,0
1631090520,19.7,19.7,19.7,19.7,19.7,0,0
1631090525,19.7,19.7,19.7,19.7,19.7,0,0
1631090530,19.7,19.7,19.7,19.7,19.7,0,0
1631090535,19.7,19.7,19.7,19.7,19.7,0,0
1631090540,19.7,19.7,19.7,19.7,19.7,0,0
1631090545,19.7,19.7,19.7,19.7,19.7,0,0
1631090550,19.7,19.7,19.7,19.7,19.7,0,0
1631090555,19.7,19.7,19.7,19.7,19.7,0,0
1631090560,19.7,19.7,19.7,19.7,19.7,0,0
1631090565,19.7,19.7,19.7,19.7,19.7,0,0
1631090570,19.7,19.7,19.7,19.7,19.7,0,0
1631090575,19.7,19.7,19.7,19.7,19.7,0,0
1631090580,19.7,19.7,19.7,19.7,19.7,0,0
1631090585,19.7,19.7,19.7,19.7,19.7,0,0
1631090590,19.7,19.7,19.7,19.7,19.7,0,0
1631090595,19.69,19.7,19.69,19.7,19.69512,2,2
1631090600,19.7,19.7,19.7,19.7,19.7,0,0
1631090605,19.7,19.7,19.7,19.7,19.7,0,0
1631090610,19.7,19.7,19.7,19.7,19.7,1,1
1631090615,19.7,19.7,19.7,19.7,19.7,0,0
1631090620,19.7,19.7,19.7,19.7,19.7,0,0
1631090625,19.7,19.7,19.7,19.7,19.7,0,0
1631090630,19.7,19.7,19.7,19.7,19.7,0,0
1631090635,19.7,19.7,19.7,19.7,19.7,0,0
1631090640,19.7,19.7,19.7,19.7,19.7,0,0
1631090645,19.7,19.7,19.7,19.7,19.7,0,0
1631090650,19.7,19.7,19.7,19.7,19.7,0,0
1631090655,19.7,19.7,19.7,19.7,19.7,0,0
1631090660,19.7,19.7,19.7,19.7,19.7,0,0
1631090665,19.7,19.7,19.7,19.7,19.7,0,0
1631090670,19.7,19.7,19.7,19.7,19.7,0,0
1631090675,19.7,19.7,19.7,19.7,19.7,0,0
1631090680,19.7,19.7,19.7,19.7,19.7,0,0
1631090685,19.7,19.7,19.7,19.7,19.7,0,0
1631090690,19.7,19.7,19.7,19.7,19.7,0,0
1631090695,19.7,19.7,19.7,19.7,19.7,0,0
1631090700,19.7,19.7,19.7,19.7,19.7,0,0
1631090705,19.7,19.7,19.7,19.7,19.7,0,0
1631090710,19.7,19.7,19.7,19.7,19.7,0,0
1631090715,19.7,19.7,19.7,19.7,19.7,0,0
1631090720,19.7,19.7,19.7,19.7,19.7,0,0
1631090725,19.7,19.7,19.7,19.7,19.7,0,0
1631090730,19.7,19.7,19.7,19.7,19.7,0,0
1631090735,19.7,19.7,19.7,19.7,19.7,0,0
1631090740,19.7,19.7,19.7,19.7,19.7,0,0
1631090745,19.7,19.7,19.7,19.7,19.7,0,0
1631090750,19.7,19.7,19.7,19.7,19.7,0,0
1631090755,19.7,19.7,19.7,19.7,19.7,0,0
1631090760,19.7,19.7,19.7,19.7,19.7,0,0
1631090765,19.78,19.78,19.78,19.78,19.78,1,1
1631090770,19.78,19.78,19.78,19.78,19.78,0,0
1631090775,19.78,19.78,19.78,19.78,19.78,0,0
1631090780,19.78,19.78,19.78,19.78,19.78,0,0
1631090785,19.78,19.78,19.78,19.78,19.78,0,0
1631090790,19.78,19.78,19.78,19.78,19.78,1,1
1631090795,19.78,19.78,19.78,19.78,19.78,0,0
1631090800,19.78,19.78,19.78,19.78,19.78,0,0
1631090805,19.78,19.78,19.78,19.78,19.78,1,1
1631090810,19.79,19.79,19.78,19.79,19.78917,12,4
1631090815,19.79,19.79,19.79,19.79,19.79,0,0
1631090820,19.79,19.79,19.79,19.79,19.79,0,0
1631090825,19.79,19.79,19.79,19.79,19.79,0,0
1631090830,19.79,19.79,19.79,19.79,19.79,0,0
1631090835,19.79,19.79,19.79,19.79,19.79,0,0
1631090840,19.79,19.79,19.79,19.79,19.79,0,0
1631090845,19.79,19.79,19.79,19.79,19.79,0,0
1631090850,19.88,19.89,19.88,19.89,19.88917,12,3
1631090855,19.89,19.89,19.89,19.89,19.89,13,2
1631090860,19.89,19.89,19.89,19.89,19.89,0,0
1631090865,19.89,19.89,19.89,19.89,19.89,0,0
1631090870,19.89,19.89,19.89,19.89,19.89,0,0
1631090875,19.89,19.89,19.89,19.89,19.89,0,0
1631090880,19.89,19.89,19.89,19.89,19.89,0,0
1631090885,19.89,19.89,19.89,19.89,19.89,0,0
1631090890,19.89,19.89,19.89,19.89,19.89,0,0
1631090895,19.89,19.89,19.89,19.89,19.89,0,0
1631090900,19.89,19.89,19.89,19.89,19.89,0,0
1631090905,19.85,19.85,19.85,19.85,19.85,2,1
1631090910,19.85,19.85,19.85,19.85,19.85,0,0
1631090915,19.85,19.85,19.85,19.85,19.85,0,0
1631090920,19.85,19.85,19.85,19.85,19.85,0,0
1631090925,19.85,19.85,19.85,19.85,19.85,0,0
1631090930,19.85,19.85,19.85,19.85,19.85,0,0
1631090935,19.85,19.85,19.85,19.85,19.85,0,0
1631090940,19.85,19.85,19.85,19.85,19.85,0,0
1631090945,19.85,19.85,19.85,19.85,19.85,0,0
1631090950,19.85,19.85,19.85,19.85,19.85,0,0
1631090955,19.85,19.85,19.85,19.85,19.85,0,0
1631090960,19.85,19.85,19.85,19.85,19.85,0,0
1631090965,19.85,19.85,19.85,19.85,19.85,0,0
1631090970,19.85,19.85,19.85,19.85,19.85,0,0
1631090975,19.84,19.84,19.84,19.84,19.84,1,1
1631090980,19.84,19.84,19.84,19.84,19.84,0,0
1631090985,19.84,19.84,19.84,19.84,19.84,0,0
1631090990,19.84,19.84,19.84,19.84,19.84,0,0
1631090995,19.84,19.84,19.84,19.84,19.84,0,0
1631091000,19.84,19.84,19.84,19.84,19.84,0,0
1631091005,19.79,19.79,19.79,19.79,19.79,1,1
1631091010,19.79,19.79,19.79,19.79,19.79,0,0
1631091015,19.79,19.79,19.79,19.79,19.79,0,0
1631091020,19.79,19.79,19.79,19.79,19.79,0,0
1631091025,19.79,19.79,19.79,19.79,19.79,0,0
1631091030,19.79,19.79,19.79,19.79,19.79,0,0
1631091035,19.79,19.79,19.79,19.79,19.79,0,0
1631091040,19.79,19.79,19.79,19.79,19.79,0,0
1631091045,19.79,19.79,19.79,19.79,19.79,0,0
1631091050,19.79,19.79,19.79,19.79,19.79,0,0
1631091055,19.79,19.79,19.79,19.79,19.79,0,0
1631091060,19.79,19.79,19.79,19.79,19.79,0,0
1631091065,19.79,19.79,19.79,19.79,19.79,0,0
1631091070,19.79,19.79,19.79,19.79,19.79,0,0
1631091075,19.76,19.76,19.76,19.76,19.76,1,1
1631091080,19.76,19.76,19.76,19.76,19.76,0,0
1631091085,19.76,19.76,19.76,19.76,19.76,3,1
1631091090,19.75,19.75,19.75,19.75,19.75,1,1
1631091095,19.75,19.75,19.75,19.75,19.75,0,0
1631091100,19.75,19.75,19.75,19.75,19.75,0,0
1631091105,19.75,19.75,19.75,19.75,19.75,0,0
1631091110,19.75,19.75,19.75,19.75,19.75,0,0
1631091115,19.75,19.75,19.75,19.75,19.75,0,0
1631091120,19.75,19.75,19.75,19.75,19.75,0,0
1631091125,19.75,19.75,19.75,19.75,19.75,0,0
1631091130,19.75,19.75,19.75,19.75,19.75,0,0
1631091135,19.75,19.75,19.75,19.75,19.75,0,0
1631091140,19.75,19.75,19.75,19.75,19.75,0,0
1631091145,19.75,19.75,19.75,19.75,19.75,0,0
1631091150,19.75,19.75,19.75,19.75,19.75,0,0
1631091155,19.76,19.76,19.76,19.76,19.76,3,2
1631091160,19.76,19.76,19.76,19.76,19.76,0,0
1631091165,19.76,19.76,19.76,19.76,19.76,0,0
1631091170,19.76,19.76,19.76,19.76,19.76,0,0
1631091175,19.76,19.76,19.76,19.76,19.76,0,0
1631091180,19.76,19.76,19.76,19.76,19.76,0,0
1631091185,19.76,19.76,19.76,19.76,19.76,0,0
1631091190,19.76,19.76,19.76,19.76,19.76,0,0
1631091195,19.76,19.76,19.76,19.76,19.76,0,0
1631091200,19.76,19.76,19.76,19.76,19.76,0,0
1631091205,19.76,19.76,19.76,19.76,19.76,0,0
1631091210,19.76,19.76,19.76,19.76,19.76,0,0
1631091215,19.76,19.76,19.76,19.76,19.76,0,0
1631091220,19.76,19.76,19.76,19.76,19.76,0,0
1631091225,19.76,19.76,19.76,19.76,19.76,0,0
1631091230,19.76,19.76,19.76,19.76,19.76,0,0
1631091235,19.76,19.76,19.76,19.76,19.76,0,0
1631091240,19.76,19.76,19.76,19.76,19.76,0,0
1631091245,19.76,19.76,19.76,19.76,19.76,0,0
1631091250,19.76,19.76,19.76,19.76,19.76,0,0
1631091255,19.76,19.76,19.76,19.76,19.76,0,0
1631091260,19.76,19.76,19.76,19.76,19.76,0,0
1631091265,19.76,19.76,19.76,19.76,19.76,0,0
1631091270,19.76,19.76,19.76,19.76,19.76,0,0
1631091275,19.76,19.76,19.76,19.76,19.76,0,0
1631091280,19.76,19.76,19.76,19.76,19.76,0,0
1631091285,19.76,19.76,19.76,19.76,19.76,0,0
1631091290,19.76,19.76,19.76,19.76,19.76,0,0
1631091295,19.76,19.76,19.76,19.76,19.76,0,0
1631091300,19.76,19.76,19.76,19.76,19.76,0,0
1631091305,19.76,19.76,19.76,19.76,19.76,0,0
1631091310,19.76,19.76,19.76,19.76,19.76,0,0
1631091315,19.76,19.76,19.76,19.76,19.76,0,0
1631091320,19.76,19.76,19.76,19.76,19.76,0,0
1631091325,19.76,19.76,19.76,19.76,19.76,0,0
1631091330,19.76,19.76,19.76,19.76,19.76,0,0
1631091335,19.76,19.76,19.76,19.76,19.76,0,0
1631091340,19.76,19.76,19.76,19.76,19.76,0,0
1631091345,19.76,19.76,19.76,19.76,19.76,0,0
1631091350,19.76,19.76,19.76,19.76,19.76,0,0
1631091355,19.76,19.76,19.76,19.76,19.76,0,0
1631091360,19.76,19.76,19.76,19.76,19.76,0,0
1631091365,19.76,19.76,19.76,19.76,19.76,0,0
1631091370,19.76,19.76,19.76,19.76,19.76,0,0
1631091375,19.76,19.76,19.76,19.76,19.76,0,0
1631091380,19.76,19.76,19.76,19.76,19.76,0,0
1631091385,19.76,19.76,19.76,19.76,19.76,0,0
1631091390,19.76,19.76,19.76,19.76,19.76,0,0
1631091395,19.76,19.76,19.76,19.76,19.76,0,0
1631091400,19.76,19.76,19.76,19.76,19.76,0,0
1631091405,19.76,19.76,19.76,19.76,19.76,0,0
1631091410,19.76,19.76,19.76,19.76,19.76,0,0
1631091415,19.76,19.76,19.76,19.76,19.76,0,0
1631091420,19.76,19.76,19.76,19.76,19.76,0,0
1631091425,19.76,19.76,19.76,19.76,19.76,0,0
1631091430,19.76,19.76,19.76,19.76,19.76,0,0
1631091435,19.76,19.76,19.76,19.76,19.76,0,0
1631091440,19.76,19.76,19.76,19.76,19.76,0,0
1631091445,19.76,19.76,19.76,19.76,19.76,0,0
1631091450,19.76,19.76,19.76,19.76,19.76,0,0
1631091455,19.76,19.76,19.76,19.76,19.76,0,0
1631091460,19.76,19.76,19.76,19.76,19.76,0,0
1631091465,19.76,19.76,19.76,19.76,19.76,0,0
1631091470,19.76,19.76,19.76,19.76,19.76,0,0
1631091475,19.76,19.76,19.76,19.76,19.76,0,0
1631091480,19.76,19.76,19.76,19.76,19.76,0,0
1631091485,19.76,19.76,19.76,19.76,19.76,0,0
1631091490,19.75,19.75,19.75,19.75,19.75,2,2
1631091495,19.75,19.75,19.75,19.75,19.75,0,0
1631091500,19.75,19.75,19.75,19.75,19.75,0,0
1631091505,19.75,19.75,19.75,19.75,19.75,0,0
1631091510,19.75,19.75,19.75,19.75,19.75,0,0
1631091515,19.77,19.77,19.77,19.77,19.77,2,1
1631091520,19.77,19.77,19.77,19.77,19.77,0,0
1631091525,19.77,19.77,19.77,19.77,19.77,0,0
1631091530,19.77,19.77,19.77,19.77,19.77,0,0
1631091535,19.77,19.77,19.77,19.77,19.77,0,0
1631091540,19.77,19.77,19.77,19.77,19.77,0,0
1631091545,19.77,19.77,19.77,19.77,19.77,0,0
1631091550,19.77,19.77,19.77,19.77,19.77,0,0
1631091555,19.77,19.77,19.77,19.77,19.77,0,0
1631091560,19.77,19.77,19.77,19.77,19.77,0,0
1631091565,19.77,19.77,19.77,19.77,19.77,0,0
1631091570,19.77,19.77,19.77,19.77,19.77,0,0
1631091575,19.77,19.77,19.77,19.77,19.77,0,0
1631091580,19.77,19.77,19.77,19.77,19.77,0,0
1631091585,19.77,19.77,19.77,19.77,19.77,0,0
1631091590,19.77,19.77,19.77,19.77,19.77,0,0
1631091595,19.77,19.77,19.77,19.77,19.77,0,0
1631091600,19.77,19.77,19.77,19.77,19.77,0,0
1631091605,19.77,19.77,19.77,19.77,19.77,0,0
1631091610,19.77,19.77,19.77,19.77,19.77,0,0
1631091615,19.77,19.77,19.77,19.77,19.77,0,0
1631091620,19.77,19.77,19.77,19.77,19.77,0,0
1631091625,19.77,19.77,19.77,19.77,19.77,0,0
1631091630,19.77,19.77,19.77,19.77,19.77,0,0
1631091635,19.77,19.77,19.77,19.77,19.77,0,0
1631091640,19.77,19.77,19.77,19.77,19.77,0,0
1631091645,19.77,19.77,19.77,19.77,19.77,0,0
1631091650,19.77,19.77,19.77,19.77,19.77,0,0
1631091655,19.77,19.77,19.77,19.77,19.77,0,0
1631091660,19.77,19.77,19.77,19.77,19.77,0,0
1631091665,19.77,19.77,19.77,19.77,19.77,0,0
1631091670,19.77,19.77,19.77,19.77,19.77,0,0
1631091675,19.77,19.77,19.77,19.77,19.77,0,0
1631091680,19.77,19.77,19.77,19.77,19.77,0,0
1631091685,19.77,19.77,19.77,19.77,19.77,0,0
1631091690,19.77,19.77,19.77,19.77,19.77,0,0
1631091695,19.77,19.77,19.77,19.77,19.77,0,0
1631091700,19.77,19.77,19.77,19.77,19.77,0,0
1631091705,19.77,19.77,19.77,19.77,19.77,0,0
1631091710,19.77,19.77,19.77,19.77,19.77,0,0
1631091715,19.77,19.77,19.77,19.77,19.77,0,0
1631091720,19.77,19.77,19.77,19.77,19.77,0,0
1631091725,19.77,19.77,19.77,19.77,19.77,0,0
1631091730,19.77,19.77,19.77,19.77,19.77,0,0
1631091735,19.77,19.77,19.77,19.77,19.77,0,0
1631091740,19.77,19.77,19.77,19.77,19.77,0,0
1631091745,19.77,19.77,19.77,19.77,19.77,0,0
1631091750,19.77,19.77,19.77,19.77,19.77,0,0
1631091755,19.77,19.77,19.77,19.77,19.77,0,0
1631091760,19.77,19.77,19.77,19.77,19.77,0,0
1631091765,19.77,19.77,19.77,19.77,19.77,0,0
1631091770,19.77,19.77,19.77,19.77,19.77,0,0
1631091775,19.77,19.77,19.77,19.77,19.77,0,0
1631091780,19.77,19.77,19.77,19.77,19.77,0,0
1631091785,19.77,19.77,19.77,19.77,19.77,0,0
1631091790,19.77,19.77,19.77,19.77,19.77,0,0
1631091795,19.77,19.77,19.77,19.77,19.77,0,0
1631091800,19.77,19.77,19.77,19.77,19.77,0,0
1631091805,19.77,19.77,19.77,19.77,19.77,0,0
1631091810,19.77,19.77,19.77,19.77,19.77,0,0
1631091815,19.77,19.77,19.77,19.77,19.77,0,0
1631091820,19.77,19.77,19.77,19.77,19.77,0,0
1631091825,19.77,19.77,19.77,19.77,19.77,0,0
1631091830,19.77,19.77,19.77,19.77,19.77,0,0
1631091835,19.77,19.77,19.77,19.77,19.77,0,0
1631091840,19.77,19.77,19.77,19.77,19.77,0,0
1631091845,19.77,19.77,19.77,19.77,19.77,0,0
1631091850,19.77,19.77,19.77,19.77,19.77,0,0
1631091855,19.77,19.77,19.77,19.77,19.77,0,0
1631091860,19.77,19.77,19.77,19.77,19.77,0,0
1631091865,19.77,19.77,19.77,19.77,19.77,0,0
1631091870,19.77,19.77,19.77,19.77,19.77,0,0
1631091875,19.77,19.77,19.77,19.77,19.77,0,0
1631091880,19.77,19.77,19.77,19.77,19.77,0,0
1631091885,19.77,19.77,19.77,19.77,19.77,0,0
1631091890,19.77,19.77,19.77,19.77,19.77,0,0
1631091895,19.77,19.77,19.77,19.77,19.77,0,0
1631091900,19.77,19.77,19.77,19.77,19.77,0,0
1631091905,19.77,19.77,19.77,19.77,19.77,0,0
1631091910,19.77,19.77,19.77,19.77,19.77,0,0
1631091915,19.77,19.77,19.77,19.77,19.77,0,0
1631091920,19.77,19.77,19.77,19.77,19.77,0,0
1631091925,19.77,19.77,19.77,19.77,19.77,0,0
1631091930,19.77,19.77,19.77,19.77,19.77,0,0
1631091935,19.77,19.77,19.77,19.77,19.77,0,0
1631091940,19.77,19.77,19.77,19.77,19.77,0,0
1631091945,19.77,19.77,19.77,19.77,19.77,0,0
1631091950,19.77,19.77,19.77,19.77,19.77,0,0
1631091955,19.77,19.77,19.77,19.77,19.77,0,0
1631091960,19.77,19.77,19.77,19.77,19.77,0,0
1631091965,19.77,19.77,19.77,19.77,19.77,0,0
1631091970,19.77,19.77,19.77,19.77,19.77,0,0
1631091975,19.77,19.77,19.77,19.77,19.77,0,0
1631091980,19.77,19.77,19.77,19.77,19.77,0,0
1631091985,19.77,19.77,19.77,19.77,19.77,0,0
1631091990,19.77,19.77,19.77,19.77,19.77,0,0
1631091995,19.77,19.77,19.77,19.77,19.77,0,0
1631092000,19.77,19.77,19.77,19.77,19.77,0,0
1631092005,19.77,19.77,19.77,19.77,19.77,0,0
1631092010,19.77,19.77,19.77,19.77,19.77,0,0
1631092015,19.77,19.77,19.77,19.77,19.77,0,0
1631092020,19.77,19.77,19.77,19.77,19.77,0,0
1631092025,19.77,19.77,19.77,19.77,19.77,0,0
1631092030,19.77,19.77,19.77,19.77,19.77,0,0
1631092035,19.77,19.77,19.77,19.77,19.77,0,0
1631092040,19.77,19.77,19.77,19.77,19.77,0,0
1631092045,19.77,19.77,19.77,19.77,19.77,0,0
1631092050,19.77,19.77,19.77,19.77,19.77,0,0
1631092055,19.77,19.77,19.77,19.77,19.77,0,0
1631092060,19.77,19.77,19.77,19.77,19.77,0,0
1631092065,19.77,19.77,19.77,19.77,19.77,0,0
1631092070,19.77,19.77,19.77,19.77,19.77,0,0
1631092075,19.77,19.77,19.77,19.77,19.77,0,0
1631092080,19.77,19.77,19.77,19.77,19.77,0,0
1631092085,19.77,19.77,19.77,19.77,19.77,0,0
1631092090,19.77,19.77,19.77,19.77,19.77,0,0
1631092095,19.77,19.77,19.77,19.77,19.77,0,0
1631092100,19.77,19.77,19.77,19.77,19.77,0,0
1631092105,19.77,19.77,19.77,19.77,19.77,0,0
1631092110,19.77,19.77,19.77,19.77,19.77,0,0
1631092115,19.77,19.77,19.77,19.77,19.77,0,0
1631092120,19.77,19.77,19.77,19.77,19.77,0,0
1631092125,19.77,19.77,19.77,19.77,19.77,0,0
1631092130,19.77,19.77,19.77,19.77,19.77,0,0
1631092135,19.77,19.77,19.77,19.77,19.77,0,0
1631092140,19.77,19.77,19.77,19.77,19.77,0,0
1631092145,19.77,19.77,19.77,19.77,19.77,0,0
1631092150,19.77,19.77,19.77,19.77,19.77,0,0
1631092155,19.77,19.77,19.77,19.77,19.77,0,0
1631092160,19.77,19.77,19.77,19.77,19.77,0,0
1631092165,19.77,19.77,19.77,19.77,19.77,0,0
1631092170,19.77,19.77,19.77,19.77,19.77,0,0
1631092175,19.77,19.77,19.77,19.77,19.77,0,0
1631092180,19.77,19.77,19.77,19.77,19.77,0,0
1631092185,19.77,19.77,19.77,19.77,19.77,0,0
1631092190,19.77,19.77,19.77,19.77,19.77,0,0
1631092195,19.77,19.77,19.77,19.77,19.77,0,0
1631092200,19.77,19.77,19.77,19.77,19.77,0,0
1631092205,19.77,19.77,19.77,19.77,19.77,0,0
1631092210,19.77,19.77,19.77,19.77,19.77,0,0
1631092215,19.77,19.77,19.77,19.77,19.77,0,0
1631092220,19.77,19.77,19.77,19.77,19.77,0,0
1631092225,19.77,19.77,19.77,19.77,19.77,0,0
1631092230,19.77,19.77,19.77,19.77,19.77,0,0
1631092235,19.77,19.77,19.77,19.77,19.77,0,0
1631092240,19.77,19.77,19.77,19.77,19.77,0,0
1631092245,19.77,19.77,19.77,19.77,19.77,0,0
1631092250,19.77,19.77,19.77,19.77,19.77,0,0
1631092255,19.77,19.77,19.77,19.77,19.77,0,0
1631092260,19.77,19.77,19.77,19.77,19.77,0,0
1631092265,19.77,19.77,19.77,19.77,19.77,0,0
1631092270,19.77,19.77,19.77,19.77,19.77,0,0
1631092275,19.77,19.77,19.77,19.77,19.77,0,0
1631092280,19.77,19.77,19.77,19.77,19.77,0,0
1631092285,19.77,19.77,19.77,19.77,19.77,0,0
1631092290,19.77,19.77,19.77,19.77,19.77,0,0
1631092295,19.77,19.77,19.77,19.77,19.77,0,0
1631092300,19.77,19.77,19.77,19.77,19.77,0,0
1631092305,19.76,19.76,19.76,19.76,19.76,1,1
1631092310,19.76,19.76,19.76,19.76,19.76,0,0
1631092315,19.75,19.76,19.75,19.75,19.75218,4,3
1631092320,19.75,19.75,19.75,19.75,19.75,0,0
1631092325,19.75,19.75,19.75,19.75,19.75,0,0
1631092330,19.75,19.75,19.75,19.75,19.75,0,0
1631092335,19.75,19.75,19.75,19.75,19.75,0,0
1631092340,19.75,19.75,19.75,19.75,19.75,0,0
1631092345,19.75,19.75,19.75,19.75,19.75,0,0
1631092350,19.75,19.75,19.75,19.75,19.75,0,0
1631092355,19.75,19.75,19.75,19.75,19.75,0,0
1631092360,19.75,19.75,19.75,19.75,19.75,0,0
1631092365,19.75,19.75,19.75,19.75,19.75,0,0
1631092370,19.75,19.75,19.75,19.75,19.75,0,0
1631092375,19.75,19.75,19.75,19.75,19.75,0,0
1631092380,19.75,19.75,19.75,19.75,19.75,0,0
1631092385,19.75,19.75,19.75,19.75,19.75,0,0
1631092390,19.77,19.77,19.77,19.77,19.77,2,1
1631092395,19.77,19.77,19.77,19.77,19.77,0,0
1631092400,19.77,19.77,19.77,19.77,19.77,0,0
1631092405,19.77,19.77,19.77,19.77,19.77,0,0
1631092410,19.77,19.77,19.77,19.77,19.77,0,0
1631092415,19.77,19.77,19.77,19.77,19.77,0,0
1631092420,19.77,19.77,19.77,19.77,19.77,0,0
1631092425,19.77,19.77,19.77,19.77,19.77,0,0
1631092430,19.77,19.77,19.77,19.77,19.77,0,0
1631092435,19.77,19.77,19.77,19.77,19.77,0,0
1631092440,19.77,19.77,19.77,19.77,19.77,1,1
1631092445,19.77,19.77,19.77,19.77,19.77,0,0
1631092450,19.75,19.75,19.75,19.75,19.75,1,1
1631092455,19.75,19.75,19.75,19.75,19.75,0,0
1631092460,19.75,19.75,19.75,19.75,19.75,0,0
1631092465,19.75,19.75,19.75,19.75,19.75,0,0
1631092470,19.75,19.75,19.75,19.75,19.75,0,0
1631092475,19.75,19.75,19.75,19.75,19.75,0,0
1631092480,19.75,19.75,19.75,19.75,19.75,0,0
1631092485,19.75,19.75,19.75,19.75,19.75,0,0
1631092490,19.75,19.75,19.75,19.75,19.75,0,0
1631092495,19.75,19.75,19.75,19.75,19.75,0,0
1631092500,19.75,19.75,19.75,19.75,19.75,0,0
1631092505,19.75,19.75,19.75,19.75,19.75,0,0
1631092510,19.75,19.75,19.75,19.75,19.75,0,0
1631092515,19.75,19.75,19.75,19.75,19.75,0,0
1631092520,19.75,19.75,19.75,19.75,19.75,0,0
1631092525,19.83,19.83,19.83,19.83,19.83,9,1
1631092530,19.83,19.83,19.83,19.83,19.83,0,0
1631092535,19.83,19.83,19.83,19.83,19.83,0,0
1631092540,19.83,19.83,19.83,19.83,19.83,0,0
1631092545,19.83,19.83,19.83,19.83,19.83,0,0
1631092550,19.83,19.83,19.83,19.83,19.83,0,0
1631092555,19.83,19.83,19.83,19.83,19.83,0,0
1631092560,19.83,19.83,19.83,19.83,19.83,0,0
1631092565,19.83,19.83,19.83,19.83,19.83,0,0
1631092570,19.83,19.83,19.83,19.83,19.83,0,0
1631092575,19.83,19.83,19.83,19.83,19.83,0,0
1631092580,19.83,19.83,19.83,19.83,19.83,0,0
1631092585,19.83,19.83,19.83,19.83,19.83,0,0
1631092590,19.83,19.83,19.83,19.83,19.83,0,0
1631092595,19.83,19.83,19.83,19.83,19.83,0,0
1631092600,19.83,19.83,19.83,19.83,19.83,0,0
1631092605,19.83,19.83,19.83,19.83,19.83,0,0
1631092610,19.83,19.83,19.83,19.83,19.83,0,0
1631092615,19.83,19.83,19.83,19.83,19.83,0,0
1631092620,19.83,19.83,19.83,19.83,19.83,0,0
1631092625,19.83,19.83,19.83,19.83,19.83,0,0
1631092630,19.83,19.83,19.83,19.83,19.83,0,0
1631092635,19.83,19.83,19.83,19.83,19.83,2,1
1631092640,19.83,19.83,19.83,19.83,19.83,0,0
1631092645,19.83,19.83,19.83,19.83,19.83,0,0
1631092650,19.83,19.83,19.83,19.83,19.83,0,0
1631092655,19.83,19.83,19.83,19.83,19.83,0,0
1631092660,19.83,19.83,19.83,19.83,19.83,0,0
1631092665,19.83,19.83,19.83,19.83,19.83,0,0
1631092670,19.83,19.83,19.83,19.83,19.83,0,0
1631092675,19.83,19.83,19.83,19.83,19.83,0,0
1631092680,19.83,19.83,19.83,19.83,19.83,0,0
1631092685,19.83,19.83,19.83,19.83,19.83,0,0
1631092690,19.83,19.83,19.83,19.83,19.83,0,0
1631092695,19.83,19.83,19.8,19.8,19.82026,3,3
1631092700,19.8,19.8,19.8,19.8,19.8,0,0
1631092705,19.8,19.8,19.8,19.8,19.8,0,0
1631092710,19.8,19.8,19.8,19.8,19.8,0,0
1631092715,19.8,19.8,19.8,19.8,19.8,0,0
1631092720,19.8,19.8,19.8,19.8,19.8,0,0
1631092725,19.8,19.8,19.8,19.8,19.8,0,0
1631092730,19.8,19.8,19.8,19.8,19.8,0,0
1631092735,19.8,19.8,19.8,19.8,19.8,0,0
1631092740,19.8,19.8,19.8,19.8,19.8,0,0
1631092745,19.8,19.8,19.8,19.8,19.8,0,0
1631092750,19.8,19.8,19.8,19.8,19.8,0,0
1631092755,19.8,19.8,19.8,19.8,19.8,0,0
1631092760,19.8,19.8,19.8,19.8,19.8,0,0
1631092765,19.8,19.8,19.8,19.8,19.8,0,0
1631092770,19.8,19.8,19.8,19.8,19.8,0,0
1631092775,19.8,19.8,19.8,19.8,19.8,0,0
1631092780,19.8,19.8,19.8,19.8,19.8,0,0
1631092785,19.8,19.8,19.8,19.8,19.8,0,0
1631092790,19.8,19.8,19.8,19.8,19.8,0,0
1631092795,19.8,19.8,19.8,19.8,19.8,0,0
1631092800,19.8,19.8,19.8,19.8,19.8,0,0
1631092805,19.8,19.8,19.8,19.8,19.8,0,0
1631092810,19.8,19.8,19.8,19.8,19.8,0,0
1631092815,19.8,19.8,19.8,19.8,19.8,0,0
1631092820,19.8,19.8,19.8,19.8,19.8,0,0
1631092825,19.8,19.8,19.8,19.8,19.8,0,0
1631092830,19.8,19.8,19.8,19.8,19.8,0,0
1631092835,19.8,19.8,19.8,19.8,19.8,0,0
1631092840,19.8,19.8,19.8,19.8,19.8,0,0
1631092845,19.8,19.8,19.8,19.8,19.8,0,0
1631092850,19.8,19.8,19.8,19.8,19.8,0,0
1631092855,19.8,19.8,19.8,19.8,19.8,0,0
1631092860,19.8,19.8,19.8,19.8,19.8,0,0
1631092865,19.8,19.8,19.8,19.8,19.8,0,0
1631092870,19.8,19.8,19.8,19.8,19.8,0,0
1631092875,19.8,19.8,19.8,19.8,19.8,0,0
1631092880,19.8,19.8,19.8,19.8,19.8,0,0
1631092885,19.8,19.8,19.8,19.8,19.8,0,0
1631092890,19.8,19.8,19.8,19.8,19.8,0,0
1631092895,19.8,19.8,19.8,19.8,19.8,0,0
1631092900,19.8,19.8,19.8,19.8,19.8,0,0
1631092905,19.8,19.8,19.8,19.8,19.8,0,0
1631092910,19.8,19.8,19.8,19.8,19.8,0,0
1631092915,19.8,19.8,19.8,19.8,19.8,0,0
1631092920,19.8,19.8,19.8,19.8,19.8,0,0
1631092925,19.8,19.8,19.8,19.8,19.8,0,0
1631092930,19.8,19.8,19.8,19.8,19.8,0,0
1631092935,19.8,19.8,19.8,19.8,19.8,0,0
1631092940,19.8,19.8,19.8,19.8,19.8,0,0
1631092945,19.8,19.8,19.8,19.8,19.8,0,0
1631092950,19.8,19.8,19.8,19.8,19.8,0,0
1631092955,19.8,19.8,19.8,19.8,19.8,0,0
1631092960,19.8,19.8,19.8,19.8,19.8,0,0
1631092965,19.8,19.8,19.8,19.8,19.8,0,0
1631092970,19.8,19.8,19.8,19.8,19.8,0,0
1631092975,19.8,19.8,19.8,19.8,19.8,0,0
1631092980,19.8,19.8,19.8,19.8,19.8,0,0
1631092985,19.8,19.8,19.8,19.8,19.8,0,0
1631092990,19.8,19.8,19.8,19.8,19.8,0,0
1631092995,19.8,19.8,19.8,19.8,19.8,0,0
1631093000,19.8,19.8,19.8,19.8,19.8,0,0
1631093005,19.8,19.8,19.8,19.8,19.8,0,0
1631093010,19.8,19.8,19.8,19.8,19.8,0,0
1631093015,19.8,19.8,19.8,19.8,19.8,0,0
1631093020,19.8,19.8,19.8,19.8,19.8,0,0
1631093025,19.8,19.8,19.8,19.8,19.8,0,0
1631093030,19.8,19.8,19.8,19.8,19.8,0,0
1631093035,19.8,19.8,19.8,19.8,19.8,0,0
1631093040,19.8,19.8,19.8,19.8,19.8,0,0
1631093045,19.8,19.8,19.8,19.8,19.8,0,0
1631093050,19.8,19.8,19.8,19.8,19.8,0,0
1631093055,19.8,19.8,19.8,19.8,19.8,0,0
1631093060,19.8,19.8,19.8,19.8,19.8,0,0
1631093065,19.8,19.8,19.8,19.8,19.8,0,0
1631093070,19.8,19.8,19.8,19.8,19.8,0,0
1631093075,19.8,19.8,19.8,19.8,19.8,0,0
1631093080,19.8,19.8,19.8,19.8,19.8,0,0
1631093085,19.8,19.8,19.8,19.8,19.8,0,0
1631093090,19.8,19.8,19.8,19.8,19.8,0,0
1631093095,19.8,19.8,19.8,19.8,19.8,0,0
1631093100,19.8,19.8,19.8,19.8,19.8,0,0
1631093105,19.8,19.8,19.8,19.8,19.8,0,0
1631093110,19.8,19.8,19.8,19.8,19.8,0,0
1631093115,19.8,19.8,19.8,19.8,19.8,0,0
1631093120,19.8,19.8,19.8,19.8,19.8,0,0
1631093125,19.8,19.8,19.8,19.8,19.8,0,0
1631093130,19.8,19.8,19.8,19.8,19.8,0,0
1631093135,19.8,19.8,19.8,19.8,19.8,0,0
1631093140,19.8,19.8,19.8,19.8,19.8,0,0
1631093145,19.8,19.8,19.8,19.8,19.8,0,0
1631093150,19.8,19.8,19.8,19.8,19.8,0,0
1631093155,19.8,19.8,19.8,19.8,19.8,0,0
1631093160,19.8,19.8,19.8,19.8,19.8,0,0
1631093165,19.8,19.8,19.8,19.8,19.8,0,0
1631093170,19.8,19.8,19.8,19.8,19.8,0,0
1631093175,19.8,19.8,19.8,19.8,19.8,0,0
1631093180,19.8,19.8,19.8,19.8,19.8,0,0
1631093185,19.8,19.8,19.8,19.8,19.8,0,0
1631093190,19.8,19.8,19.8,19.8,19.8,0,0
1631093195,19.8,19.8,19.8,19.8,19.8,0,0
1631093200,19.8,19.8,19.8,19.8,19.8,0,0
1631093205,19.8,19.8,19.8,19.8,19.8,0,0
1631093210,19.8,19.8,19.8,19.8,19.8,0,0
1631093215,19.8,19.8,19.8,19.8,19.8,0,0
1631093220,19.8,19.8,19.8,19.8,19.8,0,0
1631093225,19.8,19.8,19.8,19.8,19.8,0,0
1631093230,19.8,19.8,19.8,19.8,19.8,0,0
1631093235,19.8,19.8,19.8,19.8,19.8,0,0
1631093240,19.8,19.8,19.8,19.8,19.8,0,0
1631093245,19.8,19.8,19.8,19.8,19.8,0,0
1631093250,19.8,19.8,19.8,19.8,19.8,0,0
1631093255,19.8,19.8,19.8,19.8,19.8,0,0
1631093260,19.8,19.8,19.8,19.8,19.8,0,0
1631093265,19.8,19.8,19.8,19.8,19.8,0,0
1631093270,19.8,19.8,19.8,19.8,19.8,0,0
1631093275,19.8,19.8,19.8,19.8,19.8,0,0
1631093280,19.8,19.8,19.8,19.8,19.8,0,0
1631093285,19.8,19.8,19.8,19.8,19.8,0,0
1631093290,19.8,19.8,19.8,19.8,19.8,0,0
1631093295,19.8,19.8,19.8,19.8,19.8,0,0
1631093300,19.8,19.8,19.8,19.8,19.8,0,0
1631093305,19.8,19.8,19.8,19.8,19.8,0,0
1631093310,19.8,19.8,19.8,19.8,19.8,0,0
1631093315,19.8,19.8,19.8,19.8,19.8,0,0
1631093320,19.8,19.8,19.8,19.8,19.8,0,0
1631093325,19.8,19.8,19.8,19.8,19.8,0,0
1631093330,19.8,19.8,19.8,19.8,19.8,0,0
1631093335,19.8,19.8,19.8,19.8,19.8,0,0
1631093340,19.8,19.8,19.8,19.8,19.8,0,0
1631093345,19.8,19.8,19.8,19.8,19.8,0,0
1631093350,19.8,19.8,19.8,19.8,19.8,0,0
1631093355,19.8,19.8,19.8,19.8,19.8,0,0
1631093360,19.8,19.8,19.8,19.8,19.8,0,0
1631093365,19.8,19.8,19.8,19.8,19.8,0,0
1631093370,19.8,19.8,19.8,19.8,19.8,0,0
1631093375,19.8,19.8,19.8,19.8,19.8,0,0
1631093380,19.8,19.8,19.8,19.8,19.8,0,0
1631093385,19.8,19.8,19.8,19.8,19.8,0,0
1631093390,19.8,19.8,19.8,19.8,19.8,0,0
1631093395,19.8,19.8,19.8,19.8,19.8,0,0
1631093400,19.8,19.8,19.8,19.8,19.8,0,0
1631093405,19.8,19.8,19.8,19.8,19.8,0,0
1631093410,19.8,19.8,19.8,19.8,19.8,0,0
1631093415,19.8,19.8,19.8,19.8,19.8,0,0
1631093420,19.8,19.8,19.8,19.8,19.8,0,0
1631093425,19.8,19.8,19.8,19.8,19.8,0,0
1631093430,19.8,19.8,19.8,19.8,19.8,0,0
1631093435,19.8,19.8,19.8,19.8,19.8,0,0
1631093440,19.8,19.8,19.8,19.8,19.8,0,0
1631093445,19.8,19.8,19.8,19.8,19.8,0,0
1631093450,19.8,19.8,19.8,19.8,19.8,0,0
1631093455,19.8,19.8,19.8,19.8,19.8,0,0
1631093460,19.8,19.8,19.8,19.8,19.8,0,0
1631093465,19.8,19.8,19.8,19.8,19.8,0,0
1631093470,19.8,19.8,19.8,19.8,19.8,0,0
1631093475,19.8,19.8,19.8,19.8,19.8,0,0
1631093480,19.8,19.8,19.8,19.8,19.8,0,0
1631093485,19.84,19.84,19.84,19.84,19.84,3,1
1631093490,19.84,19.84,19.84,19.84,19.84,6,2
1631093495,19.84,19.84,19.84,19.84,19.84,0,0
1631093500,19.84,19.84,19.84,19.84,19.84,0,0
1631093505,19.84,19.84,19.84,19.84,19.84,0,0
1631093510,19.84,19.84,19.84,19.84,19.84,0,0
1631093515,19.84,19.84,19.84,19.84,19.84,0,0
1631093520,19.84,19.84,19.84,19.84,19.84,0,0
1631093525,19.84,19.84,19.84,19.84,19.84,0,0
1631093530,19.84,19.84,19.84,19.84,19.84,0,0
1631093535,19.84,19.84,19.84,19.84,19.84,0,0
1631093540,19.84,19.84,19.84,19.84,19.84,0,0
1631093545,19.84,19.84,19.84,19.84,19.84,0,0
1631093550,19.84,19.84,19.84,19.84,19.84,0,0
1631093555,19.84,19.84,19.84,19.84,19.84,0,0
1631093560,19.84,19.84,19.84,19.84,19.84,0,0
1631093565,19.85,19.85,19.85,19.85,19.85,4,2
1631093570,19.85,19.85,19.85,19.85,19.85,0,0
1631093575,19.85,19.85,19.85,19.85,19.85,0,0
1631093580,19.85,19.85,19.85,19.85,19.85,0,0
1631093585,19.85,19.85,19.85,19.85,19.85,0,0
1631093590,19.87,19.88,19.87,19.88,19.8767,9,3
1631093595,19.87,19.88,19.87,19.88,19.87814,5,3
1631093600,19.88,19.88,19.88,19.88,19.88,0,0
1631093605,19.88,19.88,19.88,19.88,19.88,0,0
1631093610,19.88,19.88,19.88,19.88,19.88,0,0
1631093615,19.88,19.88,19.88,19.88,19.88,0,0
1631093620,19.88,19.88,19.88,19.88,19.88,0,0
1631093625,19.88,19.88,19.88,19.88,19.88,0,0
1631093630,19.88,19.88,19.88,19.88,19.88,0,0
1631093635,19.88,19.88,19.88,19.88,19.88,0,0
1631093640,19.88,19.88,19.88,19.88,19.88,0,0
1631093645,19.88,19.88,19.88,19.88,19.88,0,0
1631093650,19.88,19.88,19.88,19.88,19.88,0,0
1631093655,19.88,19.88,19.88,19.88,19.88,0,0
1631093660,19.88,19.88,19.88,19.88,19.88,0,0
1631093665,19.88,19.88,19.88,19.88,19.88,0,0
1631093670,19.88,19.88,19.88,19.88,19.88,0,0
1631093675,19.88,19.88,19.88,19.88,19.88,0,0
1631093680,19.88,19.88,19.88,19.88,19.88,0,0
1631093685,19.88,19.88,19.88,19.88,19.88,0,0
1631093690,19.88,19.88,19.88,19.88,19.88,0,0
1631093695,19.88,19.88,19.88,19.88,19.88,0,0
1631093700,19.88,19.88,19.88,19.88,19.88,0,0
1631093705,19.88,19.88,19.88,19.88,19.88,0,0
1631093710,19.88,19.88,19.88,19.88,19.88,0,0
1631093715,19.88,19.88,19.88,19.88,19.88,0,0
1631093720,19.88,19.88,19.88,19.88,19.88,0,0
1631093725,19.87,19.87,19.87,19.87,19.87,1,1
1631093730,19.87,19.87,19.87,19.87,19.87,0,0
1631093735,19.87,19.87,19.87,19.87,19.87,0,0
1631093740,19.87,19.87,19.87,19.87,19.87,0,0
1631093745,19.87,19.87,19.87,19.87,19.87,0,0
1631093750,19.87,19.87,19.87,19.87,19.87,0,0
1631093755,19.87,19.87,19.87,19.87,19.87,0,0
1631093760,19.87,19.87,19.87,19.87,19.87,0,0
1631093765,19.87,19.87,19.87,19.87,19.87,0,0
1631093770,19.87,19.87,19.87,19.87,19.87,0,0
1631093775,19.87,19.87,19.87,19.87,19.87,0,0
1631093780,19.87,19.87,19.87,19.87,19.87,0,0
1631093785,19.87,19.87,19.87,19.87,19.87,0,0
1631093790,19.87,19.87,19.87,19.87,19.87,0,0
1631093795,19.87,19.87,19.87,19.87,19.87,0,0
1631093800,19.87,19.87,19.87,19.87,19.87,0,0
1631093805,19.87,19.87,19.87,19.87,19.87,0,0
1631093810,19.87,19.87,19.87,19.87,19.87,0,0
1631093815,19.87,19.87,19.87,19.87,19.87,0,0
1631093820,19.87,19.87,19.87,19.87,19.87,0,0
1631093825,19.87,19.87,19.87,19.87,19.87,1,1
1631093830,19.87,19.87,19.87,19.87,19.87,0,0
1631093835,19.87,19.87,19.87,19.87,19.87,0,0
1631093840,19.87,19.87,19.87,19.87,19.87,0,0
1631093845,19.87,19.87,19.87,19.87,19.87,0,0
1631093850,19.87,19.87,19.87,19.87,19.87,0,0
1631093855,19.87,19.87,19.87,19.87,19.87,0,0
1631093860,19.87,19.87,19.87,19.87,19.87,0,0
1631093865,19.87,19.87,19.87,19.87,19.87,0,0
1631093870,19.87,19.87,19.87,19.87,19.87,0,0
1631093875,19.87,19.87,19.87,19.87,19.87,0,0
1631093880,19.87,19.87,19.87,19.87,19.87,0,0
1631093885,19.87,19.87,19.87,19.87,19.87,0,0
1631093890,19.87,19.87,19.87,19.87,19.87,0,0
1631093895,19.87,19.87,19.87,19.87,19.87,0,0
1631093900,19.88,19.88,19.88,19.88,19.88,5,1
1631093905,19.88,19.88,19.88,19.88,19.88,0,0
1631093910,19.88,19.88,19.88,19.88,19.88,0,0
1631093915,19.88,19.88,19.88,19.88,19.88,0,0
1631093920,19.98,20.0,19.98,20.0,19.99143,7,6
1631093925,20.06,20.1,20.06,20.1,20.07979,3,2
1631093930,20.1,20.1,20.1,20.1,20.1,3,1
1631093935,20.1,20.1,20.1,20.1,20.1,0,0
1631093940,20.1,20.1,20.1,20.1,20.1,0,0
1631093945,20.1,20.1,20.1,20.1,20.1,0,0
1631093950,20.1,20.1,20.1,20.1,20.1,0,0
1631093955,20.1,20.1,20.1,20.1,20.1,0,0
1631093960,20.11,20.11,20.11,20.11,20.11,2,1
1631093965,20.11,20.11,20.11,20.11,20.11,0,0
1631093970,20.11,20.11,20.11,20.11,20.11,0,0
1631093975,20.11,20.11,20.11,20.11,20.11,0,0
1631093980,20.11,20.11,20.11,20.11,20.11,0,0
1631093985,20.11,20.11,20.11,20.11,20.11,0,0
1631093990,20.11,20.11,20.11,20.11,20.11,0,0
1631093995,20.11,20.11,20.11,20.11,20.11,0,0
1631094000,20.11,20.11,20.11,20.11,20.11,0,0
1631094005,20.11,20.11,20.11,20.11,20.11,0,0
1631094010,20.11,20.11,20.11,20.11,20.11,0,0
1631094015,20.11,20.11,20.11,20.11,20.11,0,0
1631094020,20.11,20.11,20.11,20.11,20.11,0,0
1631094025,20.11,20.11,20.11,20.11,20.11,0,0
1631094030,20.11,20.11,20.11,20.11,20.11,0,0
1631094035,20.11,20.11,20.11,20.11,20.11,0,0
1631094040,20.11,20.11,20.11,20.11,20.11,0,0
1631094045,20.11,20.11,20.11,20.11,20.11,0,0
1631094050,20.11,20.11,20.11,20.11,20.11,0,0
1631094055,20.11,20.11,20.11,20.11,20.11,0,0
1631094060,20.11,20.11,20.11,20.11,20.11,0,0
1631094065,20.11,20.11,20.11,20.11,20.11,0,0
1631094070,20.2,20.2,20.2,20.2,20.2,1,1
1631094075,20.2,20.2,20.2,20.2,20.2,0,0
1631094080,20.2,20.2,20.2,20.2,20.2,0,0
1631094085,20.2,20.2,20.2,20.2,20.2,0,0
1631094090,20.2,20.2,20.2,20.2,20.2,0,0
1631094095,20.2,20.2,20.2,20.2,20.2,0,0
1631094100,20.22,20.22,20.22,20.22,20.22,1,1
1631094105,20.17,20.17,20.17,20.17,20.17,1,1
1631094110,20.17,20.17,20.17,20.17,20.17,0,0
1631094115,20.17,20.17,20.17,20.17,20.17,0,0
1631094120,20.17,20.17,20.17,20.17,20.17,0,0
1631094125,20.17,20.17,20.17,20.17,20.17,0,0
1631094130,20.17,20.17,20.17,20.17,20.17,0,0
1631094135,20.17,20.17,20.17,20.17,20.17,0,0
1631094140,20.17,20.17,20.17,20.17,20.17,0,0
1631094145,20.17,20.17,20.17,20.17,20.17,0,0
1631094150,20.17,20.17,20.17,20.17,20.17,0,0
1631094155,20.17,20.17,20.17,20.17,20.17,0,0
1631094160,20.17,20.17,20.11,20.11,20.13495,10,5
1631094165,20.11,20.11,20.11,20.11,20.11,2,2
1631094170,20.11,20.11,20.11,20.11,20.11,0,0
1631094175,20.11,20.11,20.11,20.11,20.11,2,1
1631094180,20.11,20.11,20.11,20.11,20.11,4,1
1631094185,20.1,20.1,20.1,20.1,20.1,1,1
1631094190,20.1,20.1,20.1,20.1,20.1,0,0
1631094195,20.1,20.1,20.1,20.1,20.1,0,0
1631094200,20.1,20.1,20.1,20.1,20.1,0,0
1631094205,20.16,20.16,20.16,20.16,20.16,1,1
1631094210,20.16,20.16,20.16,20.16,20.16,0,0
1631094215,20.16,20.16,20.16,20.16,20.16,0,0
1631094220,20.16,20.16,20.16,20.16,20.16,0,0
1631094225,20.08,20.08,20.08,20.08,20.08,2,1
1631094230,20.16,20.16,20.16,20.16,20.16,1,1
1631094235,20.16,20.16,20.16,20.16,20.16,0,0
1631094240,20.16,20.16,20.16,20.16,20.16,0,0
1631094245,20.16,20.16,20.16,20.16,20.16,0,0
1631094250,20.16,20.16,20.16,20.16,20.16,0,0
1631094255,20.16,20.16,20.16,20.16,20.16,0,0
1631094260,20.1,20.1,20.1,20.1,20.1,1,1
1631094265,20.1,20.1,20.1,20.1,20.1,0,0
1631094270,20.1,20.1,20.1,20.1,20.1,0,0
1631094275,20.1,20.1,20.1,20.1,20.1,0,0
1631094280,20.05,20.05,20.05,20.05,20.05,1,1
1631094285,20.05,20.05,20.05,20.05,20.05,0,0
1631094290,20.05,20.05,20.05,20.05,20.05,0,0
1631094295,20.05,20.05,20.05,20.05,20.05,0,0
1631094300,20.05,20.05,20.05,20.05,20.05,0,0
1631094305,20.05,20.05,20.05,20.05,20.05,0,0
1631094310,20.04,20.05,20.0,20.0,20.02,29,6
1631094315,20.0,20.0,20.0,20.0,20.0,3,2
1631094320,20.0,20.0,20.0,20.0,20.0,0,0
1631094325,20.0,20.0,20.0,20.0,20.0,0,0
1631094330,20.0,20.0,20.0,20.0,20.0,0,0
1631094335,20.0,20.0,20.0,20.0,20.0,0,0
1631094340,20.0,20.0,20.0,20.0,20.0,0,0
1631094345,20.0,20.0,20.0,20.0,20.0,0,0
1631094350,20.0,20.0,20.0,20.0,20.0,0,0
1631094355,20.0,20.0,20.0,20.0,20.0,0,0
1631094360,20.0,20.0,20.0,20.0,20.0,0,0
1631094365,20.0,20.0,20.0,20.0,20.0,0,0
1631094370,20.0,20.0,20.0,20.0,20.0,2,2
1631094375,20.0,20.0,20.0,20.0,20.0,0,0
1631094380,20.0,20.0,20.0,20.0,20.0,0,0
1631094385,20.0,20.0,20.0,20.0,20.0,0,0
1631094390,20.0,20.0,20.0,20.0,20.0,0,0
1631094395,20.0,20.0,20.0,20.0,20.0,0,0
1631094400,20.0,20.0,20.0,20.0,20.0,0,0
1631094405,20.0,20.0,20.0,20.0,20.0,0,0
1631094410,20.0,20.0,20.0,20.0,20.0,0,0
1631094415,20.0,20.0,20.0,20.0,20.0,0,0
1631094420,20.0,20.0,20.0,20.0,20.0,0,0
1631094425,20.0,20.0,20.0,20.0,20.0,0,0
1631094430,20.0,20.0,20.0,20.0,20.0,0,0
1631094435,20.0,20.0,20.0,20.0,20.0,0,0
1631094440,20.0,20.0,20.0,20.0,20.0,0,0
1631094445,20.0,20.0,20.0,20.0,20.0,0,0
1631094450,20.0,20.0,20.0,20.0,20.0,0,0
1631094455,20.0,20.0,20.0,20.0,20.0,0,0
1631094460,20.0,20.0,20.0,20.0,20.0,0,0
1631094465,20.0,20.0,20.0,20.0,20.0,0,0
1631094470,20.0,20.0,20.0,20.0,20.0,0,0
1631094475,20.0,20.0,20.0,20.0,20.0,0,0
1631094480,20.0,20.0,20.0,20.0,20.0,0,0
1631094485,20.0,20.0,20.0,20.0,20.0,0,0
1631094490,20.0,20.0,20.0,20.0,20.0,0,0
1631094495,20.0,20.0,20.0,20.0,20.0,0,0
1631094500,20.0,20.0,20.0,20.0,20.0,1,1
1631094505,20.0,20.0,20.0,20.0,20.0,0,0
1631094510,20.0,20.0,20.0,20.0,20.0,0,0
1631094515,20.0,20.0,20.0,20.0,20.0,12,1
1631094520,20.0,20.0,20.0,20.0,20.0,0,0
1631094525,20.0,20.0,20.0,20.0,20.0,0,0
1631094530,20.0,20.0,20.0,20.0,20.0,0,0
1631094535,20.0,20.0,20.0,20.0,20.0,0,0
1631094540,20.0,20.0,20.0,20.0,20.0,0,0
1631094545,20.0,20.0,20.0,20.0,20.0,0,0
1631094550,20.0,20.0,20.0,20.0,20.0,0,0
1631094555,20.0,20.0,20.0,20.0,20.0,0,0
1631094560,20.0,20.0,20.0,20.0,20.0,0,0
1631094565,20.0,20.0,20.0,20.0,20.0,0,0
1631094570,20.0,20.0,20.0,20.0,20.0,0,0
1631094575,20.0,20.0,20.0,20.0,20.0,0,0
1631094580,20.0,20.0,20.0,20.0,20.0,0,0
1631094585,20.0,20.0,20.0,20.0,20.0,0,0
1631094590,20.0,20.0,20.0,20.0,20.0,0,0
1631094595,20.0,20.0,20.0,20.0,20.0,0,0
1631094600,20.0,20.0,20.0,20.0,20.0,0,0
1631094605,20.0,20.0,20.0,20.0,20.0,0,0
1631094610,20.0,20.0,20.0,20.0,20.0,0,0
1631094615,20.0,20.0,20.0,20.0,20.0,0,0
1631094620,20.0,20.0,20.0,20.0,20.0,0,0
1631094625,20.0,20.0,20.0,20.0,20.0,0,0
1631094630,20.0,20.0,20.0,20.0,20.0,0,0
1631094635,20.0,20.0,20.0,20.0,20.0,0,0
1631094640,20.0,20.0,20.0,20.0,20.0,0,0
1631094645,20.0,20.0,20.0,20.0,20.0,0,0
1631094650,20.0,20.0,20.0,20.0,20.0,0,0
1631094655,20.0,20.0,20.0,20.0,20.0,0,0
1631094660,20.0,20.0,20.0,20.0,20.0,0,0
1631094665,20.0,20.0,20.0,20.0,20.0,0,0
1631094670,20.0,20.0,20.0,20.0,20.0,0,0
1631094675,20.0,20.0,20.0,20.0,20.0,0,0
1631094680,20.0,20.0,20.0,20.0,20.0,0,0
1631094685,20.0,20.0,20.0,20.0,20.0,0,0
1631094690,20.0,20.0,20.0,20.0,20.0,0,0
1631094695,20.0,20.0,20.0,20.0,20.0,0,0
1631094700,20.0,20.0,20.0,20.0,20.0,0,0
1631094705,20.0,20.0,20.0,20.0,20.0,0,0
1631094710,20.0,20.0,20.0,20.0,20.0,0,0
1631094715,20.0,20.0,20.0,20.0,20.0,0,0
1631094720,20.0,20.0,20.0,20.0,20.0,0,0
1631094725,19.91,19.91,19.91,19.91,19.91,3,1
1631094730,19.91,19.91,19.91,19.91,19.91,0,0
1631094735,19.91,19.91,19.91,19.91,19.91,0,0
1631094740,19.91,19.91,19.91,19.91,19.91,0,0
1631094745,19.91,19.91,19.91,19.91,19.91,0,0
1631094750,19.91,19.91,19.91,19.91,19.91,0,0
1631094755,19.91,19.91,19.91,19.91,19.91,6,2
1631094760,19.91,19.91,19.91,19.91,19.91,0,0
1631094765,19.91,19.91,19.91,19.91,19.91,0,0
1631094770,19.91,19.91,19.91,19.91,19.91,0,0
1631094775,19.91,19.91,19.91,19.91,19.91,0,0
1631094780,19.91,19.91,19.91,19.91,19.91,0,0
1631094785,19.91,19.91,19.91,19.91,19.91,0,0
1631094790,19.91,19.91,19.91,19.91,19.91,0,0
1631094795,19.91,19.91,19.91,19.91,19.91,0,0
1631094800,19.91,19.91,19.91,19.91,19.91,0,0
1631094805,19.91,19.91,19.91,19.91,19.91,0,0
1631094810,19.91,19.91,19.91,19.91,19.91,0,0
1631094815,19.91,19.91,19.91,19.91,19.91,0,0
1631094820,19.91,19.91,19.91,19.91,19.91,0,0
1631094825,19.91,19.91,19.91,19.91,19.91,0,0
1631094830,19.91,19.91,19.91,19.91,19.91,0,0
1631094835,19.91,19.91,19.91,19.91,19.91,0,0
1631094840,19.91,19.91,19.91,19.91,19.91,0,0
1631094845,19.91,19.91,19.91,19.91,19.91,0,0
1631094850,19.91,19.91,19.91,19.91,19.91,0,0
1631094855,19.91,19.91,19.91,19.91,19.91,0,0
1631094860,19.91,19.91,19.91,19.91,19.91,0,0
1631094865,19.91,19.91,19.91,19.91,19.91,0,0
1631094870,19.91,19.91,19.91,19.91,19.91,0,0
1631094875,19.91,19.91,19.91,19.91,19.91,0,0
1631094880,19.91,19.91,19.91,19.91,19.91,0,0
1631094885,19.98,19.98,19.98,19.98,19.98,1,1
1631094890,19.98,19.98,19.98,19.98,19.98,0,0
1631094895,19.99,19.99,19.99,19.99,19.99,2,1
1631094900,20.0,20.0,20.0,20.0,20.0,1,1
1631094905,20.0,20.0,20.0,20.0,20.0,0,0
1631094910,20.0,20.0,20.0,20.0,20.0,0,0
1631094915,20.0,20.0,20.0,20.0,20.0,0,0
1631094920,20.0,20.0,20.0,20.0,20.0,0,0
1631094925,20.0,20.0,20.0,20.0,20.0,0,0
1631094930,20.0,20.0,20.0,20.0,20.0,2,1
1631094935,20.0,20.0,20.0,20.0,20.0,0,0
1631094940,20.0,20.0,20.0,20.0,20.0,0,0
1631094945,20.0,20.0,20.0,20.0,20.0,0,0
1631094950,20.0,20.0,20.0,20.0,20.0,0,0
1631094955,20.0,20.0,20.0,20.0,20.0,0,0
1631094960,20.0,20.0,20.0,20.0,20.0,0,0
1631094965,20.0,20.0,20.0,20.0,20.0,5,1
1631094970,20.0,20.0,20.0,20.0,20.0,8,3
1631094975,20.0,20.0,20.0,20.0,20.0,0,0
1631094980,20.0,20.0,20.0,20.0,20.0,0,0
1631094985,20.0,20.0,20.0,20.0,20.0,0,0
1631094990,20.0,20.0,20.0,20.0,20.0,0,0
1631094995,20.0,20.0,20.0,20.0,20.0,0,0
1631095000,20.0,20.0,20.0,20.0,20.0,0,0
1631095005,20.0,20.0,20.0,20.0,20.0,0,0
1631095010,20.0,20.0,20.0,20.0,20.0,0,0
1631095015,20.0,20.0,20.0,20.0,20.0,0,0
1631095020,20.0,20.0,20.0,20.0,20.0,0,0
1631095025,20.0,20.0,20.0,20.0,20.0,0,0
1631095030,20.0,20.0,20.0,20.0,20.0,0,0
1631095035,20.0,20.0,20.0,20.0,20.0,0,0
1631095040,20.0,20.0,20.0,20.0,20.0,0,0
1631095045,20.0,20.0,20.0,20.0,20.0,0,0
1631095050,20.0,20.0,20.0,20.0,20.0,0,0
1631095055,20.0,20.0,20.0,20.0,20.0,0,0
1631095060,20.0,20.0,20.0,20.0,20.0,0,0
1631095065,20.0,20.0,20.0,20.0,20.0,0,0
1631095070,20.0,20.0,20.0,20.0,20.0,0,0
1631095075,20.0,20.0,20.0,20.0,20.0,0,0
1631095080,20.0,20.0,20.0,20.0,20.0,0,0
1631095085,20.0,20.0,20.0,20.0,20.0,0,0
1631095090,20.0,20.0,20.0,20.0,20.0,0,0
1631095095,20.0,20.0,20.0,20.0,20.0,0,0
1631095100,20.0,20.0,20.0,20.0,20.0,0,0
1631095105,20.0,20.0,20.0,20.0,20.0,0,0
1631095110,20.0,20.0,20.0,20.0,20.0,0,0
1631095115,20.0,20.0,20.0,20.0,20.0,0,0
1631095120,20.0,20.0,20.0,20.0,20.0,0,0
1631095125,20.0,20.0,20.0,20.0,20.0,1,1
1631095130,19.99,20.0,19.99,20.0,19.99871,15,4
1631095135,20.0,20.0,20.0,20.0,20.0,0,0
1631095140,20.0,20.0,20.0,20.0,20.0,0,0
1631095145,20.0,20.0,20.0,20.0,20.0,0,0
1631095150,20.0,20.0,20.0,20.0,20.0,0,0
1631095155,19.99,19.99,19.99,19.99,19.99,1,1
1631095160,19.99,19.99,19.99,19.99,19.99,0,0
1631095165,19.99,19.99,19.99,19.99,19.99,0,0
1631095170,19.99,19.99,19.99,19.99,19.99,0,0
1631095175,19.99,19.99,19.99,19.99,19.99,0,0
1631095180,19.99,19.99,19.99,19.99,19.99,0,0
1631095185,19.99,19.99,19.99,19.99,19.99,0,0
1631095190,19.99,19.99,19.99,19.99,19.99,0,0
1631095195,19.99,19.99,19.99,19.99,19.99,1,1
1631095200,19.99,19.99,19.99,19.99,19.99,0,0
1631095205,19.99,19.99,19.99,19.99,19.99,0,0
1631095210,19.99,19.99,19.99,19.99,19.99,0,0
1631095215,19.99,19.99,19.99,19.99,19.99,0,0
1631095220,19.99,19.99,19.99,19.99,19.99,0,0
1631095225,19.99,19.99,19.99,19.99,19.99,0,0
1631095230,19.99,19.99,19.99,19.99,19.99,0,0
1631095235,19.99,19.99,19.99,19.99,19.99,0,0
1631095240,19.99,19.99,19.99,19.99,19.99,0,0
1631095245,19.99,19.99,19.99,19.99,19.99,0,0
1631095250,19.99,19.99,19.99,19.99,19.99,0,0
1631095255,19.99,19.99,19.99,19.99,19.99,0,0
1631095260,19.99,19.99,19.99,19.99,19.99,0,0
1631095265,19.99,19.99,19.99,19.99,19.99,0,0
1631095270,19.99,19.99,19.99,19.99,19.99,0,0
1631095275,19.99,19.99,19.99,19.99,19.99,0,0
1631095280,19.99,19.99,19.99,19.99,19.99,0,0
1631095285,19.99,19.99,19.99,19.99,19.99,0,0
1631095290,19.99,19.99,19.99,19.99,19.99,0,0
1631095295,19.99,19.99,19.99,19.99,19.99,0,0
1631095300,19.99,19.99,19.99,19.99,19.99,0,0
1631095305,19.99,19.99,19.99,19.99,19.99,0,0
1631095310,19.99,19.99,19.99,19.99,19.99,0,0
1631095315,19.99,19.99,19.99,19.99,19.99,0,0
1631095320,19.99,19.99,19.99,19.99,19.99,0,0
1631095325,19.99,19.99,19.99,19.99,19.99,0,0
1631095330,19.99,19.99,19.99,19.99,19.99,0,0
1631095335,19.99,19.99,19.99,19.99,19.99,0,0
1631095340,19.99,19.99,19.99,19.99,19.99,0,0
1631095345,19.99,19.99,19.99,19.99,19.99,0,0
1631095350,19.99,19.99,19.99,19.99,19.99,0,0
1631095355,19.99,19.99,19.99,19.99,19.99,0,0
1631095360,19.99,19.99,19.99,19.99,19.99,0,0
1631095365,19.99,19.99,19.99,19.99,19.99,0,0
1631095370,19.99,19.99,19.99,19.99,19.99,0,0
1631095375,19.99,19.99,19.99,19.99,19.99,0,0
1631095380,19.99,19.99,19.99,19.99,19.99,0,0
1631095385,19.99,19.99,19.99,19.99,19.99,0,0
1631095390,19.99,19.99,19.99,19.99,19.99,0,0
1631095395,19.99,19.99,19.99,19.99,19.99,0,0
1631095400,19.99,19.99,19.99,19.99,19.99,0,0
1631095405,19.99,19.99,19.99,19.99,19.99,0,0
1631095410,19.99,19.99,19.99,19.99,19.99,0,0
1631095415,19.99,19.99,19.99,19.99,19.99,0,0
1631095420,19.99,19.99,19.99,19.99,19.99,0,0
1631095425,19.99,19.99,19.99,19.99,19.99,0,0
1631095430,19.99,19.99,19.99,19.99,19.99,0,0
1631095435,19.99,19.99,19.99,19.99,19.99,0,0
1631095440,19.99,19.99,19.99,19.99,19.99,0,0
1631095445,19.99,19.99,19.99,19.99,19.99,0,0
1631095450,20.0,20.0,20.0,20.0,20.0,1,1
1631095455,20.0,20.0,20.0,20.0,20.0,0,0
1631095460,20.0,20.0,20.0,20.0,20.0,0,0
1631095465,20.0,20.0,20.0,20.0,20.0,0,0
1631095470,20.0,20.0,20.0,20.0,20.0,0,0
1631095475,20.0,20.0,20.0,20.0,20.0,0,0
1631095480,20.0,20.0,20.0,20.0,20.0,0,0
1631095485,20.0,20.0,20.0,20.0,20.0,0,0
1631095490,20.0,20.0,20.0,20.0,20.0,0,0
1631095495,20.0,20.0,20.0,20.0,20.0,0,0
1631095500,20.0,20.0,20.0,20.0,20.0,0,0
1631095505,20.0,20.0,20.0,20.0,20.0,0,0
1631095510,20.0,20.0,20.0,20.0,20.0,0,0
1631095515,20.0,20.0,20.0,20.0,20.0,0,0
1631095520,20.0,20.0,20.0,20.0,20.0,0,0
1631095525,20.0,20.0,20.0,20.0,20.0,0,0
1631095530,20.0,20.0,20.0,20.0,20.0,0,0
1631095535,19.98,19.98,19.98,19.98,19.98,3,2
1631095540,19.98,19.98,19.98,19.98,19.98,0,0
1631095545,19.98,19.98,19.98,19.98,19.98,0,0
1631095550,19.98,19.98,19.98,19.98,19.98,0,0
1631095555,19.98,19.98,19.98,19.98,19.98,0,0
1631095560,19.98,19.98,19.98,19.98,19.98,0,0
1631095565,19.98,19.98,19.98,19.98,19.98,0,0
1631095570,19.98,19.98,19.98,19.98,19.98,0,0
1631095575,19.98,19.98,19.98,19.98,19.98,0,0
1631095580,19.98,19.98,19.98,19.98,19.98,0,0
1631095585,19.98,19.98,19.98,19.98,19.98,0,0
1631095590,19.98,19.98,19.98,19.98,19.98,0,0
1631095595,19.98,19.98,19.98,19.98,19.98,0,0
1631095600,19.98,19.98,19.98,19.98,19.98,0,0
1631095605,19.98,19.98,19.98,19.98,19.98,0,0
1631095610,19.98,19.98,19.98,19.98,19.98,0,0
1631095615,19.98,19.98,19.98,19.98,19.98,0,0
1631095620,19.98,19.98,19.98,19.98,19.98,0,0
1631095625,19.98,19.98,19.98,19.98,19.98,0,0
1631095630,19.98,19.98,19.98,19.98,19.98,0,0
1631095635,19.98,19.98,19.98,19.98,19.98,0,0
1631095640,19.98,19.98,19.98,19.98,19.98,0,0
1631095645,19.98,19.98,19.98,19.98,19.98,0,0
1631095650,19.98,19.98,19.98,19.98,19.98,0,0
1631095655,19.98,19.98,19.98,19.98,19.98,0,0
1631095660,19.98,19.98,19.98,19.98,19.98,0,0
1631095665,19.98,19.98,19.98,19.98,19.98,0,0
1631095670,19.98,19.98,19.98,19.98,19.98,0,0
1631095675,19.98,19.98,19.98,19.98,19.98,0,0
1631095680,19.98,19.98,19.98,19.98,19.98,0,0
1631095685,19.98,19.98,19.98,19.98,19.98,0,0
1631095690,19.98,19.98,19.98,19.98,19.98,0,0
1631095695,19.98,19.98,19.98,19.98,19.98,0,0
1631095700,19.98,19.98,19.98,19.98,19.98,0,0
1631095705,19.98,19.98,19.98,19.98,19.98,0,0
1631095710,19.98,19.98,19.98,19.98,19.98,0,0
1631095715,19.98,19.98,19.98,19.98,19.98,0,0
1631095720,19.98,19.98,19.98,19.98,19.98,0,0
1631095725,19.98,19.98,19.98,19.98,19.98,0,0
1631095730,19.98,19.98,19.98,19.98,19.98,0,0
1631095735,19.98,19.98,19.98,19.98,19.98,0,0
1631095740,19.98,19.98,19.98,19.98,19.98,0,0
1631095745,19.98,19.98,19.98,19.98,19.98,0,0
1631095750,19.98,19.98,19.98,19.98,19.98,0,0
1631095755,19.98,19.98,19.98,19.98,19.98,0,0
1631095760,19.98,19.98,19.98,19.98,19.98,0,0
1631095765,19.98,19.98,19.98,19.98,19.98,0,0
1631095770,19.98,19.98,19.98,19.98,19.98,0,0
1631095775,19.98,19.98,19.98,19.98,19.98,0,0
1631095780,19.98,19.98,19.98,19.98,19.98,0,0
1631095785,19.98,19.98,19.98,19.98,19.98,0,0
1631095790,19.98,19.98,19.98,19.98,19.98,0,0
1631095795,19.98,19.98,19.98,19.98,19.98,0,0
1631095800,19.98,19.98,19.98,19.98,19.98,0,0
1631095805,19.9,19.9,19.9,19.9,19.9,1,1
1631095810,19.89,19.9,19.89,19.9,19.89872,7,2
1631095815,19.9,19.9,19.9,19.9,19.9,0,0
1631095820,19.9,19.9,19.9,19.9,19.9,0,0
1631095825,19.9,19.9,19.9,19.9,19.9,0,0
1631095830,19.9,19.9,19.9,19.9,19.9,0,0
1631095835,19.9,19.9,19.9,19.9,19.9,0,0
1631095840,19.9,19.9,19.9,19.9,19.9,0,0
1631095845,19.9,19.9,19.9,19.9,19.9,0,0
1631095850,19.9,19.9,19.9,19.9,19.9,0,0
1631095855,19.9,19.9,19.9,19.9,19.9,0,0
1631095860,19.9,19.9,19.9,19.9,19.9,0,0
1631095865,19.9,19.9,19.9,19.9,19.9,0,0
1631095870,19.9,19.9,19.9,19.9,19.9,0,0
1631095875,19.9,19.9,19.9,19.9,19.9,0,0
1631095880,19.9,19.9,19.9,19.9,19.9,0,0
1631095885,19.9,19.9,19.9,19.9,19.9,0,0
1631095890,19.9,19.9,19.9,19.9,19.9,0,0
1631095895,19.9,19.9,19.9,19.9,19.9,0,0
1631095900,19.9,19.9,19.9,19.9,19.9,0,0
1631095905,19.9,19.9,19.9,19.9,19.9,0,0
1631095910,19.9,19.9,19.9,19.9,19.9,0,0
1631095915,19.9,19.9,19.9,19.9,19.9,0,0
1631095920,19.9,19.9,19.9,19.9,19.9,0,0
1631095925,19.9,19.9,19.9,19.9,19.9,0,0
1631095930,19.9,19.9,19.9,19.9,19.9,0,0
1631095935,19.9,19.9,19.9,19.9,19.9,0,0
1631095940,19.9,19.9,19.9,19.9,19.9,0,0
1631095945,19.9,19.9,19.9,19.9,19.9,0,0
1631095950,19.9,19.9,19.9,19.9,19.9,0,0
1631095955,19.9,19.9,19.9,19.9,19.9,0,0
1631095960,19.9,19.9,19.9,19.9,19.9,0,0
1631095965,19.9,19.9,19.9,19.9,19.9,0,0
1631095970,19.9,19.9,19.9,19.9,19.9,0,0
1631095975,19.9,19.9,19.9,19.9,19.9,0,0
1631095980,19.9,19.9,19.9,19.9,19.9,0,0
1631095985,19.9,19.9,19.9,19.9,19.9,0,0
1631095990,19.9,19.9,19.9,19.9,19.9,0,0
1631095995,19.9,19.9,19.9,19.9,19.9,0,0
1631096000,19.9,19.9,19.9,19.9,19.9,0,0
1631096005,19.9,19.9,19.9,19.9,19.9,0,0
1631096010,19.9,19.9,19.9,19.9,19.9,0,0
1631096015,19.96,19.96,19.96,19.96,19.96,1,1
1631096020,19.96,19.96,19.96,19.96,19.96,0,0
1631096025,19.96,19.96,19.96,19.96,19.96,0,0
1631096030,19.96,19.96,19.96,19.96,19.96,0,0
1631096035,19.96,19.96,19.96,19.96,19.96,0,0
1631096040,19.96,19.96,19.96,19.96,19.96,0,0
1631096045,19.96,19.96,19.96,19.96,19.96,0,0
1631096050,19.96,19.96,19.96,19.96,19.96,0,0
1631096055,19.96,19.96,19.96,19.96,19.96,0,0
1631096060,19.96,19.96,19.96,19.96,19.96,0,0
1631096065,19.96,19.96,19.96,19.96,19.96,0,0
1631096070,19.96,19.96,19.96,19.96,19.96,0,0
1631096075,19.96,19.96,19.96,19.96,19.96,0,0
1631096080,19.96,19.96,19.96,19.96,19.96,0,0
1631096085,19.96,19.96,19.96,19.96,19.96,0,0
1631096090,19.96,19.96,19.96,19.96,19.96,0,0
1631096095,19.96,19.96,19.96,19.96,19.96,0,0
1631096100,19.96,19.96,19.96,19.96,19.96,0,0
1631096105,19.96,19.96,19.96,19.96,19.96,0,0
1631096110,19.96,19.96,19.96,19.96,19.96,0,0
1631096115,19.96,19.96,19.96,19.96,19.96,0,0
1631096120,19.96,19.96,19.96,19.96,19.96,0,0
1631096125,19.96,19.96,19.96,19.96,19.96,0,0
1631096130,19.96,19.96,19.96,19.96,19.96,0,0
1631096135,19.96,19.96,19.96,19.96,19.96,0,0
1631096140,19.96,19.96,19.96,19.96,19.96,0,0
1631096145,19.96,19.96,19.96,19.96,19.96,0,0
1631096150,19.96,19.96,19.96,19.96,19.96,0,0
1631096155,19.96,19.96,19.96,19.96,19.96,0,0
1631096160,19.96,19.96,19.96,19.96,19.96,0,0
1631096165,19.96,19.96,19.96,19.96,19.96,0,0
1631096170,19.96,19.96,19.96,19.96,19.96,0,0
1631096175,19.96,19.96,19.96,19.96,19.96,0,0
1631096180,19.96,19.96,19.96,19.96,19.96,0,0
1631096185,19.96,19.96,19.96,19.96,19.96,0,0
1631096190,19.96,19.96,19.96,19.96,19.96,0,0
1631096195,19.96,19.96,19.96,19.96,19.96,0,0
1631096200,19.96,19.96,19.96,19.96,19.96,0,0
1631096205,19.96,19.96,19.96,19.96,19.96,0,0
1631096210,19.96,19.96,19.96,19.96,19.96,0,0
1631096215,19.96,19.96,19.96,19.96,19.96,0,0
1631096220,19.96,19.96,19.96,19.96,19.96,0,0
1631096225,19.96,19.96,19.96,19.96,19.96,0,0
1631096230,19.96,19.96,19.96,19.96,19.96,0,0
1631096235,19.96,19.96,19.96,19.96,19.96,0,0
1631096240,19.96,19.96,19.96,19.96,19.96,0,0
1631096245,19.96,19.96,19.96,19.96,19.96,0,0
1631096250,19.96,19.96,19.96,19.96,19.96,0,0
1631096255,19.96,19.96,19.96,19.96,19.96,0,0
1631096260,19.96,19.96,19.96,19.96,19.96,0,0
1631096265,19.96,19.96,19.96,19.96,19.96,0,0
1631096270,19.96,19.96,19.96,19.96,19.96,0,0
1631096275,19.96,19.96,19.96,19.96,19.96,0,0
1631096280,19.96,19.96,19.96,19.96,19.96,0,0
1631096285,19.96,19.96,19.96,19.96,19.96,0,0
1631096290,19.96,19.96,19.96,19.96,19.96,0,0
1631096295,19.96,19.96,19.96,19.96,19.96,0,0
1631096300,19.99,19.99,19.99,19.99,19.99,1,1
1631096305,19.99,19.99,19.99,19.99,19.99,0,0
1631096310,19.99,19.99,19.99,19.99,19.99,0,0
1631096315,19.99,19.99,19.99,19.99,19.99,0,0
1631096320,19.99,19.99,19.99,19.99,19.99,0,0
1631096325,19.99,19.99,19.99,19.99,19.99,0,0
1631096330,19.99,19.99,19.99,19.99,19.99,0,0
1631096335,19.99,19.99,19.99,19.99,19.99,0,0
1631096340,19.99,19.99,19.99,19.99,19.99,0,0
1631096345,19.99,19.99,19.99,19.99,19.99,0,0
1631096350,19.99,19.99,19.99,19.99,19.99,0,0
1631096355,19.99,19.99,19.99,19.99,19.99,0,0
1631096360,19.99,19.99,19.99,19.99,19.99,0,0
1631096365,19.99,19.99,19.99,19.99,19.99,0,0
1631096370,19.99,19.99,19.99,19.99,19.99,0,0
1631096375,19.99,19.99,19.99,19.99,19.99,0,0
1631096380,19.99,19.99,19.99,19.99,19.99,0,0
1631096385,19.99,19.99,19.99,19.99,19.99,0,0
1631096390,19.99,19.99,19.99,19.99,19.99,0,0
1631096395,19.99,19.99,19.99,19.99,19.99,0,0
1631096400,19.99,19.99,19.99,19.99,19.99,0,0
1631096405,19.99,19.99,19.99,19.99,19.99,0,0
1631096410,19.99,19.99,19.99,19.99,19.99,0,0
1631096415,19.99,19.99,19.99,19.99,19.99,0,0
1631096420,19.99,19.99,19.99,19.99,19.99,0,0
1631096425,19.99,19.99,19.99,19.99,19.99,0,0
1631096430,19.99,19.99,19.99,19.99,19.99,0,0
1631096435,19.99,19.99,19.99,19.99,19.99,0,0
1631096440,19.99,19.99,19.99,19.99,19.99,0,0
1631096445,19.99,19.99,19.99,19.99,19.99,0,0
1631096450,19.99,19.99,19.99,19.99,19.99,0,0
1631096455,19.99,19.99,19.99,19.99,19.99,0,0
1631096460,19.99,19.99,19.99,19.99,19.99,0,0
1631096465,19.99,19.99,19.99,19.99,19.99,0,0
1631096470,19.99,19.99,19.99,19.99,19.99,0,0
1631096475,19.99,19.99,19.99,19.99,19.99,0,0
1631096480,19.99,19.99,19.99,19.99,19.99,0,0
1631096485,19.99,19.99,19.99,19.99,19.99,0,0
1631096490,19.99,19.99,19.99,19.99,19.99,0,0
1631096495,19.99,19.99,19.99,19.99,19.99,0,0
1631096500,19.99,19.99,19.99,19.99,19.99,0,0
1631096505,19.99,19.99,19.99,19.99,19.99,0,0
1631096510,19.93,19.93,19.93,19.93,19.93,1,1
1631096515,19.93,19.93,19.93,19.93,19.93,0,0
1631096520,19.93,19.93,19.93,19.93,19.93,0,0
1631096525,19.93,19.93,19.93,19.93,19.93,0,0
1631096530,19.93,19.93,19.93,19.93,19.93,0,0
1631096535,19.93,19.93,19.93,19.93,19.93,0,0
1631096540,19.93,19.93,19.93,19.93,19.93,0,0
1631096545,19.93,19.93,19.93,19.93,19.93,0,0
1631096550,19.93,19.93,19.93,19.93,19.93,0,0
1631096555,19.93,19.93,19.93,19.93,19.93,0,0
1631096560,19.93,19.93,19.93,19.93,19.93,0,0
1631096565,19.93,19.93,19.93,19.93,19.93,0,0
1631096570,19.93,19.93,19.93,19.93,19.93,0,0
1631096575,19.93,19.93,19.93,19.93,19.93,0,0
1631096580,19.93,19.93,19.93,19.93,19.93,0,0
1631096585,19.93,19.93,19.93,19.93,19.93,0,0
1631096590,19.93,19.93,19.93,19.93,19.93,0,0
1631096595,19.93,19.93,19.93,19.93,19.93,0,0
1631096600,19.93,19.93,19.93,19.93,19.93,0,0
1631096605,19.93,19.93,19.93,19.93,19.93,0,0
1631096610,19.93,19.93,19.93,19.93,19.93,0,0
1631096615,19.93,19.93,19.93,19.93,19.93,0,0
1631096620,19.93,19.93,19.93,19.93,19.93,0,0
1631096625,19.93,19.93,19.93,19.93,19.93,0,0
1631096630,19.93,19.93,19.93,19.93,19.93,0,0
1631096635,19.93,19.93,19.93,19.93,19.93,0,0
1631096640,19.93,19.93,19.93,19.93,19.93,0,0
1631096645,19.93,19.93,19.93,19.93,19.93,0,0
1631096650,19.93,19.93,19.93,19.93,19.93,0,0
1631096655,19.93,19.93,19.93,19.93,19.93,0,0
1631096660,19.93,19.93,19.93,19.93,19.93,0,0
1631096665,19.93,19.93,19.93,19.93,19.93,0,0
1631096670,19.93,19.93,19.93,19.93,19.93,0,0
1631096675,19.93,19.93,19.93,19.93,19.93,0,0
1631096680,19.93,19.93,19.93,19.93,19.93,0,0
1631096685,19.93,19.93,19.93,19.93,19.93,3,3
1631096690,19.93,19.93,19.93,19.93,19.93,0,0
1631096695,19.93,19.93,19.93,19.93,19.93,0,0
1631096700,19.93,19.93,19.93,19.93,19.93,0,0
1631096705,19.93,19.93,19.93,19.93,19.93,0,0
1631096710,19.93,19.93,19.93,19.93,19.93,0,0
1631096715,19.93,19.93,19.93,19.93,19.93,0,0
1631096720,19.93,19.93,19.93,19.93,19.93,0,0
1631096725,19.93,19.93,19.93,19.93,19.93,0,0
1631096730,19.93,19.93,19.93,19.93,19.93,0,0
1631096735,19.93,19.93,19.93,19.93,19.93,0,0
1631096740,19.93,19.93,19.93,19.93,19.93,0,0
1631096745,19.93,19.93,19.93,19.93,19.93,3,2
1631096750,19.93,19.93,19.93,19.93,19.93,0,0
1631096755,19.93,19.93,19.93,19.93,19.93,0,0
1631096760,19.93,19.93,19.93,19.93,19.93,0,0
1631096765,19.93,19.93,19.93,19.93,19.93,0,0
1631096770,19.93,19.93,19.93,19.93,19.93,0,0
1631096775,19.93,19.93,19.93,19.93,19.93,0,0
1631096780,19.93,19.93,19.93,19.93,19.93,0,0
1631096785,19.93,19.93,19.93,19.93,19.93,0,0
1631096790,19.96,19.97,19.96,19.97,19.96853,6,3
1631096795,19.97,19.97,19.97,19.97,19.97,0,0
1631096800,19.97,19.97,19.97,19.97,19.97,0,0
1631096805,19.97,19.97,19.97,19.97,19.97,0,0
1631096810,19.97,19.97,19.97,19.97,19.97,0,0
1631096815,19.97,19.97,19.97,19.97,19.97,0,0
1631096820,19.97,19.97,19.97,19.97,19.97,0,0
1631096825,19.97,19.97,19.97,19.97,19.97,0,0
1631096830,19.97,19.97,19.97,19.97,19.97,0,0
1631096835,19.97,19.97,19.97,19.97,19.97,0,0
1631096840,19.97,19.97,19.97,19.97,19.97,0,0
1631096845,19.97,19.97,19.97,19.97,19.97,0,0
1631096850,19.97,19.97,19.97,19.97,19.97,0,0
1631096855,19.97,19.97,19.97,19.97,19.97,0,0
1631096860,19.97,19.97,19.97,19.97,19.97,0,0
1631096865,19.97,19.97,19.97,19.97,19.97,0,0
1631096870,19.97,19.97,19.97,19.97,19.97,0,0
1631096875,19.97,19.97,19.97,19.97,19.97,0,0
1631096880,19.97,19.97,19.97,19.97,19.97,0,0
1631096885,19.97,19.97,19.97,19.97,19.97,0,0
1631096890,19.97,19.97,19.97,19.97,19.97,0,0
1631096895,19.97,19.97,19.97,19.97,19.97,0,0
1631096900,19.97,19.97,19.97,19.97,19.97,0,0
1631096905,19.97,19.97,19.97,19.97,19.97,0,0
1631096910,19.97,19.97,19.97,19.97,19.97,0,0
1631096915,19.97,19.97,19.97,19.97,19.97,0,0
1631096920,19.97,19.97,19.97,19.97,19.97,0,0
1631096925,19.97,19.97,19.97,19.97,19.97,0,0
1631096930,19.97,19.97,19.97,19.97,19.97,0,0
1631096935,19.97,19.97,19.97,19.97,19.97,0,0
1631096940,19.97,19.97,19.97,19.97,19.97,0,0
1631096945,19.97,19.97,19.97,19.97,19.97,0,0
1631096950,19.97,19.97,19.97,19.97,19.97,0,0
1631096955,19.97,19.97,19.97,19.97,19.97,0,0
1631096960,19.97,19.97,19.97,19.97,19.97,0,0
1631096965,19.97,19.97,19.97,19.97,19.97,0,0
1631096970,19.97,19.97,19.97,19.97,19.97,0,0
1631096975,19.97,19.97,19.97,19.97,19.97,0,0
1631096980,19.97,19.97,19.97,19.97,19.97,0,0
1631096985,19.97,19.97,19.97,19.97,19.97,0,0
1631096990,19.95,19.96,19.95,19.96,19.95644,2,2
1631096995,19.96,19.96,19.96,19.96,19.96,0,0
1631097000,19.96,19.96,19.96,19.96,19.96,0,0
1631097005,19.96,19.96,19.96,19.96,19.96,0,0
1631097010,19.96,19.96,19.96,19.96,19.96,0,0
1631097015,19.96,19.96,19.96,19.96,19.96,0,0
1631097020,19.96,19.96,19.96,19.96,19.96,0,0
1631097025,19.96,19.96,19.96,19.96,19.96,0,0
1631097030,19.96,19.96,19.96,19.96,19.96,0,0
1631097035,19.96,19.96,19.96,19.96,19.96,0,0
1631097040,19.96,19.96,19.96,19.96,19.96,0,0
1631097045,19.96,19.96,19.96,19.96,19.96,0,0
1631097050,19.96,19.96,19.96,19.96,19.96,0,0
1631097055,19.96,19.96,19.96,19.96,19.96,0,0
1631097060,19.96,19.96,19.96,19.96,19.96,0,0
1631097065,19.96,19.96,19.96,19.96,19.96,0,0
1631097070,19.96,19.96,19.96,19.96,19.96,0,0
1631097075,19.96,19.96,19.96,19.96,19.96,0,0
1631097080,19.96,19.96,19.96,19.96,19.96,0,0
1631097085,19.96,19.96,19.96,19.96,19.96,0,0
1631097090,19.96,19.96,19.96,19.96,19.96,0,0
1631097095,19.96,19.96,19.96,19.96,19.96,0,0
1631097100,19.96,19.96,19.96,19.96,19.96,0,0
1631097105,19.96,19.96,19.96,19.96,19.96,0,0
1631097110,19.96,19.96,19.96,19.96,19.96,0,0
1631097115,19.96,19.96,19.96,19.96,19.96,0,0
1631097120,19.96,19.96,19.96,19.96,19.96,0,0
1631097125,19.96,19.96,19.96,19.96,19.96,0,0
1631097130,19.96,19.96,19.96,19.96,19.96,0,0
1631097135,19.96,19.96,19.96,19.96,19.96,0,0
1631097140,19.96,19.96,19.96,19.96,19.96,0,0
1631097145,19.96,19.96,19.96,19.96,19.96,0,0
1631097150,19.96,19.96,19.96,19.96,19.96,0,0
1631097155,19.96,19.96,19.96,19.96,19.96,0,0
1631097160,19.96,19.96,19.96,19.96,19.96,0,0
1631097165,19.96,19.96,19.96,19.96,19.96,0,0
1631097170,19.96,19.96,19.96,19.96,19.96,0,0
1631097175,19.96,19.96,19.96,19.96,19.96,0,0
1631097180,19.96,19.96,19.96,19.96,19.96,0,0
1631097185,19.96,19.96,19.96,19.96,19.96,0,0
1631097190,19.96,19.96,19.96,19.96,19.96,0,0
1631097195,19.96,19.96,19.96,19.96,19.96,0,0
1631097200,19.96,19.96,19.96,19.96,19.96,0,0
1631097205,19.96,19.96,19.96,19.96,19.96,0,0
1631097210,19.96,19.96,19.96,19.96,19.96,0,0
1631097215,19.96,19.96,19.96,19.96,19.96,0,0
1631097220,19.96,19.96,19.96,19.96,19.96,0,0
1631097225,19.96,19.96,19.96,19.96,19.96,0,0
1631097230,19.96,19.96,19.96,19.96,19.96,0,0
1631097235,19.96,19.96,19.96,19.96,19.96,0,0
1631097240,19.96,19.96,19.96,19.96,19.96,0,0
1631097245,19.96,19.96,19.96,19.96,19.96,0,0
1631097250,19.96,19.96,19.96,19.96,19.96,0,0
1631097255,19.96,19.96,19.96,19.96,19.96,0,0
1631097260,19.96,19.96,19.96,19.96,19.96,0,0
1631097265,19.96,19.96,19.96,19.96,19.96,0,0
1631097270,19.96,19.96,19.96,19.96,19.96,0,0
1631097275,19.96,19.96,19.96,19.96,19.96,0,0
1631097280,19.96,19.96,19.96,19.96,19.96,2,1
1631097285,19.96,19.96,19.96,19.96,19.96,0,0
1631097290,19.96,19.96,19.96,19.96,19.96,0,0
1631097295,19.96,19.96,19.96,19.96,19.96,0,0
1631097300,19.96,19.96,19.96,19.96,19.96,0,0
1631097305,19.96,19.96,19.96,19.96,19.96,0,0
1631097310,19.96,19.96,19.96,19.96,19.96,0,0
1631097315,19.96,19.96,19.96,19.96,19.96,0,0
1631097320,19.96,19.96,19.96,19.96,19.96,0,0
1631097325,19.96,19.96,19.96,19.96,19.96,0,0
1631097330,19.92,19.92,19.92,19.92,19.92,2,2
1631097335,19.92,19.92,19.92,19.92,19.92,0,0
1631097340,19.9,19.9,19.9,19.9,19.9,11,2
1631097345,19.9,19.9,19.9,19.9,19.9,0,0
1631097350,19.9,19.9,19.9,19.9,19.9,0,0
1631097355,19.9,19.9,19.9,19.9,19.9,0,0
1631097360,19.77,19.77,19.77,19.77,19.77,1,1
1631097365,19.77,19.77,19.77,19.77,19.77,0,0
1631097370,19.77,19.77,19.77,19.77,19.77,0,0
1631097375,19.77,19.77,19.77,19.77,19.77,0,0
1631097380,19.77,19.77,19.77,19.77,19.77,0,0
1631097385,19.77,19.77,19.77,19.77,19.77,0,0
1631097390,19.77,19.77,19.77,19.77,19.77,0,0
1631097395,19.77,19.77,19.77,19.77,19.77,0,0
1631097400,19.77,19.77,19.77,19.77,19.77,0,0
1631097405,19.77,19.77,19.77,19.77,19.77,0,0
1631097410,19.77,19.77,19.77,19.77,19.77,0,0
1631097415,19.77,19.77,19.77,19.77,19.77,0,0
1631097420,19.77,19.77,19.77,19.77,19.77,0,0
1631097425,19.77,19.77,19.77,19.77,19.77,0,0
1631097430,19.77,19.77,19.77,19.77,19.77,0,0
1631097435,19.77,19.77,19.77,19.77,19.77,0,0
1631097440,19.77,19.77,19.77,19.77,19.77,0,0
1631097445,19.77,19.77,19.77,19.77,19.77,0,0
1631097450,19.77,19.77,19.77,19.77,19.77,0,0
1631097455,19.77,19.77,19.77,19.77,19.77,0,0
1631097460,19.77,19.77,19.77,19.77,19.77,0,0
1631097465,19.77,19.77,19.77,19.77,19.77,0,0
1631097470,19.77,19.77,19.77,19.77,19.77,0,0
1631097475,19.77,19.77,19.77,19.77,19.77,0,0
1631097480,19.77,19.77,19.77,19.77,19.77,0,0
1631097485,19.77,19.77,19.77,19.77,19.77,0,0
1631097490,19.77,19.77,19.77,19.77,19.77,0,0
1631097495,19.77,19.77,19.77,19.77,19.77,0,0
1631097500,19.77,19.77,19.77,19.77,19.77,0,0
1631097505,19.77,19.77,19.77,19.77,19.77,0,0
1631097510,19.77,19.77,19.77,19.77,19.77,0,0
1631097515,19.77,19.77,19.77,19.77,19.77,0,0
1631097520,19.77,19.77,19.77,19.77,19.77,0,0
1631097525,19.77,19.77,19.77,19.77,19.77,0,0
1631097530,19.77,19.77,19.77,19.77,19.77,0,0
1631097535,19.77,19.77,19.77,19.77,19.77,0,0
1631097540,19.77,19.77,19.77,19.77,19.77,0,0
1631097545,19.77,19.77,19.77,19.77,19.77,0,0
1631097550,19.77,19.77,19.77,19.77,19.77,0,0
1631097555,19.77,19.77,19.77,19.77,19.77,0,0
1631097560,19.78,19.78,19.78,19.78,19.78,3,2
1631097565,19.78,19.78,19.78,19.78,19.78,0,0
1631097570,19.78,19.78,19.78,19.78,19.78,0,0
1631097575,19.78,19.78,19.78,19.78,19.78,0,0
1631097580,19.78,19.78,19.78,19.78,19.78,0,0
1631097585,19.79,19.79,19.79,19.79,19.79,1,1
1631097590,19.79,19.79,19.79,19.79,19.79,0,0
1631097595,19.79,19.79,19.79,19.79,19.79,0,0
1631097600,19.79,19.79,19.79,19.79,19.79,0,0
1631097605,19.79,19.79,19.79,19.79,19.79,0,0
1631097610,19.79,19.79,19.79,19.79,19.79,0,0
1631097615,19.79,19.79,19.79,19.79,19.79,0,0
1631097620,19.79,19.79,19.79,19.79,19.79,0,0
1631097625,19.79,19.79,19.79,19.79,19.79,0,0
1631097630,19.79,19.79,19.79,19.79,19.79,0,0
1631097635,19.79,19.79,19.79,19.79,19.79,0,0
1631097640,19.79,19.79,19.79,19.79,19.79,0,0
1631097645,19.79,19.79,19.79,19.79,19.79,0,0
1631097650,19.79,19.79,19.79,19.79,19.79,0,0
1631097655,19.79,19.79,19.79,19.79,19.79,0,0
1631097660,19.79,19.79,19.79,19.79,19.79,0,0
1631097665,19.79,19.79,19.79,19.79,19.79,0,0
1631097670,19.79,19.79,19.79,19.79,19.79,0,0
1631097675,19.79,19.79,19.79,19.79,19.79,0,0
1631097680,19.79,19.79,19.79,19.79,19.79,0,0
1631097685,19.79,19.79,19.79,19.79,19.79,0,0
1631097690,19.79,19.79,19.79,19.79,19.79,0,0
1631097695,19.79,19.79,19.79,19.79,19.79,0,0
1631097700,19.79,19.79,19.79,19.79,19.79,0,0
1631097705,19.79,19.79,19.79,19.79,19.79,0,0
1631097710,19.79,19.79,19.79,19.79,19.79,0,0
1631097715,19.79,19.79,19.79,19.79,19.79,0,0
1631097720,19.79,19.79,19.79,19.79,19.79,0,0
1631097725,19.79,19.79,19.79,19.79,19.79,0,0
1631097730,19.79,19.79,19.79,19.79,19.79,0,0
1631097735,19.79,19.79,19.79,19.79,19.79,0,0
1631097740,19.79,19.79,19.79,19.79,19.79,0,0
1631097745,19.79,19.79,19.79,19.79,19.79,0,0
1631097750,19.79,19.79,19.79,19.79,19.79,0,0
1631097755,19.79,19.79,19.79,19.79,19.79,0,0
1631097760,19.79,19.79,19.79,19.79,19.79,0,0
1631097765,19.79,19.79,19.79,19.79,19.79,0,0
1631097770,19.81,19.81,19.81,19.81,19.81,3,1
1631097775,19.81,19.81,19.81,19.81,19.81,0,0
1631097780,19.81,19.81,19.81,19.81,19.81,0,0
1631097785,19.81,19.81,19.81,19.81,19.81,0,0
1631097790,19.81,19.81,19.81,19.81,19.81,0,0
1631097795,19.81,19.81,19.81,19.81,19.81,6,1
1631097800,19.81,19.81,19.81,19.81,19.81,0,0
1631097805,19.81,19.81,19.81,19.81,19.81,0,0
1631097810,19.81,19.81,19.81,19.81,19.81,0,0
1631097815,19.81,19.81,19.81,19.81,19.81,0,0
1631097820,19.81,19.81,19.81,19.81,19.81,0,0
1631097825,19.81,19.81,19.81,19.81,19.81,0,0
1631097830,19.81,19.81,19.81,19.81,19.81,0,0
1631097835,19.81,19.81,19.81,19.81,19.81,0,0
1631097840,19.81,19.81,19.81,19.81,19.81,0,0
1631097845,19.81,19.81,19.81,19.81,19.81,0,0
1631097850,19.81,19.81,19.81,19.81,19.81,0,0
1631097855,19.81,19.81,19.81,19.81,19.81,0,0
1631097860,19.81,19.81,19.81,19.81,19.81,0,0
1631097865,19.81,19.81,19.81,19.81,19.81,0,0
1631097870,19.81,19.81,19.81,19.81,19.81,0,0
1631097875,19.81,19.81,19.81,19.81,19.81,0,0
1631097880,19.81,19.81,19.81,19.81,19.81,0,0
1631097885,19.81,19.81,19.81,19.81,19.81,0,0
1631097890,19.81,19.81,19.81,19.81,19.81,0,0
1631097895,19.81,19.81,19.81,19.81,19.81,0,0
1631097900,19.81,19.81,19.81,19.81,19.81,0,0
1631097905,19.81,19.81,19.81,19.81,19.81,0,0
1631097910,19.81,19.81,19.81,19.81,19.81,0,0
1631097915,19.81,19.81,19.81,19.81,19.81,0,0
1631097920,19.81,19.81,19.81,19.81,19.81,0,0
1631097925,19.81,19.81,19.81,19.81,19.81,0,0
1631097930,19.81,19.81,19.81,19.81,19.81,0,0
1631097935,19.81,19.81,19.81,19.81,19.81,0,0
1631097940,19.81,19.81,19.81,19.81,19.81,0,0
1631097945,19.81,19.81,19.81,19.81,19.81,0,0
1631097950,19.81,19.81,19.81,19.81,19.81,0,0
1631097955,19.81,19.81,19.81,19.81,19.81,0,0
1631097960,19.81,19.81,19.81,19.81,19.81,0,0
1631097965,19.81,19.81,19.81,19.81,19.81,0,0
1631097970,19.81,19.81,19.81,19.81,19.81,0,0
1631097975,19.81,19.81,19.81,19.81,19.81,0,0
1631097980,19.81,19.81,19.81,19.81,19.81,0,0
1631097985,19.81,19.81,19.81,19.81,19.81,0,0
1631097990,19.81,19.81,19.81,19.81,19.81,0,0
1631097995,19.81,19.81,19.81,19.81,19.81,0,0
1631098000,19.81,19.81,19.81,19.81,19.81,0,0
1631098005,19.81,19.81,19.81,19.81,19.81,0,0
1631098010,19.84,19.84,19.84,19.84,19.84,1,1
1631098015,19.84,19.84,19.84,19.84,19.84,0,0
1631098020,19.84,19.84,19.84,19.84,19.84,0,0
1631098025,19.84,19.84,19.84,19.84,19.84,1,1
1631098030,19.84,19.84,19.84,19.84,19.84,0,0
1631098035,19.84,19.84,19.84,19.84,19.84,0,0
1631098040,19.84,19.84,19.84,19.84,19.84,0,0
1631098045,19.84,19.84,19.84,19.84,19.84,0,0
1631098050,19.84,19.84,19.84,19.84,19.84,0,0
1631098055,19.84,19.84,19.84,19.84,19.84,0,0
1631098060,19.84,19.84,19.84,19.84,19.84,0,0
1631098065,19.84,19.84,19.84,19.84,19.84,0,0
1631098070,19.84,19.84,19.84,19.84,19.84,0,0
1631098075,19.84,19.84,19.84,19.84,19.84,0,0
1631098080,19.84,19.84,19.84,19.84,19.84,0,0
1631098085,19.84,19.84,19.84,19.84,19.84,0,0
1631098090,19.84,19.84,19.84,19.84,19.84,0,0
1631098095,19.84,19.84,19.84,19.84,19.84,0,0
1631098100,19.84,19.84,19.84,19.84,19.84,0,0
1631098105,19.84,19.84,19.84,19.84,19.84,0,0
1631098110,19.84,19.84,19.84,19.84,19.84,0,0
1631098115,19.84,19.84,19.84,19.84,19.84,0,0
1631098120,19.84,19.84,19.84,19.84,19.84,0,0
1631098125,19.84,19.84,19.84,19.84,19.84,0,0
1631098130,19.84,19.84,19.84,19.84,19.84,0,0
1631098135,19.84,19.84,19.84,19.84,19.84,0,0
1631098140,19.84,19.84,19.84,19.84,19.84,0,0
1631098145,19.84,19.84,19.84,19.84,19.84,0,0
1631098150,19.84,19.84,19.84,19.84,19.84,0,0
1631098155,19.84,19.84,19.84,19.84,19.84,0,0
1631098160,19.84,19.84,19.84,19.84,19.84,0,0
1631098165,19.84,19.84,19.84,19.84,19.84,0,0
1631098170,19.84,19.84,19.84,19.84,19.84,0,0
1631098175,19.84,19.84,19.84,19.84,19.84,0,0
1631098180,19.84,19.84,19.84,19.84,19.84,0,0
1631098185,19.84,19.84,19.84,19.84,19.84,0,0
1631098190,19.84,19.84,19.84,19.84,19.84,0,0
1631098195,19.84,19.84,19.84,19.84,19.84,0,0
1631098200,19.84,19.84,19.84,19.84,19.84,0,0
1631098205,19.84,19.84,19.84,19.84,19.84,0,0
1631098210,19.84,19.84,19.84,19.84,19.84,0,0
1631098215,19.84,19.84,19.84,19.84,19.84,0,0
1631098220,19.84,19.84,19.84,19.84,19.84,0,0
1631098225,19.84,19.84,19.84,19.84,19.84,0,0
1631098230,19.84,19.84,19.84,19.84,19.84,0,0
1631098235,19.84,19.84,19.84,19.84,19.84,0,0
1631098240,19.84,19.84,19.84,19.84,19.84,0,0
1631098245,19.84,19.84,19.84,19.84,19.84,0,0
1631098250,19.84,19.84,19.84,19.84,19.84,0,0
1631098255,19.84,19.84,19.84,19.84,19.84,0,0
1631098260,19.84,19.84,19.84,19.84,19.84,0,0
1631098265,19.84,19.84,19.84,19.84,19.84,0,0
1631098270,19.84,19.84,19.84,19.84,19.84,0,0
1631098275,19.84,19.84,19.84,19.84,19.84,0,0
1631098280,19.84,19.84,19.84,19.84,19.84,0,0
1631098285,19.84,19.84,19.84,19.84,19.84,0,0
1631098290,19.84,19.84,19.84,19.84,19.84,0,0
1631098295,19.84,19.84,19.84,19.84,19.84,0,0
1631098300,19.84,19.84,19.84,19.84,19.84,0,0
1631098305,19.84,19.84,19.84,19.84,19.84,0,0
1631098310,19.84,19.84,19.84,19.84,19.84,0,0
1631098315,19.84,19.84,19.84,19.84,19.84,0,0
1631098320,19.84,19.84,19.84,19.84,19.84,0,0
1631098325,19.84,19.84,19.84,19.84,19.84,0,0
1631098330,19.84,19.84,19.84,19.84,19.84,0,0
1631098335,19.84,19.84,19.84,19.84,19.84,0,0
1631098340,19.84,19.84,19.84,19.84,19.84,0,0
1631098345,19.84,19.84,19.84,19.84,19.84,0,0
1631098350,19.84,19.84,19.84,19.84,19.84,0,0
1631098355,19.84,19.84,19.84,19.84,19.84,0,0
1631098360,19.84,19.84,19.84,19.84,19.84,0,0
1631098365,19.84,19.84,19.84,19.84,19.84,0,0
1631098370,19.84,19.84,19.84,19.84,19.84,0,0
1631098375,19.84,19.84,19.84,19.84,19.84,0,0
1631098380,19.84,19.84,19.84,19.84,19.84,0,0
1631098385,19.84,19.84,19.84,19.84,19.84,0,0
1631098390,19.84,19.84,19.84,19.84,19.84,0,0
1631098395,19.84,19.84,19.84,19.84,19.84,0,0
1631098400,19.84,19.84,19.84,19.84,19.84,0,0
1631098405,19.84,19.84,19.84,19.84,19.84,0,0
1631098410,19.84,19.84,19.84,19.84,19.84,0,0
1631098415,19.84,19.84,19.84,19.84,19.84,0,0
1631098420,19.84,19.84,19.84,19.84,19.84,0,0
1631098425,19.84,19.84,19.84,19.84,19.84,0,0
1631098430,19.84,19.84,19.84,19.84,19.84,0,0
1631098435,19.84,19.84,19.84,19.84,19.84,0,0
1631098440,19.84,19.84,19.84,19.84,19.84,0,0
1631098445,19.84,19.84,19.84,19.84,19.84,0,0
1631098450,19.84,19.84,19.84,19.84,19.84,0,0
1631098455,19.84,19.84,19.84,19.84,19.84,0,0
1631098460,19.84,19.84,19.84,19.84,19.84,0,0
1631098465,19.84,19.84,19.84,19.84,19.84,0,0
1631098470,19.84,19.84,19.84,19.84,19.84,0,0
1631098475,19.84,19.84,19.84,19.84,19.84,0,0
1631098480,19.84,19.84,19.84,19.84,19.84,0,0
1631098485,19.84,19.84,19.84,19.84,19.84,0,0
1631098490,19.84,19.84,19.84,19.84,19.84,0,0
1631098495,19.84,19.84,19.84,19.84,19.84,0,0
1631098500,19.84,19.84,19.84,19.84,19.84,0,0
1631098505,19.84,19.84,19.84,19.84,19.84,0,0
1631098510,19.84,19.84,19.84,19.84,19.84,0,0
1631098515,19.84,19.84,19.84,19.84,19.84,0,0
1631098520,19.84,19.84,19.84,19.84,19.84,0,0
1631098525,19.84,19.84,19.84,19.84,19.84,0,0
1631098530,19.84,19.84,19.84,19.84,19.84,0,0
1631098535,19.84,19.84,19.84,19.84,19.84,0,0
1631098540,19.84,19.84,19.84,19.84,19.84,0,0
1631098545,19.84,19.84,19.84,19.84,19.84,0,0
1631098550,19.84,19.84,19.84,19.84,19.84,0,0
1631098555,19.84,19.84,19.84,19.84,19.84,0,0
1631098560,19.84,19.84,19.84,19.84,19.84,0,0
1631098565,19.84,19.84,19.84,19.84,19.84,0,0
1631098570,19.84,19.84,19.84,19.84,19.84,0,0
1631098575,19.84,19.84,19.84,19.84,19.84,0,0
1631098580,19.84,19.84,19.84,19.84,19.84,0,0
1631098585,19.84,19.84,19.84,19.84,19.84,0,0
1631098590,19.84,19.84,19.84,19.84,19.84,0,0
1631098595,19.84,19.84,19.84,19.84,19.84,0,0
1631098600,19.84,19.84,19.84,19.84,19.84,0,0
1631098605,19.84,19.84,19.84,19.84,19.84,0,0
1631098610,19.84,19.84,19.84,19.84,19.84,0,0
1631098615,19.84,19.84,19.84,19.84,19.84,0,0
1631098620,19.84,19.84,19.84,19.84,19.84,0,0
1631098625,19.84,19.84,19.84,19.84,19.84,0,0
1631098630,19.84,19.84,19.84,19.84,19.84,0,0
1631098635,19.84,19.84,19.84,19.84,19.84,0,0
1631098640,19.84,19.84,19.84,19.84,19.84,0,0
1631098645,19.84,19.84,19.84,19.84,19.84,0,0
1631098650,19.84,19.84,19.84,19.84,19.84,0,0
1631098655,19.84,19.84,19.84,19.84,19.84,0,0
1631098660,19.84,19.84,19.84,19.84,19.84,0,0
1631098665,19.84,19.84,19.84,19.84,19.84,0,0
1631098670,19.84,19.84,19.84,19.84,19.84,0,0
1631098675,19.84,19.84,19.84,19.84,19.84,0,0
1631098680,19.84,19.84,19.84,19.84,19.84,0,0
1631098685,19.84,19.84,19.84,19.84,19.84,0,0
1631098690,19.84,19.84,19.84,19.84,19.84,0,0
1631098695,19.84,19.84,19.84,19.84,19.84,0,0
1631098700,19.84,19.84,19.84,19.84,19.84,0,0
1631098705,19.84,19.84,19.84,19.84,19.84,0,0
1631098710,19.84,19.84,19.84,19.84,19.84,0,0
1631098715,19.84,19.84,19.84,19.84,19.84,0,0
1631098720,19.84,19.84,19.84,19.84,19.84,0,0
1631098725,19.84,19.84,19.84,19.84,19.84,0,0
1631098730,19.84,19.84,19.84,19.84,19.84,0,0
1631098735,19.84,19.84,19.84,19.84,19.84,0,0
1631098740,19.84,19.84,19.84,19.84,19.84,0,0
1631098745,19.84,19.84,19.84,19.84,19.84,0,0
1631098750,19.84,19.84,19.84,19.84,19.84,0,0
1631098755,19.84,19.84,19.84,19.84,19.84,0,0
1631098760,19.84,19.84,19.84,19.84,19.84,0,0
1631098765,19.84,19.84,19.84,19.84,19.84,0,0
1631098770,19.83,19.83,19.83,19.83,19.83,1,1
1631098775,19.83,19.83,19.83,19.83,19.83,0,0
1631098780,19.83,19.83,19.83,19.83,19.83,0,0
1631098785,19.83,19.83,19.83,19.83,19.83,0,0
1631098790,19.83,19.83,19.83,19.83,19.83,0,0
1631098795,19.83,19.83,19.83,19.83,19.83,0,0
1631098800,19.85,19.85,19.84,19.84,19.8465,5,2
1631098805,19.84,19.84,19.84,19.84,19.84,0,0
1631098810,19.84,19.84,19.84,19.84,19.84,0,0
1631098815,19.84,19.84,19.84,19.84,19.84,1,1
1631098820,19.84,19.84,19.84,19.84,19.84,0,0
1631098825,19.84,19.84,19.84,19.84,19.84,0,0
1631098830,19.84,19.84,19.84,19.84,19.84,0,0
1631098835,19.84,19.84,19.84,19.84,19.84,0,0
1631098840,19.84,19.84,19.84,19.84,19.84,0,0
1631098845,19.84,19.85,19.84,19.85,19.84676,3,3
1631098850,19.85,19.85,19.85,19.85,19.85,0,0
1631098855,19.85,19.85,19.85,19.85,19.85,0,0
1631098860,19.85,19.85,19.85,19.85,19.85,0,0
1631098865,19.85,19.85,19.85,19.85,19.85,0,0
1631098870,19.85,19.85,19.85,19.85,19.85,0,0
1631098875,19.85,19.85,19.85,19.85,19.85,0,0
1631098880,19.85,19.85,19.85,19.85,19.85,0,0
1631098885,19.85,19.85,19.85,19.85,19.85,0,0
1631098890,19.85,19.85,19.85,19.85,19.85,0,0
1631098895,19.85,19.85,19.85,19.85,19.85,2,1
1631098900,19.85,19.85,19.85,19.85,19.85,0,0
1631098905,19.85,19.85,19.85,19.85,19.85,0,0
1631098910,19.85,19.85,19.85,19.85,19.85,0,0
1631098915,19.85,19.85,19.85,19.85,19.85,0,0
1631098920,19.85,19.85,19.85,19.85,19.85,0,0
1631098925,19.8,19.8,19.8,19.8,19.8,2,1
1631098930,19.79,19.79,19.79,19.79,19.79,2,2
1631098935,19.79,19.79,19.79,19.79,19.79,0,0
1631098940,19.79,19.79,19.79,19.79,19.79,0,0
1631098945,19.78,19.78,19.78,19.78,19.78,2,1
1631098950,19.78,19.78,19.78,19.78,19.78,0,0
1631098955,19.78,19.78,19.78,19.78,19.78,0,0
1631098960,19.79,19.79,19.79,19.79,19.79,1,1
1631098965,19.79,19.79,19.79,19.79,19.79,0,0
1631098970,19.79,19.79,19.79,19.79,19.79,0,0
1631098975,19.76,19.76,19.76,19.76,19.76,1,1
1631098980,19.76,19.76,19.76,19.76,19.76,0,0
1631098985,19.76,19.76,19.76,19.76,19.76,0,0
1631098990,19.76,19.76,19.76,19.76,19.76,0,0
1631098995,19.76,19.76,19.76,19.76,19.76,0,0
1631099000,19.76,19.76,19.76,19.76,19.76,0,0
1631099005,19.76,19.76,19.76,19.76,19.76,0,0
1631099010,19.76,19.76,19.76,19.76,19.76,0,0
1631099015,19.76,19.76,19.76,19.76,19.76,0,0
1631099020,19.76,19.76,19.76,19.76,19.76,0,0
1631099025,19.76,19.76,19.76,19.76,19.76,0,0
1631099030,19.76,19.76,19.76,19.76,19.76,0,0
1631099035,19.76,19.76,19.76,19.76,19.76,0,0
1631099040,19.76,19.76,19.76,19.76,19.76,1,1
1631099045,19.76,19.76,19.76,19.76,19.76,0,0
1631099050,19.76,19.76,19.76,19.76,19.76,0,0
1631099055,19.76,19.76,19.76,19.76,19.76,0,0
1631099060,19.76,19.76,19.76,19.76,19.76,0,0
1631099065,19.76,19.76,19.76,19.76,19.76,0,0
1631099070,19.76,19.76,19.76,19.76,19.76,0,0
1631099075,19.76,19.76,19.76,19.76,19.76,0,0
1631099080,19.76,19.76,19.76,19.76,19.76,0,0
1631099085,19.76,19.76,19.76,19.76,19.76,0,0
1631099090,19.76,19.76,19.76,19.76,19.76,0,0
1631099095,19.76,19.76,19.75,19.75,19.75283,3,3
1631099100,19.75,19.75,19.75,19.75,19.75,0,0
1631099105,19.75,19.75,19.75,19.75,19.75,0,0
1631099110,19.75,19.75,19.75,19.75,19.75,1,1
1631099115,19.75,19.75,19.75,19.75,19.75,0,0
1631099120,19.75,19.75,19.75,19.75,19.75,0,0
1631099125,19.73,19.73,19.73,19.73,19.73,2,2
1631099130,19.73,19.73,19.73,19.73,19.73,0,0
1631099135,19.71,19.71,19.71,19.71,19.71,1,1
1631099140,19.71,19.71,19.71,19.71,19.71,0,0
1631099145,19.72,19.72,19.72,19.72,19.72,2,2
1631099150,19.71,19.71,19.71,19.71,19.71,11,2
1631099155,19.71,19.71,19.7,19.7,19.70821,6,4
1631099160,19.7,19.7,19.7,19.7,19.7,0,0
1631099165,19.7,19.7,19.7,19.7,19.7,0,0
1631099170,19.7,19.7,19.7,19.7,19.7,0,0
1631099175,19.7,19.7,19.7,19.7,19.7,1,1
1631099180,19.7,19.7,19.7,19.7,19.7,0,0
1631099185,19.71,19.71,19.71,19.71,19.71,2,2
1631099190,19.71,19.71,19.7,19.7,19.70478,2,2
1631099195,19.7,19.7,19.7,19.7,19.7,0,0
1631099200,19.7,19.7,19.7,19.7,19.7,0,0
1631099205,19.7,19.7,19.7,19.7,19.7,0,0
1631099210,19.7,19.7,19.7,19.7,19.7,0,0
1631099215,19.71,19.71,19.71,19.71,19.71,1,1
1631099220,19.71,19.71,19.71,19.71,19.71,0,0
1631099225,19.79,19.79,19.78,19.79,19.78909,10,5
1631099230,19.7,19.7,19.7,19.7,19.7,6,2
1631099235,19.64,19.64,19.64,19.64,19.64,1,1
1631099240,19.64,19.64,19.64,19.64,19.64,0,0
1631099245,19.64,19.64,19.64,19.64,19.64,0,0
1631099250,19.64,19.64,19.64,19.64,19.64,0,0
1631099255,19.64,19.64,19.64,19.64,19.64,0,0
1631099260,19.64,19.64,19.64,19.64,19.64,0,0
1631099265,19.64,19.64,19.64,19.64,19.64,0,0
1631099270,19.64,19.64,19.64,19.64,19.64,0,0
1631099275,19.64,19.64,19.64,19.64,19.64,0,0
1631099280,19.79,19.79,19.79,19.79,19.79,4,1
1631099285,19.79,19.79,19.79,19.79,19.79,0,0
1631099290,19.79,19.79,19.79,19.79,19.79,0,0
1631099295,19.79,19.79,19.79,19.79,19.79,0,0
1631099300,19.79,19.79,19.79,19.79,19.79,0,0
1631099305,19.79,19.79,19.79,19.79,19.79,0,0
1631099310,19.79,19.79,19.79,19.79,19.79,0,0
1631099315,19.79,19.79,19.79,19.79,19.79,3,1
1631099320,19.79,19.79,19.79,19.79,19.79,0,0
1631099325,19.79,19.79,19.79,19.79,19.79,0,0
1631099330,19.79,19.79,19.79,19.79,19.79,0,0
1631099335,19.79,19.79,19.79,19.79,19.79,0,0
1631099340,19.79,19.79,19.79,19.79,19.79,0,0
1631099345,19.79,19.79,19.79,19.79,19.79,0,0
1631099350,19.79,19.79,19.79,19.79,19.79,0,0
1631099355,19.79,19.79,19.79,19.79,19.79,0,0
1631099360,19.79,19.79,19.79,19.79,19.79,0,0
1631099365,19.79,19.79,19.79,19.79,19.79,0,0
1631099370,19.78,19.78,19.78,19.78,19.78,1,1
1631099375,19.81,19.81,19.81,19.81,19.81,1,1
1631099380,19.81,19.81,19.81,19.81,19.81,0,0
1631099385,19.81,19.81,19.81,19.81,19.81,0,0
1631099390,19.81,19.81,19.81,19.81,19.81,0,0
1631099395,19.81,19.81,19.81,19.81,19.81,0,0
1631099400,19.77,19.77,19.77,19.77,19.77,1,1
1631099405,19.77,19.77,19.77,19.77,19.77,0,0
1631099410,19.77,19.77,19.77,19.77,19.77,0,0
1631099415,19.8,19.8,19.8,19.8,19.8,9,4
1631099420,19.8,19.8,19.8,19.8,19.8,0,0
1631099425,19.8,19.8,19.8,19.8,19.8,0,0
1631099430,19.77,19.77,19.77,19.77,19.77,6,3
1631099435,19.77,19.77,19.77,19.77,19.77,0,0
1631099440,19.77,19.77,19.77,19.77,19.77,0,0
1631099445,19.77,19.77,19.77,19.77,19.77,0,0
1631099450,19.77,19.77,19.77,19.77,19.77,0,0
1631099455,19.77,19.77,19.77,19.77,19.77,0,0
1631099460,19.77,19.77,19.77,19.77,19.77,0,0
1631099465,19.77,19.77,19.77,19.77,19.77,0,0
1631099470,19.77,19.77,19.77,19.77,19.77,0,0
1631099475,19.77,19.77,19.77,19.77,19.77,0,0
1631099480,19.77,19.77,19.77,19.77,19.77,0,0
1631099485,19.77,19.77,19.77,19.77,19.77,0,0
1631099490,19.77,19.77,19.77,19.77,19.77,0,0
1631099495,19.77,19.77,19.77,19.77,19.77,0,0
1631099500,19.77,19.77,19.77,19.77,19.77,0,0
1631099505,19.77,19.77,19.77,19.77,19.77,0,0
1631099510,19.76,19.81,19.76,19.81,19.77642,12,4
1631099515,19.81,19.81,19.81,19.81,19.81,0,0
1631099520,19.81,19.81,19.81,19.81,19.81,0,0
1631099525,19.81,19.81,19.81,19.81,19.81,0,0
1631099530,19.75,19.75,19.75,19.75,19.75,1,1
1631099535,19.75,19.75,19.75,19.75,19.75,0,0
1631099540,19.75,19.75,19.75,19.75,19.75,0,0
1631099545,19.75,19.75,19.75,19.75,19.75,0,0
1631099550,19.7,19.7,19.7,19.7,19.7,1,1
1631099555,19.7,19.7,19.7,19.7,19.7,0,0
1631099560,19.7,19.7,19.7,19.7,19.7,0,0
1631099565,19.7,19.7,19.7,19.7,19.7,0,0
1631099570,19.7,19.7,19.7,19.7,19.7,0,0
1631099575,19.7,19.7,19.7,19.7,19.7,0,0
1631099580,19.7,19.7,19.7,19.7,19.7,0,0
1631099585,19.7,19.7,19.7,19.7,19.7,0,0
1631099590,19.79,19.79,19.79,19.79,19.79,4,1
1631099595,19.79,19.79,19.79,19.79,19.79,0,0
1631099600,19.79,19.79,19.79,19.79,19.79,0,0
1631099605,19.79,19.79,19.79,19.79,19.79,0,0
1631099610,19.79,19.79,19.79,19.79,19.79,0,0
1631099615,19.79,19.79,19.79,19.79,19.79,0,0
1631099620,19.79,19.79,19.79,19.79,19.79,0,0
1631099625,19.79,19.82,19.79,19.82,19.79847,11,5
1631099630,19.82,19.82,19.82,19.82,19.82,0,0
1631099635,19.82,19.82,19.82,19.82,19.82,0,0
1631099640,19.82,19.82,19.82,19.82,19.82,1,1
1631099645,19.84,19.84,19.84,19.84,19.84,1,1
1631099650,19.84,19.84,19.84,19.84,19.84,0,0
1631099655,19.85,19.85,19.85,19.85,19.85,6,4
1631099660,19.85,19.85,19.85,19.85,19.85,0,0
1631099665,19.85,19.85,19.85,19.85,19.85,0,0
1631099670,19.85,19.85,19.85,19.85,19.85,0,0
1631099675,19.85,19.85,19.85,19.85,19.85,0,0
1631099680,19.89,19.89,19.89,19.89,19.89,14,1
1631099685,19.89,19.89,19.89,19.89,19.89,0,0
1631099690,19.89,19.89,19.89,19.89,19.89,0,0
1631099695,19.89,19.89,19.89,19.89,19.89,0,0
1631099700,19.89,19.89,19.89,19.89,19.89,0,0
1631099705,19.89,19.89,19.89,19.89,19.89,0,0
1631099710,19.89,19.89,19.89,19.89,19.89,0,0
1631099715,19.89,19.89,19.89,19.89,19.89,0,0
1631099720,19.89,19.89,19.89,19.89,19.89,1,1
1631099725,19.89,19.89,19.89,19.89,19.89,0,0
1631099730,19.89,19.89,19.89,19.89,19.89,0,0
1631099735,19.89,19.89,19.89,19.89,19.89,0,0
1631099740,19.89,19.89,19.89,19.89,19.89,0,0
1631099745,19.89,19.89,19.89,19.89,19.89,0,0
1631099750,19.85,19.85,19.85,19.85,19.85,1,1
1631099755,19.85,19.85,19.85,19.85,19.85,0,0
1631099760,19.85,19.85,19.85,19.85,19.85,0,0
1631099765,19.85,19.85,19.85,19.85,19.85,0,0
1631099770,19.85,19.85,19.85,19.85,19.85,0,0
1631099775,19.85,19.85,19.85,19.85,19.85,0,0
1631099780,19.85,19.85,19.85,19.85,19.85,0,0
1631099785,19.85,19.85,19.85,19.85,19.85,0,0
1631099790,19.85,19.85,19.85,19.85,19.85,0,0
1631099795,19.85,19.85,19.85,19.85,19.85,0,0
1631099800,19.85,19.85,19.85,19.85,19.85,0,0
1631099805,19.85,19.85,19.85,19.85,19.85,0,0
1631099810,19.85,19.85,19.85,19.85,19.85,1,1
1631099815,19.85,19.85,19.85,19.85,19.85,0,0
1631099820,19.84,19.84,19.84,19.84,19.84,1,1
1631099825,19.84,19.84,19.84,19.84,19.84,21,1
1631099830,19.84,19.84,19.84,19.84,19.84,0,0
1631099835,19.84,19.84,19.84,19.84,19.84,0,0
1631099840,19.82,19.82,19.82,19.82,19.82,2,1
1631099845,19.82,19.82,19.82,19.82,19.82,0,0
1631099850,19.82,19.82,19.82,19.82,19.82,1,1
1631099855,19.82,19.82,19.82,19.82,19.82,0,0
1631099860,19.82,19.82,19.82,19.82,19.82,0,0
1631099865,19.82,19.82,19.82,19.82,19.82,0,0
1631099870,19.82,19.82,19.82,19.82,19.82,0,0
1631099875,19.82,19.82,19.82,19.82,19.82,0,0
1631099880,19.82,19.82,19.82,19.82,19.82,0,0
1631099885,19.84,19.84,19.84,19.84,19.84,2,2
1631099890,19.84,19.84,19.84,19.84,19.84,0,0
1631099895,19.84,19.84,19.84,19.84,19.84,0,0
1631099900,19.84,19.84,19.83,19.83,19.83827,5,4
1631099905,19.83,19.83,19.83,19.83,19.83,0,0
1631099910,19.83,19.83,19.83,19.83,19.83,0,0
1631099915,19.83,19.83,19.83,19.83,19.83,0,0
1631099920,19.83,19.83,19.83,19.83,19.83,0,0
1631099925,19.83,19.83,19.83,19.83,19.83,0,0
1631099930,19.83,19.83,19.83,19.83,19.83,0,0
1631099935,19.83,19.83,19.83,19.83,19.83,0,0
1631099940,19.83,19.83,19.83,19.83,19.83,0,0
1631099945,19.83,19.83,19.83,19.83,19.83,0,0
1631099950,19.83,19.83,19.83,19.83,19.83,3,1
1631099955,19.83,19.83,19.83,19.83,19.83,3,1
1631099960,19.83,19.84,19.82,19.84,19.828,9,6
1631099965,19.84,19.84,19.84,19.84,19.84,0,0
1631099970,19.84,19.84,19.84,19.84,19.84,0,0
1631099975,19.84,19.84,19.84,19.84,19.84,0,0
1631099980,19.84,19.84,19.84,19.84,19.84,0,0
1631099985,19.84,19.84,19.84,19.84,19.84,0,0
1631099990,19.84,19.84,19.84,19.84,19.84,0,0
1631099995,19.84,19.85,19.84,19.85,19.84104,57,9
1631100000,19.9,19.9,19.9,19.9,19.9,7,1
1631100005,19.9,19.9,19.9,19.9,19.9,0,0
1631100010,19.91,19.91,19.91,19.91,19.91,5,1
1631100015,19.9,19.9,19.9,19.9,19.9,7,4
1631100020,19.9,19.92,19.9,19.91,19.90965,16,7
1631100025,19.91,19.92,19.91,19.92,19.91655,8,4
1631100030,19.94,19.94,19.94,19.94,19.94,1,1
1631100035,19.94,19.94,19.94,19.94,19.94,0,0
1631100040,19.94,19.94,19.94,19.94,19.94,0,0
1631100045,19.94,19.94,19.94,19.94,19.94,0,0
1631100050,19.94,19.95,19.94,19.95,19.94237,8,2
1631100055,19.95,19.95,19.95,19.95,19.95,0,0
1631100060,19.96,19.96,19.96,19.96,19.96,22,4
1631100065,19.97,19.97,19.97,19.97,19.97,1,1
1631100070,19.97,19.97,19.97,19.97,19.97,0,0
1631100075,19.98,19.98,19.98,19.98,19.98,48,4
1631100080,19.99,19.99,19.99,19.99,19.99,1,1
1631100085,19.99,19.99,19.99,19.99,19.99,1,1
1631100090,19.99,19.99,19.99,19.99,19.99,0,0
1631100095,19.98,19.98,19.98,19.98,19.98,2,1
1631100100,19.98,19.98,19.98,19.98,19.98,1,1
1631100105,19.98,19.98,19.98,19.98,19.98,0,0
1631100110,19.99,19.99,19.99,19.99,19.99,10,2
1631100115,19.99,19.99,19.99,19.99,19.99,0,0
1631100120,19.99,19.99,19.99,19.99,19.99,4,2
1631100125,19.99,19.99,19.99,19.99,19.99,4,1
1631100130,19.99,19.99,19.99,19.99,19.99,0,0
1631100135,19.98,19.98,19.98,19.98,19.98,1,1
1631100140,19.98,19.98,19.98,19.98,19.98,0,0
1631100145,19.98,19.98,19.98,19.98,19.98,0,0
1631100150,19.98,19.98,19.98,19.98,19.98,0,0
1631100155,19.98,19.98,19.98,19.98,19.98,0,0
1631100160,19.98,19.98,19.98,19.98,19.98,0,0
1631100165,19.99,20.0,19.99,20.0,19.99592,24,8
1631100170,20.0,20.0,20.0,20.0,20.0,0,0
1631100175,20.0,20.0,20.0,20.0,20.0,0,0
1631100180,20.0,20.0,20.0,20.0,20.0,0,0
1631100185,20.09,20.09,20.09,20.09,20.09,6,5
1631100190,20.1,20.1,20.1,20.1,20.1,2,1
1631100195,20.1,20.1,20.1,20.1,20.1,0,0
1631100200,20.1,20.1,20.1,20.1,20.1,3,2
1631100205,20.1,20.1,20.1,20.1,20.1,0,0
1631100210,20.11,20.11,20.11,20.11,20.11,2,1
1631100215,20.1,20.1,20.1,20.1,20.1,1,1
1631100220,20.1,20.1,20.1,20.1,20.1,0,0
1631100225,20.1,20.1,20.1,20.1,20.1,0,0
1631100230,20.1,20.1,20.1,20.1,20.1,0,0
1631100235,20.1,20.1,20.1,20.1,20.1,0,0
1631100240,20.1,20.1,20.1,20.1,20.1,0,0
1631100245,20.1,20.1,20.1,20.1,20.1,0,0
1631100250,20.1,20.1,20.1,20.1,20.1,0,0
1631100255,20.1,20.1,20.1,20.1,20.1,0,0
1631100260,20.1,20.1,20.1,20.1,20.1,0,0
1631100265,20.07,20.07,20.07,20.07,20.07,4,4
1631100270,20.07,20.07,20.07,20.07,20.07,6,4
1631100275,20.07,20.07,20.07,20.07,20.07,2,2
1631100280,20.09,20.09,20.05,20.05,20.0817,4,2
1631100285,20.05,20.05,20.05,20.05,20.05,0,0
1631100290,20.04,20.04,20.04,20.04,20.04,1,1
1631100295,20.04,20.04,20.04,20.04,20.04,0,0
1631100300,20.03,20.03,20.03,20.03,20.03,2,1
1631100305,20.03,20.03,20.03,20.03,20.03,3,1
1631100310,20.02,20.03,20.01,20.02,20.02155,12,5
1631100315,20.02,20.02,20.02,20.02,20.02,0,0
1631100320,20.02,20.02,20.02,20.02,20.02,0,0
1631100325,20.03,20.03,20.03,20.03,20.03,1,1
1631100330,20.02,20.02,20.0,20.0,20.00159,41,9
1631100335,20.0,20.0,19.97,19.97,19.9825,2,2
1631100340,19.97,19.97,19.97,19.97,19.97,0,0
1631100345,19.96,19.96,19.96,19.96,19.96,2,1
1631100350,19.96,19.96,19.96,19.96,19.96,0,0
1631100355,19.96,19.96,19.96,19.96,19.96,0,0
1631100360,19.96,19.96,19.96,19.96,19.96,0,0
1631100365,19.96,19.96,19.96,19.96,19.96,0,0
1631100370,19.97,19.97,19.97,19.97,19.97,10,2
1631100375,19.97,19.97,19.97,19.97,19.97,0,0
1631100380,19.97,19.97,19.97,19.97,19.97,0,0
1631100385,19.97,19.97,19.97,19.97,19.97,0,0
1631100390,19.98,19.98,19.98,19.98,19.98,2,2
1631100395,19.98,19.99,19.98,19.99,19.98333,3,2
1631100400,19.99,19.99,19.99,19.99,19.99,0,0
1631100405,19.99,19.99,19.99,19.99,19.99,0,0
1631100410,19.99,19.99,19.99,19.99,19.99,0,0
1631100415,19.99,19.99,19.99,19.99,19.99,0,0
1631100420,19.99,19.99,19.99,19.99,19.99,0,0
1631100425,19.98,19.99,19.98,19.99,19.98558,2,2
1631100430,20.01,20.01,20.01,20.01,20.01,1,1
1631100435,20.01,20.01,20.01,20.01,20.01,0,0
1631100440,20.01,20.01,20.01,20.01,20.01,0,0
1631100445,20.0,20.0,20.0,20.0,20.0,1,1
1631100450,20.0,20.0,20.0,20.0,20.0,0,0
1631100455,20.01,20.01,20.01,20.01,20.01,1,1
1631100460,20.0,20.0,20.0,20.0,20.0,1,1
1631100465,19.99,19.99,19.99,19.99,19.99,1,1
1631100470,19.99,20.0,19.99,20.0,19.998,10,4
1631100475,20.0,20.0,20.0,20.0,20.0,0,0
1631100480,20.0,20.0,20.0,20.0,20.0,0,0
1631100485,19.99,19.99,19.99,19.99,19.99,9,2
1631100490,19.99,19.99,19.99,19.99,19.99,0,0
1631100495,20.01,20.02,20.01,20.02,20.01778,11,9
1631100500,20.02,20.02,20.02,20.02,20.02,0,0
1631100505,20.02,20.02,20.02,20.02,20.02,0,0
1631100510,20.02,20.02,20.02,20.02,20.02,5,2
1631100515,20.02,20.05,20.02,20.05,20.03813,14,6
1631100520,20.05,20.05,20.05,20.05,20.05,0,0
1631100525,20.07,20.09,20.07,20.09,20.07833,57,16
1631100530,20.09,20.09,20.09,20.09,20.09,3,2
1631100535,20.09,20.09,20.09,20.09,20.09,0,0
1631100540,20.09,20.09,20.09,20.09,20.09,0,0
1631100545,20.09,20.09,20.09,20.09,20.09,0,0
1631100550,20.09,20.09,20.09,20.09,20.09,0,0
1631100555,20.09,20.09,20.09,20.09,20.09,0,0
1631100560,20.15,20.17,20.15,20.16,20.159,20,6
1631100565,20.16,20.16,20.16,20.16,20.16,0,0
1631100570,20.16,20.16,20.16,20.16,20.16,0,0
1631100575,20.16,20.16,20.16,20.16,20.16,2,2
1631100580,20.12,20.12,20.12,20.12,20.12,1,1
1631100585,20.12,20.12,20.12,20.12,20.12,1,1
1631100590,20.12,20.12,20.12,20.12,20.12,0,0
1631100595,20.12,20.12,20.12,20.12,20.12,0,0
1631100600,20.12,20.12,20.12,20.12,20.12,0,0
1631100605,20.12,20.12,20.12,20.12,20.12,0,0
1631100610,20.12,20.12,20.12,20.12,20.12,0,0
1631100615,20.12,20.12,20.12,20.12,20.12,2,1
1631100620,20.12,20.12,20.12,20.12,20.12,0,0
1631100625,20.1,20.1,20.1,20.1,20.1,25,4
1631100630,20.1,20.1,20.1,20.1,20.1,0,0
1631100635,20.1,20.1,20.1,20.1,20.1,0,0
1631100640,20.1,20.1,20.1,20.1,20.1,0,0
1631100645,20.1,20.1,20.1,20.1,20.1,0,0
1631100650,20.1,20.1,20.1,20.1,20.1,0,0
1631100655,20.1,20.1,20.1,20.1,20.1,0,0
1631100660,20.1,20.1,20.1,20.1,20.1,0,0
1631100665,20.1,20.1,20.1,20.1,20.1,0,0
1631100670,20.07,20.07,20.07,20.07,20.07,1,1
1631100675,20.07,20.07,20.07,20.07,20.07,0,0
1631100680,20.07,20.07,20.07,20.07,20.07,0,0
1631100685,20.07,20.07,20.07,20.07,20.07,0,0
1631100690,20.07,20.07,20.07,20.07,20.07,0,0
1631100695,20.07,20.07,20.07,20.07,20.07,0,0
1631100700,20.07,20.07,20.07,20.07,20.07,0,0
1631100705,20.07,20.07,20.07,20.07,20.07,0,0
1631100710,20.07,20.07,20.07,20.07,20.07,0,0
1631100715,20.07,20.07,20.07,20.07,20.07,0,0
1631100720,20.05,20.05,20.05,20.05,20.05,1,1
1631100725,20.01,20.01,20.01,20.01,20.01,2,1
1631100730,20.04,20.05,20.04,20.05,20.0459,2,2
1631100735,20.05,20.05,20.05,20.05,20.05,0,0
1631100740,20.05,20.05,20.05,20.05,20.05,0,0
1631100745,20.05,20.05,20.05,20.05,20.05,0,0
1631100750,20.05,20.05,20.05,20.05,20.05,0,0
1631100755,20.05,20.05,20.05,20.05,20.05,0,0
1631100760,20.07,20.07,20.07,20.07,20.07,1,1
1631100765,20.07,20.07,20.05,20.05,20.05208,25,4
1631100770,20.05,20.05,20.05,20.05,20.05,0,0
1631100775,20.05,20.05,20.05,20.05,20.05,0,0
1631100780,20.05,20.05,20.05,20.05,20.05,0,0
1631100785,20.05,20.05,20.05,20.05,20.05,0,0
1631100790,20.05,20.05,20.05,20.05,20.05,0,0
1631100795,20.05,20.05,20.05,20.05,20.05,0,0
1631100800,20.05,20.05,20.05,20.05,20.05,0,0
1631100805,20.0,20.0,20.0,20.0,20.0,8,1
1631100810,20.0,20.0,20.0,20.0,20.0,2,1
1631100815,20.0,20.0,20.0,20.0,20.0,0,0
1631100820,20.0,20.0,20.0,20.0,20.0,40,5
1631100825,20.0,20.0,20.0,20.0,20.0,0,0
1631100830,19.97,19.97,19.97,19.97,19.97,44,4
1631100835,19.97,19.97,19.97,19.97,19.97,0,0
1631100840,19.97,19.97,19.97,19.97,19.97,0,0
1631100845,19.97,19.97,19.97,19.97,19.97,0,0
1631100850,19.97,19.97,19.97,19.97,19.97,0,0
1631100855,19.97,19.97,19.97,19.97,19.97,0,0
1631100860,19.97,19.97,19.97,19.97,19.97,0,0
1631100865,19.92,19.96,19.92,19.92,19.93075,5,3
1631100870,19.92,19.92,19.92,19.92,19.92,0,0
1631100875,19.92,19.92,19.92,19.92,19.92,0,0
1631100880,19.92,19.92,19.92,19.92,19.92,0,0
1631100885,19.92,19.92,19.92,19.92,19.92,0,0
1631100890,19.92,19.92,19.92,19.92,19.92,0,0
1631100895,19.92,19.92,19.92,19.92,19.92,0,0
1631100900,19.94,19.97,19.94,19.97,19.96043,24,11
1631100905,19.97,19.97,19.97,19.97,19.97,0,0
1631100910,19.97,19.97,19.97,19.97,19.97,0,0
1631100915,19.97,19.97,19.97,19.97,19.97,0,0
1631100920,19.97,19.97,19.97,19.97,19.97,0,0
1631100925,19.97,19.97,19.97,19.97,19.97,0,0
1631100930,19.97,19.97,19.97,19.97,19.97,0,0
1631100935,20.01,20.01,20.0,20.0,20.005,2,2
1631100940,20.0,20.0,20.0,20.0,20.0,0,0
1631100945,20.0,20.0,20.0,20.0,20.0,0,0
1631100950,20.0,20.0,20.0,20.0,20.0,0,0
1631100955,20.0,20.0,20.0,20.0,20.0,0,0
1631100960,20.0,20.0,20.0,20.0,20.0,0,0
1631100965,20.0,20.0,20.0,20.0,20.0,0,0
1631100970,20.0,20.0,20.0,20.0,20.0,0,0
1631100975,20.0,20.0,20.0,20.0,20.0,0,0
1631100980,20.0,20.0,20.0,20.0,20.0,0,0
1631100985,20.0,20.0,20.0,20.0,20.0,0,0
1631100990,20.0,20.0,20.0,20.0,20.0,0,0
1631100995,20.01,20.01,20.01,20.01,20.01,2,1
1631101000,20.01,20.01,20.01,20.01,20.01,0,0
1631101005,20.01,20.01,20.01,20.01,20.01,0,0
1631101010,20.01,20.01,20.01,20.01,20.01,0,0
1631101015,20.01,20.01,20.01,20.01,20.01,0,0
1631101020,20.01,20.01,20.01,20.01,20.01,0,0
1631101025,20.01,20.01,20.01,20.01,20.01,0,0
1631101030,20.01,20.01,20.01,20.01,20.01,0,0
1631101035,20.01,20.01,20.01,20.01,20.01,2,1
1631101040,20.01,20.01,20.01,20.01,20.01,0,0
1631101045,20.01,20.01,20.01,20.01,20.01,0,0
1631101050,20.01,20.01,20.01,20.01,20.01,0,0
1631101055,20.01,20.01,20.01,20.01,20.01,0,0
1631101060,20.01,20.01,20.01,20.01,20.01,0,0
1631101065,20.01,20.01,20.01,20.01,20.01,0,0
1631101070,20.01,20.01,20.01,20.01,20.01,0,0
1631101075,20.01,20.01,20.01,20.01,20.01,15,2
1631101080,20.01,20.01,20.01,20.01,20.01,0,0
1631101085,20.01,20.01,20.01,20.01,20.01,3,1
1631101090,20.01,20.01,20.01,20.01,20.01,0,0
1631101095,20.02,20.03,20.02,20.02,20.02679,6,3
1631101100,20.02,20.02,20.02,20.02,20.02,5,5
1631101105,20.02,20.02,20.02,20.02,20.02,0,0
1631101110,20.02,20.02,20.02,20.02,20.02,0,0
1631101115,20.02,20.02,20.02,20.02,20.02,0,0
1631101120,20.02,20.02,20.02,20.02,20.02,0,0
1631101125,20.02,20.02,20.02,20.02,20.02,0,0
1631101130,20.02,20.02,20.02,20.02,20.02,0,0
1631101135,20.01,20.01,20.01,20.01,20.01,5,2
1631101140,20.02,20.02,20.02,20.02,20.02,2,2
1631101145,20.02,20.02,20.02,20.02,20.02,0,0
1631101150,20.01,20.01,20.01,20.01,20.01,2,1
1631101155,20.01,20.01,20.01,20.01,20.01,0,0
1631101160,20.01,20.01,20.01,20.01,20.01,0,0
1631101165,20.01,20.01,20.01,20.01,20.01,0,0
1631101170,20.0,20.0,19.99,20.0,19.99689,16,5
1631101175,20.0,20.0,20.0,20.0,20.0,0,0
1631101180,19.99,19.99,19.99,19.99,19.99,1,1
1631101185,19.99,19.99,19.99,19.99,19.99,1,1
1631101190,19.99,19.99,19.99,19.99,19.99,0,0
1631101195,19.99,19.99,19.99,19.99,19.99,0,0
1631101200,19.99,19.99,19.99,19.99,19.99,0,0
1631101205,19.99,19.99,19.99,19.99,19.99,0,0
1631101210,19.95,19.95,19.95,19.95,19.95,1,1
1631101215,19.95,19.95,19.95,19.95,19.95,0,0
1631101220,19.95,19.95,19.95,19.95,19.95,0,0
1631101225,19.9,19.91,19.9,19.91,19.90333,3,2
1631101230,19.91,19.91,19.91,19.91,19.91,0,0
1631101235,19.89,19.89,19.89,19.89,19.89,2,1
1631101240,19.89,19.89,19.89,19.89,19.89,0,0
1631101245,19.89,19.89,19.89,19.89,19.89,0,0
1631101250,19.89,19.89,19.89,19.89,19.89,0,0
1631101255,19.89,19.89,19.89,19.89,19.89,0,0
1631101260,19.89,19.89,19.89,19.89,19.89,0,0
1631101265,19.89,19.89,19.89,19.89,19.89,0,0
1631101270,19.89,19.89,19.89,19.89,19.89,0,0
1631101275,19.89,19.89,19.89,19.89,19.89,0,0
1631101280,19.89,19.89,19.89,19.89,19.89,0,0
1631101285,19.89,19.89,19.89,19.89,19.89,0,0
1631101290,19.89,19.89,19.89,19.89,19.89,0,0
1631101295,19.89,19.89,19.89,19.89,19.89,0,0
1631101300,19.89,19.89,19.89,19.89,19.89,0,0
1631101305,19.89,19.89,19.89,19.89,19.89,0,0
1631101310,19.89,19.89,19.89,19.89,19.89,0,0
1631101315,19.89,19.89,19.89,19.89,19.89,0,0
1631101320,19.89,19.89,19.89,19.89,19.89,0,0
1631101325,19.89,19.89,19.89,19.89,19.89,0,0
1631101330,19.89,19.89,19.89,19.89,19.89,0,0
1631101335,19.89,19.89,19.89,19.89,19.89,0,0
1631101340,19.89,19.89,19.89,19.89,19.89,0,0
1631101345,19.89,19.89,19.89,19.89,19.89,0,0
1631101350,19.93,19.93,19.93,19.93,19.93,1,1
1631101355,19.91,19.91,19.91,19.91,19.91,5,2
1631101360,19.9,19.9,19.89,19.89,19.89683,7,4
1631101365,19.9,19.9,19.9,19.9,19.9,1,1
1631101370,19.9,19.9,19.9,19.9,19.9,0,0
1631101375,19.9,19.9,19.9,19.9,19.9,0,0
1631101380,19.9,19.91,19.89,19.89,19.89942,8,3
1631101385,19.89,19.89,19.89,19.89,19.89,0,0
1631101390,19.89,19.89,19.89,19.89,19.89,0,0
1631101395,19.89,19.89,19.89,19.89,19.89,0,0
1631101400,19.89,19.89,19.89,19.89,19.89,2,1
1631101405,19.89,19.89,19.89,19.89,19.89,2,1
1631101410,19.89,19.89,19.89,19.89,19.89,0,0
1631101415,19.89,19.89,19.89,19.89,19.89,0,0
1631101420,19.89,19.89,19.89,19.89,19.89,0,0
1631101425,19.89,19.89,19.89,19.89,19.89,0,0
1631101430,19.89,19.89,19.89,19.89,19.89,0,0
1631101435,19.89,19.89,19.89,19.89,19.89,0,0
1631101440,19.89,19.89,19.89,19.89,19.89,0,0
1631101445,19.89,19.89,19.89,19.89,19.89,0,0
1631101450,19.89,19.89,19.89,19.89,19.89,0,0
1631101455,19.89,19.89,19.89,19.89,19.89,0,0
1631101460,19.89,19.89,19.89,19.89,19.89,0,0
1631101465,19.89,19.89,19.89,19.89,19.89,0,0
1631101470,19.89,19.89,19.89,19.89,19.89,0,0
1631101475,19.89,19.89,19.89,19.89,19.89,0,0
1631101480,19.89,19.89,19.89,19.89,19.89,0,0
1631101485,19.89,19.89,19.89,19.89,19.89,0,0
1631101490,19.89,19.89,19.89,19.89,19.89,0,0
1631101495,19.86,19.87,19.86,19.87,19.86556,4,3
1631101500,19.87,19.87,19.87,19.87,19.87,0,0
1631101505,19.87,19.87,19.87,19.87,19.87,0,0
1631101510,19.87,19.87,19.87,19.87,19.87,0,0
1631101515,19.87,19.87,19.87,19.87,19.87,0,0
1631101520,19.87,19.87,19.87,19.87,19.87,0,0
1631101525,19.87,19.87,19.87,19.87,19.87,0,0
1631101530,19.87,19.87,19.87,19.87,19.87,0,0
1631101535,19.87,19.87,19.87,19.87,19.87,0,0
1631101540,19.87,19.87,19.87,19.87,19.87,0,0
1631101545,19.87,19.87,19.87,19.87,19.87,0,0
1631101550,19.87,19.87,19.87,19.87,19.87,0,0
1631101555,19.87,19.87,19.87,19.87,19.87,0,0
1631101560,19.87,19.87,19.87,19.87,19.87,0,0
1631101565,19.87,19.87,19.87,19.87,19.87,0,0
1631101570,19.87,19.87,19.87,19.87,19.87,0,0
1631101575,19.87,19.87,19.87,19.87,19.87,0,0
1631101580,19.87,19.87,19.87,19.87,19.87,0,0
1631101585,19.87,19.87,19.87,19.87,19.87,0,0
1631101590,19.87,19.87,19.87,19.87,19.87,0,0
1631101595,19.88,19.88,19.82,19.82,19.84069,4,3
1631101600,19.82,19.82,19.82,19.82,19.82,0,0
1631101605,19.82,19.82,19.82,19.82,19.82,0,0
1631101610,19.82,19.82,19.82,19.82,19.82,0,0
1631101615,19.82,19.82,19.82,19.82,19.82,0,0
1631101620,19.82,19.82,19.82,19.82,19.82,0,0
1631101625,19.82,19.82,19.82,19.82,19.82,0,0
1631101630,19.82,19.82,19.82,19.82,19.82,0,0
1631101635,19.82,19.82,19.82,19.82,19.82,0,0
1631101640,19.82,19.82,19.82,19.82,19.82,1,1
1631101645,19.82,19.82,19.82,19.82,19.82,0,0
1631101650,19.82,19.82,19.82,19.82,19.82,0,0
1631101655,19.82,19.82,19.82,19.82,19.82,0,0
1631101660,19.82,19.82,19.82,19.82,19.82,0,0
1631101665,19.82,19.82,19.82,19.82,19.82,0,0
1631101670,19.82,19.82,19.82,19.82,19.82,0,0
1631101675,19.82,19.82,19.82,19.82,19.82,0,0
1631101680,19.82,19.82,19.82,19.82,19.82,0,0
1631101685,19.82,19.82,19.82,19.82,19.82,0,0
1631101690,19.82,19.82,19.82,19.82,19.82,0,0
1631101695,19.82,19.82,19.82,19.82,19.82,0,0
1631101700,19.82,19.82,19.82,19.82,19.82,0,0
1631101705,19.82,19.82,19.82,19.82,19.82,0,0
1631101710,19.82,19.82,19.82,19.82,19.82,0,0
1631101715,19.82,19.82,19.82,19.82,19.82,0,0
1631101720,19.85,19.85,19.85,19.85,19.85,1,1
1631101725,19.85,19.85,19.85,19.85,19.85,0,0
1631101730,19.85,19.85,19.85,19.85,19.85,0,0
1631101735,19.82,19.82,19.82,19.82,19.82,1,1
1631101740,19.82,19.82,19.82,19.82,19.82,0,0
1631101745,19.82,19.82,19.82,19.82,19.82,0,0
1631101750,19.82,19.82,19.82,19.82,19.82,0,0
1631101755,19.82,19.82,19.82,19.82,19.82,0,0
1631101760,19.82,19.82,19.82,19.82,19.82,0,0
1631101765,19.85,19.85,19.85,19.85,19.85,4,2
1631101770,19.85,19.85,19.85,19.85,19.85,0,0
1631101775,19.85,19.85,19.85,19.85,19.85,0,0
1631101780,19.85,19.85,19.85,19.85,19.85,0,0
1631101785,19.85,19.85,19.85,19.85,19.85,0,0
1631101790,19.85,19.85,19.85,19.85,19.85,0,0
1631101795,19.85,19.85,19.85,19.85,19.85,0,0
1631101800,19.85,19.85,19.85,19.85,19.85,0,0
1631101805,19.89,19.89,19.89,19.89,19.89,1,1
1631101810,19.89,19.89,19.89,19.89,19.89,0,0
1631101815,19.89,19.89,19.89,19.89,19.89,0,0
1631101820,19.85,19.85,19.85,19.85,19.85,5,1
1631101825,19.85,19.85,19.85,19.85,19.85,0,0
1631101830,19.85,19.85,19.85,19.85,19.85,0,0
1631101835,19.85,19.85,19.85,19.85,19.85,0,0
1631101840,19.85,19.85,19.85,19.85,19.85,0,0
1631101845,19.85,19.85,19.85,19.85,19.85,0,0
1631101850,19.85,19.85,19.85,19.85,19.85,0,0
1631101855,19.85,19.85,19.85,19.85,19.85,0,0
1631101860,19.85,19.85,19.85,19.85,19.85,0,0
1631101865,19.85,19.85,19.85,19.85,19.85,0,0
1631101870,19.85,19.85,19.85,19.85,19.85,0,0
1631101875,19.85,19.85,19.85,19.85,19.85,0,0
1631101880,19.85,19.85,19.85,19.85,19.85,0,0
1631101885,19.85,19.85,19.85,19.85,19.85,0,0
1631101890,19.85,19.85,19.85,19.85,19.85,0,0
1631101895,19.85,19.85,19.85,19.85,19.85,0,0
1631101900,19.85,19.85,19.85,19.85,19.85,0,0
1631101905,19.85,19.85,19.85,19.85,19.85,0,0
1631101910,19.89,19.89,19.89,19.89,19.89,3,2
1631101915,19.9,19.9,19.9,19.9,19.9,11,4
1631101920,19.9,19.9,19.9,19.9,19.9,0,0
1631101925,19.9,19.9,19.9,19.9,19.9,0,0
1631101930,19.9,19.9,19.9,19.9,19.9,0,0
1631101935,19.9,19.9,19.9,19.9,19.9,0,0
1631101940,19.9,19.9,19.9,19.9,19.9,0,0
1631101945,19.9,19.9,19.9,19.9,19.9,0,0
1631101950,19.9,19.9,19.9,19.9,19.9,0,0
1631101955,19.9,19.9,19.9,19.9,19.9,0,0
1631101960,19.9,19.9,19.9,19.9,19.9,0,0
1631101965,19.9,19.9,19.9,19.9,19.9,0,0
1631101970,19.9,19.9,19.9,19.9,19.9,0,0
1631101975,19.9,19.9,19.9,19.9,19.9,0,0
1631101980,19.9,19.9,19.9,19.9,19.9,0,0
1631101985,19.9,19.9,19.9,19.9,19.9,0,0
1631101990,19.9,19.9,19.9,19.9,19.9,0,0
1631101995,19.9,19.91,19.9,19.91,19.905,2,2
1631102000,19.91,19.91,19.91,19.91,19.91,0,0
1631102005,19.91,19.91,19.91,19.91,19.91,0,0
1631102010,19.91,19.91,19.91,19.91,19.91,0,0
1631102015,19.91,19.91,19.91,19.91,19.91,0,0
1631102020,19.91,19.91,19.91,19.91,19.91,0,0
1631102025,19.91,19.91,19.91,19.91,19.91,0,0
1631102030,19.91,19.91,19.91,19.91,19.91,0,0
1631102035,19.91,19.91,19.91,19.91,19.91,0,0
1631102040,19.91,19.91,19.91,19.91,19.91,0,0
1631102045,19.92,19.92,19.92,19.92,19.92,3,1
1631102050,19.92,19.92,19.92,19.92,19.92,0,0
1631102055,19.92,19.92,19.92,19.92,19.92,0,0
1631102060,19.92,19.92,19.92,19.92,19.92,0,0
1631102065,19.92,19.92,19.92,19.92,19.92,0,0
1631102070,19.92,19.92,19.92,19.92,19.92,0,0
1631102075,19.92,19.92,19.92,19.92,19.92,0,0
1631102080,19.92,19.92,19.92,19.92,19.92,0,0
1631102085,19.92,19.92,19.92,19.92,19.92,0,0
1631102090,19.92,19.92,19.92,19.92,19.92,0,0
1631102095,19.92,19.92,19.92,19.92,19.92,0,0
1631102100,19.92,19.92,19.92,19.92,19.92,0,0
1631102105,19.92,19.92,19.92,19.92,19.92,0,0
1631102110,19.92,19.92,19.92,19.92,19.92,0,0
1631102115,19.92,19.92,19.92,19.92,19.92,0,0
1631102120,19.92,19.92,19.92,19.92,19.92,0,0
1631102125,19.91,19.91,19.9,19.9,19.90833,6,2
1631102130,19.9,19.9,19.9,19.9,19.9,0,0
1631102135,19.9,19.9,19.9,19.9,19.9,0,0
1631102140,19.9,19.9,19.9,19.9,19.9,0,0
1631102145,19.9,19.9,19.9,19.9,19.9,0,0
1631102150,19.9,19.9,19.9,19.9,19.9,0,0
1631102155,19.9,19.9,19.9,19.9,19.9,0,0
1631102160,19.9,19.9,19.9,19.9,19.9,0,0
1631102165,19.9,19.9,19.9,19.9,19.9,0,0
1631102170,19.9,19.9,19.9,19.9,19.9,0,0
1631102175,19.9,19.9,19.9,19.9,19.9,0,0
1631102180,19.9,19.9,19.9,19.9,19.9,0,0
1631102185,19.9,19.9,19.9,19.9,19.9,0,0
1631102190,19.9,19.9,19.9,19.9,19.9,0,0
1631102195,19.9,19.9,19.9,19.9,19.9,0,0
1631102200,19.9,19.9,19.9,19.9,19.9,0,0
1631102205,19.9,19.9,19.9,19.9,19.9,0,0
1631102210,19.9,19.9,19.9,19.9,19.9,0,0
1631102215,19.9,19.9,19.9,19.9,19.9,0,0
1631102220,19.9,19.9,19.9,19.9,19.9,0,0
1631102225,19.9,19.9,19.9,19.9,19.9,0,0
1631102230,19.87,19.9,19.87,19.9,19.88083,12,3
1631102235,19.91,19.91,19.91,19.91,19.91,3,1
1631102240,19.91,19.91,19.91,19.91,19.91,0,0
1631102245,19.91,19.91,19.91,19.91,19.91,0,0
1631102250,19.91,19.91,19.91,19.91,19.91,0,0
1631102255,19.91,19.91,19.91,19.91,19.91,0,0
1631102260,19.91,19.91,19.91,19.91,19.91,0,0
1631102265,19.91,19.91,19.91,19.91,19.91,0,0
1631102270,19.91,19.91,19.91,19.91,19.91,0,0
1631102275,19.91,19.91,19.91,19.91,19.91,0,0
1631102280,19.91,19.91,19.91,19.91,19.91,0,0
1631102285,19.91,19.91,19.91,19.91,19.91,0,0
1631102290,19.91,19.91,19.91,19.91,19.91,0,0
1631102295,19.91,19.91,19.91,19.91,19.91,0,0
1631102300,19.91,19.91,19.91,19.91,19.91,0,0
1631102305,19.91,19.91,19.91,19.91,19.91,0,0
1631102310,19.91,19.91,19.91,19.91,19.91,0,0
1631102315,19.91,19.91,19.91,19.91,19.91,0,0
1631102320,19.91,19.91,19.91,19.91,19.91,0,0
1631102325,19.91,19.91,19.91,19.91,19.91,0,0
1631102330,19.91,19.91,19.91,19.91,19.91,0,0
1631102335,19.91,19.91,19.91,19.91,19.91,0,0
1631102340,19.91,19.91,19.91,19.91,19.91,0,0
1631102345,19.91,19.91,19.91,19.91,19.91,0,0
1631102350,19.91,19.91,19.91,19.91,19.91,0,0
1631102355,19.91,19.91,19.91,19.91,19.91,0,0
1631102360,19.91,19.91,19.91,19.91,19.91,0,0
1631102365,19.91,19.91,19.91,19.91,19.91,0,0
1631102370,19.91,19.91,19.91,19.91,19.91,0,0
1631102375,19.91,19.91,19.91,19.91,19.91,0,0
1631102380,19.91,19.91,19.91,19.91,19.91,0,0
1631102385,19.91,19.91,19.91,19.91,19.91,0,0
1631102390,19.91,19.91,19.91,19.91,19.91,0,0
1631102395,19.91,19.91,19.91,19.91,19.91,0,0
1631102400,19.86,20.15,19.705,19.8,19.91624,363,82
1631102405,19.8,19.8,19.8,19.8,19.8,0,0
1631102410,19.8,19.8,19.8,19.8,19.8,0,0
1631102415,19.8,19.8,19.8,19.8,19.8,0,0
1631102420,19.93,19.93,19.93,19.93,19.93,1,1
1631102425,19.93,19.93,19.93,19.93,19.93,0,0
1631102430,19.93,19.93,19.93,19.93,19.93,0,0
1631102435,19.93,19.93,19.93,19.93,19.93,0,0
1631102440,19.93,19.93,19.93,19.93,19.93,0,0
1631102445,19.93,19.93,19.93,19.93,19.93,0,0
1631102450,19.93,19.93,19.93,19.93,19.93,0,0
1631102455,19.93,19.93,19.93,19.93,19.93,0,0
1631102460,19.93,19.93,19.93,19.93,19.93,0,0
1631102465,19.93,19.93,19.93,19.93,19.93,0,0
1631102470,19.93,19.93,19.93,19.93,19.93,0,0
1631102475,19.93,19.93,19.93,19.93,19.93,0,0
1631102480,19.93,19.93,19.93,19.93,19.93,0,0
1631102485,19.93,19.93,19.93,19.93,19.93,0,0
1631102490,19.93,19.93,19.93,19.93,19.93,0,0
1631102495,19.93,19.93,19.93,19.93,19.93,0,0
1631102500,19.93,19.93,19.93,19.93,19.93,0,0
1631102505,19.93,19.93,19.93,19.93,19.93,0,0
1631102510,19.93,19.93,19.93,19.93,19.93,0,0
1631102515,19.93,19.93,19.93,19.93,19.93,0,0
1631102520,19.9,19.9,19.9,19.9,19.9,1,1
1631102525,19.9,19.9,19.9,19.9,19.9,0,0
1631102530,19.9,19.9,19.9,19.9,19.9,0,0
1631102535,19.9,19.9,19.9,19.9,19.9,0,0
1631102540,19.9,19.9,19.9,19.9,19.9,0,0
1631102545,19.9,19.9,19.9,19.9,19.9,0,0
1631102550,19.9,19.9,19.9,19.9,19.9,0,0
1631102555,19.9,19.9,19.9,19.9,19.9,0,0
1631102560,19.9,19.9,19.9,19.9,19.9,0,0
1631102565,19.9,19.9,19.9,19.9,19.9,0,0
1631102570,19.88,19.88,19.88,19.88,19.88,1,1
1631102575,19.88,19.88,19.88,19.88,19.88,0,0
1631102580,19.88,19.88,19.88,19.88,19.88,0,0
1631102585,19.88,19.88,19.88,19.88,19.88,0,0
1631102590,19.88,19.88,19.88,19.88,19.88,4,1
1631102595,19.88,19.88,19.88,19.88,19.88,0,0
1631102600,19.88,19.88,19.88,19.88,19.88,0,0
1631102605,19.88,19.88,19.88,19.88,19.88,0,0
1631102610,19.88,19.88,19.88,19.88,19.88,0,0
1631102615,19.88,19.88,19.88,19.88,19.88,0,0
1631102620,19.88,19.88,19.88,19.88,19.88,0,0
1631102625,19.88,19.88,19.88,19.88,19.88,0,0
1631102630,19.88,19.88,19.88,19.88,19.88,0,0
1631102635,19.89,19.9,19.89,19.9,19.89726,3,2
1631102640,19.9,19.9,19.9,19.9,19.9,2,1
1631102645,19.9,19.9,19.9,19.9,19.9,0,0
1631102650,19.9,19.9,19.9,19.9,19.9,0,0
1631102655,19.9,19.9,19.9,19.9,19.9,0,0
1631102660,19.9,19.9,19.9,19.9,19.9,0,0
1631102665,19.9,19.9,19.9,19.9,19.9,0,0
1631102670,19.9,19.9,19.9,19.9,19.9,0,0
1631102675,19.9,19.9,19.9,19.9,19.9,0,0
1631102680,19.9,19.9,19.9,19.9,19.9,0,0
1631102685,19.9,19.9,19.9,19.9,19.9,0,0
1631102690,19.9,19.9,19.9,19.9,19.9,0,0
1631102695,19.9,19.9,19.9,19.9,19.9,0,0
1631102700,19.87,19.87,19.87,19.87,19.87,8,1
1631102705,19.87,19.87,19.87,19.87,19.87,0,0
1631102710,19.85,19.85,19.85,19.85,19.85,6,2
1631102715,19.85,19.85,19.85,19.85,19.85,0,0
1631102720,19.85,19.85,19.85,19.85,19.85,0,0
1631102725,19.85,19.85,19.85,19.85,19.85,0,0
1631102730,19.85,19.85,19.85,19.85,19.85,0,0
1631102735,19.85,19.85,19.85,19.85,19.85,0,0
1631102740,19.85,19.85,19.85,19.85,19.85,0,0
1631102745,19.85,19.85,19.85,19.85,19.85,0,0
1631102750,19.85,19.85,19.85,19.85,19.85,0,0
1631102755,19.85,19.85,19.85,19.85,19.85,0,0
1631102760,19.85,19.85,19.85,19.85,19.85,0,0
1631102765,19.85,19.85,19.85,19.85,19.85,0,0
1631102770,19.85,19.85,19.85,19.85,19.85,0,0
1631102775,19.85,19.85,19.85,19.85,19.85,0,0
1631102780,19.85,19.85,19.85,19.85,19.85,0,0
1631102785,19.85,19.85,19.85,19.85,19.85,0,0
1631102790,19.85,19.85,19.85,19.85,19.85,2,1
1631102795,19.85,19.85,19.85,19.85,19.85,0,0
1631102800,19.85,19.85,19.85,19.85,19.85,3,2
1631102805,19.85,19.85,19.85,19.85,19.85,0,0
1631102810,19.86,19.86,19.86,19.86,19.86,4,2
1631102815,19.86,19.86,19.86,19.86,19.86,0,0
1631102820,19.86,19.86,19.86,19.86,19.86,0,0
1631102825,19.86,19.86,19.86,19.86,19.86,0,0
1631102830,19.86,19.86,19.86,19.86,19.86,0,0
1631102835,19.86,19.86,19.86,19.86,19.86,0,0
1631102840,19.86,19.86,19.86,19.86,19.86,0,0
1631102845,19.86,19.86,19.86,19.86,19.86,0,0
1631102850,19.86,19.86,19.86,19.86,19.86,0,0
1631102855,19.87,19.87,19.87,19.87,19.87,5,1
1631102860,19.87,19.87,19.87,19.87,19.87,0,0
1631102865,19.87,19.87,19.87,19.87,19.87,0,0
1631102870,19.87,19.87,19.87,19.87,19.87,0,0
1631102875,19.87,19.87,19.87,19.87,19.87,3,1
1631102880,19.87,19.87,19.87,19.87,19.87,0,0
1631102885,19.87,19.87,19.87,19.87,19.87,0,0
1631102890,19.87,19.87,19.87,19.87,19.87,0,0
1631102895,19.87,19.87,19.87,19.87,19.87,0,0
1631102900,19.87,19.87,19.87,19.87,19.87,0,0
1631102905,19.8701,19.8701,19.87,19.87,19.87005,10,3
1631102910,19.82,19.82,19.8,19.8,19.804,10,6
1631102915,19.86,19.86,19.86,19.86,19.86,5,1
1631102920,19.85,19.85,19.85,19.85,19.85,2,2
1631102925,19.85,19.85,19.85,19.85,19.85,0,0
1631102930,19.85,19.85,19.85,19.85,19.85,0,0
1631102935,19.85,19.85,19.85,19.85,19.85,0,0
1631102940,19.85,19.85,19.85,19.85,19.85,0,0
1631102945,19.85,19.85,19.85,19.85,19.85,0,0
1631102950,19.85,19.85,19.85,19.85,19.85,0,0
1631102955,19.85,19.85,19.85,19.85,19.85,0,0
1631102960,19.85,19.85,19.85,19.85,19.85,0,0
1631102965,19.85,19.85,19.85,19.85,19.85,0,0
1631102970,19.81,19.81,19.81,19.81,19.81,9,1
1631102975,19.82,19.83,19.82,19.83,19.82853,6,2
1631102980,19.83,19.83,19.83,19.83,19.83,0,0
1631102985,19.83,19.83,19.83,19.83,19.83,6,1
1631102990,19.83,19.83,19.83,19.83,19.83,0,0
1631102995,19.83,19.86,19.83,19.86,19.84586,7,5
1631103000,19.83,19.85,19.83,19.85,19.84,4,3
1631103005,19.85,19.85,19.85,19.85,19.85,0,0
1631103010,19.85,19.85,19.85,19.85,19.85,0,0
1631103015,19.85,19.85,19.85,19.85,19.85,0,0
1631103020,19.85,19.85,19.85,19.85,19.85,0,0
1631103025,19.85,19.85,19.85,19.85,19.85,0,0
1631103030,19.83,19.83,19.83,19.83,19.83,1,1
1631103035,19.81,19.81,19.81,19.81,19.81,1,1
1631103040,19.83,19.83,19.83,19.83,19.83,11,2
1631103045,19.83,19.83,19.83,19.83,19.83,0,0
1631103050,19.83,19.83,19.83,19.83,19.83,0,0
1631103055,19.83,19.83,19.83,19.83,19.83,0,0
1631103060,19.83,19.83,19.83,19.83,19.83,0,0
1631103065,19.83,19.83,19.83,19.83,19.83,0,0
1631103070,19.83,19.83,19.83,19.83,19.83,0,0
1631103075,19.83,19.83,19.83,19.83,19.83,5,1
1631103080,19.83,19.83,19.83,19.83,19.83,0,0
1631103085,19.83,19.83,19.83,19.83,19.83,2,2
1631103090,19.83,19.83,19.83,19.83,19.83,0,0
1631103095,19.83,19.83,19.83,19.83,19.83,0,0
1631103100,19.83,19.83,19.83,19.83,19.83,0,0
1631103105,19.83,19.83,19.83,19.83,19.83,0,0
1631103110,19.83,19.83,19.83,19.83,19.83,0,0
1631103115,19.83,19.83,19.83,19.83,19.83,0,0
1631103120,19.83,19.83,19.83,19.83,19.83,0,0
1631103125,19.83,19.83,19.83,19.83,19.83,0,0
1631103130,19.83,19.83,19.83,19.83,19.83,0,0
1631103135,19.83,19.83,19.83,19.83,19.83,0,0
1631103140,19.83,19.83,19.83,19.83,19.83,0,0
1631103145,19.83,19.83,19.83,19.83,19.83,0,0
1631103150,19.83,19.83,19.83,19.83,19.83,1,1
1631103155,19.83,19.83,19.83,19.83,19.83,0,0
1631103160,19.83,19.83,19.83,19.83,19.83,0,0
1631103165,19.83,19.83,19.83,19.83,19.83,14,3
1631103170,19.83,19.83,19.83,19.83,19.83,0,0
1631103175,19.81,19.81,19.81,19.81,19.81,5,3
1631103180,19.81,19.81,19.81,19.81,19.81,0,0
1631103185,19.81,19.81,19.81,19.81,19.81,0,0
1631103190,19.81,19.81,19.81,19.81,19.81,0,0
1631103195,19.81,19.81,19.81,19.81,19.81,0,0
1631103200,19.81,19.83,19.81,19.83,19.81393,10,7
1631103205,19.83,19.83,19.83,19.83,19.83,0,0
1631103210,19.83,19.83,19.83,19.83,19.83,0,0
1631103215,19.83,19.83,19.83,19.83,19.83,0,0
1631103220,19.84,19.85,19.84,19.85,19.845,2,2
1631103225,19.85,19.85,19.85,19.85,19.85,0,0
1631103230,19.85,19.85,19.85,19.85,19.85,0,0
1631103235,19.85,19.85,19.85,19.85,19.85,0,0
1631103240,19.85,19.85,19.85,19.85,19.85,0,0
1631103245,19.85,19.85,19.85,19.85,19.85,0,0
1631103250,19.85,19.85,19.85,19.85,19.85,0,0
1631103255,19.83,19.83,19.83,19.83,19.83,4,1
1631103260,19.83,19.83,19.83,19.83,19.83,0,0
1631103265,19.82,19.82,19.82,19.82,19.82,1,1
1631103270,19.83,19.83,19.83,19.83,19.83,1,1
1631103275,19.83,19.83,19.83,19.83,19.83,0,0
1631103280,19.83,19.83,19.83,19.83,19.83,0,0
1631103285,19.83,19.83,19.83,19.83,19.83,0,0
1631103290,19.83,19.83,19.83,19.83,19.83,0,0
1631103295,19.83,19.85,19.83,19.85,19.83897,7,4
1631103300,19.85,19.85,19.85,19.85,19.85,0,0
1631103305,19.85,19.85,19.85,19.85,19.85,0,0
1631103310,19.85,19.85,19.85,19.85,19.85,0,0
1631103315,19.85,19.85,19.85,19.85,19.85,5,4
1631103320,19.86,19.86,19.85,19.86,19.85513,3,3
1631103325,19.86,19.86,19.85,19.85,19.85725,6,2
1631103330,19.85,19.85,19.85,19.85,19.85,0,0
1631103335,19.85,19.85,19.85,19.85,19.85,0,0
1631103340,19.85,19.85,19.85,19.85,19.85,0,0
1631103345,19.85,20.0,19.85,20.0,19.92835,11,8
1631103350,20.0,20.0,20.0,20.0,20.0,0,0
1631103355,19.98,19.99,19.98,19.99,19.98383,4,3
1631103360,19.99,19.99,19.99,19.99,19.99,0,0
1631103365,19.99,19.99,19.99,19.99,19.99,0,0
1631103370,19.98,20.0,19.98,19.9899,19.99481,56,18
1631103375,19.98,19.9999,19.98,19.9999,19.99659,12,4
1631103380,19.98,19.98,19.98,19.98,19.98,1,1
1631103385,19.98,19.98,19.98,19.98,19.98,0,0
1631103390,19.98,19.98,19.98,19.98,19.98,0,0
1631103395,19.98,19.98,19.98,19.98,19.98,0,0
1631103400,19.98,19.98,19.98,19.98,19.98,0,0
1631103405,19.98,19.98,19.98,19.98,19.98,0,0
1631103410,19.98,19.98,19.98,19.98,19.98,0,0
1631103415,19.98,19.98,19.98,19.98,19.98,0,0
1631103420,19.98,19.98,19.98,19.98,19.98,0,0
1631103425,19.99,19.99,19.98,19.98,19.98506,19,3
1631103430,19.99,19.99,19.94,19.99,19.98081,22,8
1631103435,19.99,20.0,19.99,20.0,19.99944,56,11
1631103440,20.0,20.0,20.0,20.0,20.0,0,0
1631103445,20.0,20.0,20.0,20.0,20.0,0,0
1631103450,19.98,19.98,19.98,19.98,19.98,7,3
1631103455,19.98,19.98,19.98,19.98,19.98,0,0
1631103460,19.98,19.98,19.98,19.98,19.98,0,0
1631103465,19.98,19.98,19.98,19.98,19.98,0,0
1631103470,19.98,19.98,19.98,19.98,19.98,0,0
1631103475,19.98,19.98,19.98,19.98,19.98,0,0
1631103480,19.98,19.98,19.98,19.98,19.98,0,0
1631103485,19.98,19.98,19.98,19.98,19.98,0,0
1631103490,19.9,19.9,19.9,19.9,19.9,1,1
1631103495,19.9,19.9,19.9,19.9,19.9,5,1
1631103500,19.98,20.0,19.98,20.0,19.9913,3,3
1631103505,20.03,20.03,20.03,20.03,20.03,5,1
1631103510,20.03,20.1,20.03,20.1,20.03773,16,4
1631103515,20.11,20.13,20.1,20.13,20.11759,22,6
1631103520,20.13,20.13,20.13,20.13,20.13,0,0
1631103525,20.13,20.13,20.13,20.13,20.13,8,2
1631103530,20.13,20.15,20.13,20.15,20.13332,11,2
1631103535,20.15,20.15,20.1499,20.1499,20.14994,23,7
1631103540,20.2,20.23,20.16,20.23,20.18968,14,6
1631103545,20.29,20.3,20.22,20.29,20.28248,43,11
1631103550,20.18,20.18,20.18,20.18,20.18,1,1
1631103555,20.16,20.18,20.16,20.16,20.17073,12,3
1631103560,20.26,20.29,20.15,20.16,20.22801,30,9
1631103565,20.1599,20.1599,20.14,20.1599,20.15592,25,6
1631103570,20.1599,20.16,20.14,20.16,20.15927,28,7
1631103575,20.16,20.16,20.16,20.16,20.16,0,0
1631103580,20.16,20.16,20.16,20.16,20.16,0,0
1631103585,20.26,20.26,20.26,20.26,20.26,1,1
1631103590,20.235,20.235,20.2,20.2,20.215,3,3
1631103595,20.19,20.2,20.19,20.2,20.195,2,2
1631103600,20.18,20.21,20.18,20.21,20.19353,12,7
1631103605,20.2,20.2,20.2,20.2,20.2,3,1
1631103610,20.21,20.21,20.21,20.21,20.21,1,1
1631103615,20.26,20.26,20.245,20.245,20.258,7,6
1631103620,20.26,20.26,20.26,20.26,20.26,3,3
1631103625,20.39,20.39,20.39,20.39,20.39,1,1
1631103630,20.35,20.48,20.3,20.4,20.35803,36,16
1631103635,20.38,20.47,20.38,20.47,20.40875,8,4
1631103640,20.32,20.32,20.27,20.27,20.2799,5,2
1631103645,20.4,20.4,20.3,20.3,20.3913,11,5
1631103650,20.36,20.42,20.36,20.42,20.37,6,4
1631103655,20.47,20.47,20.39,20.4,20.44696,7,3
1631103660,20.41,20.45,20.4,20.4,20.41622,33,11
1631103665,20.41,20.41,20.39,20.41,20.40714,7,3
1631103670,20.33,20.33,20.33,20.33,20.33,1,1
1631103675,20.31,20.32,20.31,20.32,20.31204,10,3
1631103680,20.355,20.355,20.355,20.355,20.355,1,1
1631103685,20.33,20.37,20.32,20.32,20.332,5,3
1631103690,20.35,20.39,20.35,20.39,20.38,5,4
1631103695,20.38,20.39,20.38,20.38,20.38093,10,5
1631103700,20.38,20.38,20.38,20.38,20.38,2,1
1631103705,20.32,20.335,20.3,20.3,20.31649,11,6
1631103710,20.32,20.32,20.32,20.32,20.32,1,1
1631103715,20.32,20.32,20.32,20.32,20.32,0,0
1631103720,20.34,20.39,20.34,20.39,20.36593,8,6
1631103725,20.45,20.6,20.45,20.6,20.50496,102,41
1631103730,20.6,20.88,20.57,20.62,20.70906,105,19
1631103735,20.75,20.9,20.75,20.9,20.86974,19,8
1631103740,20.7,20.9,20.7,20.71,20.81753,24,9
1631103745,20.65,20.65,20.65,20.65,20.65,2,1
1631103750,20.87,20.87,20.8,20.81,20.82382,20,4
1631103755,20.81,20.81,20.74,20.74,20.7575,4,2
1631103760,20.77,20.77,20.66,20.66,20.73,5,5
1631103765,20.74,20.81,20.74,20.81,20.80381,11,4
1631103770,20.73,20.81,20.73,20.8,20.79705,17,7
1631103775,20.77,20.7999,20.77,20.7999,20.79616,8,2
1631103780,20.72,20.72,20.6101,20.6101,20.69288,16,7
1631103785,20.65,20.88,20.62,20.88,20.76966,118,21
1631103790,20.88,20.88,20.8,20.8,20.84,2,2
1631103795,20.81,20.88,20.81,20.88,20.87189,62,13
1631103800,20.8101,20.82,20.75,20.75,20.80123,10,4
1631103805,20.8,20.8,20.75,20.75,20.75441,11,9
1631103810,20.8,20.8,20.75,20.75,20.78333,3,2
1631103815,20.75,20.75,20.75,20.75,20.75,0,0
1631103820,20.8,20.86,20.8,20.86,20.83082,11,5
1631103825,20.78,20.85,20.78,20.85,20.8,3,3
1631103830,20.79,20.87,20.79,20.87,20.83323,55,19
1631103835,20.87,20.87,20.78,20.8,20.80754,13,4
1631103840,20.85,20.85,20.85,20.85,20.85,1,1
1631103845,20.88,20.88,20.88,20.88,20.88,97,3
1631103850,20.8,20.88,20.8,20.88,20.83829,8,5
1631103855,20.8,20.85,20.8,20.85,20.80833,9,2
1631103860,20.81,20.88,20.81,20.88,20.85588,48,14
1631103865,20.82,20.82,20.81,20.81,20.8156,17,6
1631103870,20.8,20.8,20.75,20.75,20.77886,18,5
1631103875,20.75,20.81,20.7,20.8,20.7628,16,6
1631103880,20.69,20.7,20.69,20.7,20.69833,6,2
1631103885,20.69,20.7,20.69,20.7,20.69876,16,4
1631103890,20.7,20.7,20.7,20.7,20.7,0,0
1631103895,20.75,20.75,20.75,20.75,20.75,3,1
1631103900,20.78,20.81,20.75,20.81,20.79114,31,12
1631103905,20.78,20.84,20.78,20.8101,20.80131,34,6
1631103910,20.81,20.81,20.7,20.7,20.74432,58,12
1631103915,20.7,20.7,20.7,20.7,20.7,0,0
1631103920,20.71,20.71,20.71,20.71,20.71,3,3
1631103925,20.7,20.77,20.7,20.77,20.74069,17,6
1631103930,20.71,20.71,20.71,20.71,20.71,10,1
1631103935,20.71,20.71,20.71,20.71,20.71,0,0
1631103940,20.74,20.74,20.74,20.74,20.74,2,2
1631103945,20.74,20.74,20.74,20.74,20.74,0,0
1631103950,20.74,20.74,20.74,20.74,20.74,0,0
1631103955,20.7,20.7,20.7,20.7,20.7,4,3
1631103960,20.7,20.7,20.6001,20.6001,20.64433,19,12
1631103965,20.61,20.61,20.6,20.6,20.60063,15,5
1631103970,20.62,20.63,20.62,20.63,20.62745,7,5
1631103975,20.63,20.7,20.63,20.7,20.67333,3,3
1631103980,20.72,20.73,20.72,20.73,20.7291,22,12
1631103985,20.77,20.77,20.77,20.77,20.77,4,2
1631103990,20.77,20.77,20.76,20.76,20.76885,26,7
1631103995,20.8,20.9,20.8,20.9,20.85775,27,14
1631104000,20.89,20.9,20.89,20.89,20.89242,12,6
1631104005,20.8899,20.95,20.88,20.9,20.91358,24,11
1631104010,20.87,20.95,20.87,20.95,20.91045,13,8
1631104015,20.95,20.99,20.95,20.99,20.96389,15,8
1631104020,20.99,21.04,20.92,20.92,20.99959,93,38
1631104025,20.9,21.0,20.9,20.96,20.92,51,12
1631104030,20.96,21.05,20.96,21.01,21.00597,42,13
1631104035,21.01,21.05,20.98,21.0,21.01321,80,35
1631104040,21.0,21.0,20.9999,21.0,20.99997,38,8
1631104045,21.08,21.1,21.04,21.1,21.06932,44,14
1631104050,21.09,21.17,21.09,21.17,21.13275,23,12
1631104055,21.17,21.18,21.1,21.15,21.16549,40,20
1631104060,21.15,21.15,21.1,21.1,21.12344,12,8
1631104065,21.1001,21.1001,21.04,21.04,21.04928,6,4
1631104070,21.0401,21.09,21.0401,21.09,21.06505,4,3
1631104075,21.08,21.08,21.08,21.08,21.08,3,2
1631104080,21.05,21.05,21.04,21.05,21.0426,23,9
1631104085,21.08,21.08,21.0,21.05,21.01529,8,4
1631104090,21.0,21.01,21.0,21.0,21.00035,57,9
1631104095,21.0,21.04,20.9,20.9,20.9967,105,13
1631104100,21.0,21.0,20.99,20.99,20.992,5,3
1631104105,20.99,21.0,20.98,21.0,20.99375,8,3
1631104110,20.99,20.99,20.98,20.98,20.98222,4,3
1631104115,20.98,21.0,20.98,21.0,20.99538,32,10
1631104120,20.96,20.96,20.96,20.96,20.96,1,1
1631104125,20.98,21.0,20.98,21.0,20.99865,14,9
1631104130,20.99,20.99,20.99,20.99,20.99,1,1
1631104135,21.0,21.0,20.98,21.0,20.99886,17,10
1631104140,20.99,21.0,20.99,21.0,20.99629,17,9
1631104145,21.04,21.1,21.04,21.08,21.06696,14,8
1631104150,21.09,21.09,21.0,21.09,21.0807,9,3
1631104155,21.05,21.05,21.05,21.05,21.05,3,2
1631104160,21.01,21.01,21.0,21.0,21.00238,8,6
1631104165,20.99,20.99,20.7901,20.7901,20.91127,74,25
1631104170,20.7901,20.7901,20.7901,20.7901,20.7901,0,0
1631104175,20.99,20.99,20.99,20.99,20.99,2,1
1631104180,20.96,20.97,20.68,20.7,20.73243,92,56
1631104185,20.81,20.82,20.7,20.72,20.71038,26,8
1631104190,20.7,20.7,20.68,20.68,20.69413,37,17
1631104195,20.69,20.89,20.62,20.83,20.74006,20,11
1631104200,20.83,20.83,20.71,20.71,20.7364,12,3
1631104205,20.72,20.72,20.7,20.7,20.70606,3,3
1631104210,20.7,20.7,20.7,20.7,20.7,1,1
1631104215,20.84,20.84,20.69,20.69,20.74057,30,22
1631104220,20.74,20.74,20.65,20.7,20.68285,9,7
1631104225,20.71,20.75,20.7,20.74,20.72939,16,14
1631104230,20.72,20.75,20.7,20.7,20.70938,16,7
1631104235,20.7,20.73,20.68,20.68,20.70225,14,10
1631104240,20.74,20.75,20.7,20.71,20.73581,12,9
1631104245,20.73,20.75,20.73,20.74,20.74685,19,10
1631104250,20.74,20.82,20.74,20.82,20.76645,15,5
1631104255,20.82,20.82,20.82,20.82,20.82,0,0
1631104260,20.75,20.75,20.75,20.75,20.75,13,5
1631104265,20.75,20.75,20.75,20.75,20.75,0,0
1631104270,20.79,20.79,20.79,20.79,20.79,9,1
1631104275,20.8,20.8,20.78,20.8,20.79267,17,5
1631104280,20.8,20.82,20.8,20.82,20.81435,4,2
1631104285,20.78,20.8,20.75,20.78,20.77328,14,7
1631104290,20.75,20.75,20.75,20.75,20.75,2,1
1631104295,20.75,20.8,20.75,20.75,20.75548,9,4
1631104300,20.76,20.8,20.75,20.8,20.76062,8,8
1631104305,20.8,20.8,20.8,20.8,20.8,0,0
1631104310,20.8,20.8,20.8,20.8,20.8,5,3
1631104315,20.8,20.8,20.8,20.8,20.8,3,3
1631104320,20.84,20.84,20.84,20.84,20.84,10,1
1631104325,20.83,21.13,20.83,20.83,20.96221,125,44
1631104330,20.84,20.84,20.84,20.84,20.84,7,3
1631104335,20.84,20.96,20.84,20.96,20.86268,22,10
1631104340,20.84,20.84,20.83,20.83,20.83893,23,15
1631104345,20.82,20.84,20.8,20.84,20.82368,19,10
1631104350,20.84,20.84,20.83,20.83,20.8362,31,10
1631104355,20.84,20.84,20.84,20.84,20.84,9,2
1631104360,20.9,20.9,20.84,20.84,20.88,15,4
1631104365,20.84,20.85,20.76,20.76,20.8191,24,16
1631104370,20.79,20.8399,20.76,20.8399,20.80657,27,9
1631104375,20.8,20.8399,20.8,20.8,20.81139,35,6
1631104380,20.8,20.9,20.8,20.8,20.82771,34,14
1631104385,20.8,20.85,20.8,20.8,20.81097,36,6
1631104390,20.76,20.8,20.76,20.8,20.77752,18,7
1631104395,20.8,20.8,20.8,20.8,20.8,0,0
1631104400,20.8,20.85,20.8,20.85,20.80687,7,3
1631104405,20.85,20.85,20.85,20.85,20.85,0,0
1631104410,20.88,20.88,20.88,20.88,20.88,1,1
1631104415,20.85,20.85,20.85,20.85,20.85,2,1
1631104420,20.93,20.93,20.88,20.88,20.89698,5,4
1631104425,20.91,20.91,20.88,20.9,20.89649,8,4
1631104430,20.87,20.87,20.85,20.85,20.86286,3,3
1631104435,20.8399,20.88,20.83,20.85,20.84264,14,6
1631104440,20.87,20.87,20.85,20.85,20.86,2,2
1631104445,20.85,20.85,20.85,20.85,20.85,2,1
1631104450,20.85,20.8999,20.85,20.8999,20.86426,3,2
1631104455,20.8999,20.8999,20.8999,20.8999,20.8999,0,0
1631104460,20.87,20.87,20.87,20.87,20.87,1,1
1631104465,20.87,20.9,20.85,20.8999,20.86499,18,11
1631104470,20.8999,20.9999,20.8999,20.9699,20.92468,17,13
1631104475,20.9699,20.9999,20.94,20.9999,20.97733,9,9
1631104480,21.0499,21.0599,21.0499,21.0599,21.05053,18,9
1631104485,21.0599,21.1,21.0599,21.1,21.09194,5,5
1631104490,21.09,21.1,21.09,21.1,21.09611,5,3
1631104495,21.0999,21.1,21.0999,21.1,21.09993,6,6
1631104500,21.1,21.1,21.09,21.1,21.09738,46,27
1631104505,21.1299,21.25,21.1299,21.2499,21.20225,75,33
1631104510,21.25,21.28,21.25,21.28,21.26119,26,9
1631104515,21.2799,21.3,21.24,21.29,21.27518,28,15
1631104520,21.2599,21.2599,21.13,21.17,21.15485,35,13
1631104525,21.17,21.17,21.1699,21.1699,21.16993,16,6
1631104530,21.17,21.21,21.1696,21.17,21.17768,19,15
1631104535,21.23,21.25,21.22,21.25,21.23546,9,9
1631104540,21.2599,21.3,21.25,21.3,21.2758,56,22
1631104545,21.3,21.58,21.3,21.58,21.45298,198,52
1631104550,21.58,21.58,21.32,21.4599,21.39912,13,8
1631104555,21.4599,21.5699,21.32,21.5699,21.49828,32,24
1631104560,21.47,21.56,21.4,21.5599,21.46072,42,17
1631104565,21.5,21.8299,21.5,21.67,21.63731,151,38
1631104570,21.67,21.67,21.48,21.48,21.52576,104,23
1631104575,21.6,21.67,21.52,21.6699,21.62857,25,17
1631104580,21.6699,21.67,21.5,21.5,21.51014,355,41
1631104585,21.5,21.52,21.5,21.52,21.50438,32,10
1631104590,21.6,21.6,21.5,21.6,21.53486,29,9
1631104595,21.5999,21.6,21.55,21.55,21.57875,15,6
1631104600,21.6,21.63,21.59,21.6,21.60229,29,12
1631104605,21.59,21.66,21.59,21.66,21.64844,16,5
1631104610,21.64,21.7,21.64,21.65,21.65929,40,19
1631104615,21.66,21.69,21.66,21.66,21.685,12,3
1631104620,21.66,21.69,21.59,21.59,21.62754,42,19
1631104625,21.59,21.66,21.59,21.66,21.6217,11,8
1631104630,21.66,21.67,21.6,21.67,21.65814,72,15
1631104635,21.7,21.83,21.7,21.83,21.76415,67,38
1631104640,21.83,21.87,21.75,21.83,21.82838,56,23
1631104645,21.83,21.87,21.8,21.8,21.83051,72,26
1631104650,21.86,21.87,21.86,21.87,21.86869,8,4
1631104655,21.84,21.84,21.79,21.84,21.82649,11,5
1631104660,21.84,21.84,21.78,21.84,21.82156,23,9
1631104665,21.8,21.87,21.8,21.87,21.84299,38,11
1631104670,21.87,21.99,21.87,21.87,21.92781,124,43
1631104675,21.9,21.91,21.8,21.8,21.86993,105,33
1631104680,21.87,22.0,21.8,21.99,21.94425,146,36
1631104685,21.91,21.98,21.81,21.85,21.87046,6,5
1631104690,21.87,21.9,21.87,21.9,21.87524,63,6
1631104695,21.9,21.95,21.87,21.95,21.93488,63,12
1631104700,21.95,22.15,21.9,22.15,22.00263,108,48
1631104705,22.15,22.15,22.05,22.05,22.11002,25,15
1631104710,22.01,22.12,22.01,22.12,22.07454,21,17
1631104715,22.12,22.14,22.02,22.04,22.08972,52,21
1631104720,22.04,22.08,22.0001,22.07,22.04148,75,36
1631104725,22.06,22.15,22.06,22.12,22.09941,41,23
1631104730,22.13,22.15,22.05,22.07,22.0948,53,30
1631104735,22.07,22.07,22.07,22.07,22.07,13,8
1631104740,22.03,22.07,22.0,22.0,22.03304,54,35
1631104745,22.0,22.03,21.85,21.85,21.93521,102,35
1631104750,21.84,21.9,21.82,21.8201,21.83014,48,12
1631104755,21.9,21.95,21.9,21.9,21.90833,6,6
1631104760,21.9,22.0,21.9,21.99,21.92877,18,12
1631104765,22.0,22.01,21.98,22.01,21.99337,54,24
1631104770,22.03,22.07,22.01,22.07,22.05988,53,25
1631104775,22.08,22.08,21.9,22.04,22.0039,61,26
1631104780,22.03,22.03,22.0,22.0,22.00053,57,8
1631104785,22.0,22.06,21.99,22.06,22.00951,45,22
1631104790,22.09,22.09,22.03,22.07,22.04317,29,8
1631104795,22.08,22.1,22.05,22.09,22.08725,54,21
1631104800,22.1,22.1,22.03,22.05,22.06968,31,15
1631104805,22.06,22.07,22.0,22.02,22.04456,48,11
1631104810,22.05,22.05,22.05,22.05,22.05,3,2
1631104815,22.05,22.05,22.02,22.05,22.04167,9,5
1631104820,22.05,22.08,22.03,22.06,22.0585,10,7
1631104825,22.05,22.05,22.01,22.01,22.03447,28,10
1631104830,22.05,22.05,22.01,22.01,22.02199,40,7
1631104835,22.02,22.05,22.02,22.05,22.03579,3,3
1631104840,22.03,22.0499,22.03,22.0499,22.03293,14,4
1631104845,22.03,22.03,21.91,21.91,21.98729,100,38
1631104850,21.91,21.98,21.91,21.98,21.92013,17,8
1631104855,21.9201,21.93,21.9,21.93,21.90817,64,16
1631104860,21.9,21.9,21.8,21.8,21.83881,21,17
1631104865,21.85,21.85,21.8,21.8,21.83333,3,2
1631104870,21.75,21.8,21.75,21.8,21.78333,3,2
1631104875,21.8,21.84,21.73,21.84,21.78703,49,22
1631104880,21.84,21.8499,21.78,21.8,21.83021,9,8
1631104885,21.81,21.85,21.8,21.8,21.81566,20,9
1631104890,21.8101,21.85,21.81,21.85,21.81623,13,3
1631104895,21.85,21.85,21.8,21.8,21.80266,18,6
1631104900,21.84,21.84,21.8,21.8,21.81668,23,8
1631104905,21.8,21.84,21.8,21.82,21.8287,9,5
1631104910,21.8001,21.835,21.8001,21.81,21.82918,15,7
1631104915,21.85,21.86,21.85,21.86,21.85256,39,9
1631104920,21.88,21.9,21.86,21.9,21.88857,24,10
1631104925,21.9,21.9,21.85,21.85,21.86463,15,8
1631104930,21.835,21.835,21.835,21.835,21.835,2,2
1631104935,21.8101,21.84,21.8101,21.84,21.81934,15,3
1631104940,21.83,21.86,21.81,21.86,21.85042,83,14
1631104945,21.8,21.8,21.75,21.75,21.79461,27,13
1631104950,21.755,21.76,21.75,21.75,21.7522,11,4
1631104955,21.78,21.78,21.78,21.78,21.78,7,3
1631104960,21.8,21.8,21.76,21.76,21.7754,17,7
1631104965,21.75,21.76,21.7,21.71,21.71922,26,13
1631104970,21.7,21.71,21.7,21.7,21.70326,18,5
1631104975,21.7,21.7,21.66,21.7,21.69582,14,8
1631104980,21.7,21.72,21.66,21.72,21.70991,70,26
1631104985,21.7,21.74,21.7,21.72,21.72,27,17
1631104990,21.72,21.72,21.52,21.52,21.6253,50,24
1631104995,21.56,21.6,21.53,21.54,21.54751,34,8
1631105000,21.55,21.55,21.52,21.52,21.5273,31,12
1631105005,21.5,21.52,21.42,21.52,21.4708,50,19
1631105010,21.5,21.53,21.5,21.53,21.51513,13,5
1631105015,21.52,21.53,21.43,21.43,21.49647,18,6
1631105020,21.43,21.46,21.31,21.4,21.3853,55,27
1631105025,21.36,21.49,21.35,21.49,21.4006,46,22
1631105030,21.5,21.5,21.5,21.5,21.5,2,1
1631105035,21.4,21.5,21.4,21.5,21.43077,6,3
1631105040,21.5,21.5,21.47,21.47,21.47429,7,3
1631105045,21.5,21.5,21.47,21.5,21.48921,21,11
1631105050,21.53,21.53,21.53,21.53,21.53,1,1
1631105055,21.53,21.55,21.53,21.53,21.53897,13,7
1631105060,21.55,21.56,21.51,21.56,21.54331,12,8
1631105065,21.56,21.58,21.53,21.58,21.55797,8,6
1631105070,21.55,21.55,21.49,21.49,21.53679,38,11
1631105075,21.5,21.5,21.48,21.48,21.48769,2,2
1631105080,21.48,21.48,21.48,21.48,21.48,0,0
1631105085,21.45,21.45,21.3601,21.4,21.40767,64,17
1631105090,21.38,21.4,21.34,21.35,21.37092,25,9
1631105095,21.33,21.36,21.33,21.36,21.35711,58,6
1631105100,21.37,21.37,21.3,21.3,21.31227,77,49
1631105105,21.26,21.3,21.26,21.3,21.29429,7,3
1631105110,21.3,21.34,21.29,21.3,21.29923,13,5
1631105115,21.3,21.34,21.21,21.33,21.30575,45,32
1631105120,21.33,21.36,21.21,21.25,21.29373,19,13
1631105125,21.32,21.32,21.26,21.32,21.28088,11,5
1631105130,21.32,21.32,21.32,21.32,21.32,1,1
1631105135,21.32,21.32,21.26,21.3,21.30138,17,5
1631105140,21.3,21.3,21.26,21.3,21.28,8,8
1631105145,21.25,21.3,21.25,21.25,21.27577,24,9
1631105150,21.25,21.28,21.21,21.21,21.24861,32,9
1631105155,21.25,21.25,21.19,21.25,21.22805,70,19
1631105160,21.25,21.32,21.25,21.25,21.26972,14,8
1631105165,21.3,21.32,21.3,21.32,21.31332,6,4
1631105170,21.32,21.34,21.32,21.34,21.32883,4,2
1631105175,21.34,21.34,21.34,21.34,21.34,0,0
1631105180,21.32,21.32,21.25,21.26,21.258,20,8
1631105185,21.27,21.27,21.27,21.27,21.27,2,1
1631105190,21.3,21.3,21.2999,21.3,21.29998,5,4
1631105195,21.32,21.35,21.32,21.34,21.33263,26,10
1631105200,21.35,21.4,21.34,21.4,21.39019,82,15
1631105205,21.4,21.4,21.34,21.4,21.35631,20,5
1631105210,21.44,21.46,21.41,21.45,21.44857,14,10
1631105215,21.46,21.5,21.44,21.49,21.48951,24,10
1631105220,21.5,21.5,21.44,21.49,21.4766,37,15
1631105225,21.5,21.6,21.5,21.6,21.55269,56,21
1631105230,21.55,21.6,21.54,21.59,21.56901,69,21
1631105235,21.54,21.59,21.54,21.58,21.57092,38,10
1631105240,21.54,21.56,21.54,21.56,21.55333,3,2
1631105245,21.56,21.56,21.54,21.56,21.55167,6,5
1631105250,21.56,21.59,21.56,21.59,21.57448,31,14
1631105255,21.59,21.77,21.58,21.77,21.64502,61,16
1631105260,21.67,21.68,21.6,21.61,21.6606,26,14
1631105265,21.6101,21.68,21.6101,21.66,21.66376,8,7
1631105270,21.64,21.67,21.61,21.65,21.64045,22,12
1631105275,21.61,21.67,21.61,21.67,21.65958,35,14
1631105280,21.63,21.67,21.62,21.63,21.65717,80,10
1631105285,21.62,21.63,21.59,21.59,21.60771,54,16
1631105290,21.59,21.59,21.56,21.56,21.57433,22,9
1631105295,21.56,21.57,21.56,21.56,21.56144,6,4
1631105300,21.55,21.56,21.55,21.55,21.55161,18,9
1631105305,21.56,21.56,21.45,21.45,21.48777,78,18
1631105310,21.45,21.46,21.4,21.4,21.41242,55,15
1631105315,21.45,21.45,21.35,21.35,21.40123,21,8
1631105320,21.37,21.38,21.37,21.38,21.37867,15,4
1631105325,21.3999,21.3999,21.3999,21.3999,21.3999,3,1
1631105330,21.44,21.44,21.44,21.44,21.44,1,1
1631105335,21.4,21.42,21.4,21.42,21.41661,8,6
1631105340,21.42,21.42,21.35,21.35,21.39019,35,17
1631105345,21.35,21.35,21.32,21.35,21.33643,16,10
1631105350,21.35,21.36,21.35,21.36,21.355,12,8
1631105355,21.35,21.3501,21.35,21.3501,21.35003,6,2
1631105360,21.35,21.39,21.35,21.39,21.35976,8,3
1631105365,21.39,21.42,21.39,21.42,21.39958,60,18
1631105370,21.41,21.46,21.39,21.46,21.43899,39,9
1631105375,21.39,21.39,21.39,21.39,21.39,1,1
1631105380,21.43,21.45,21.39,21.39,21.41102,16,4
1631105385,21.39,21.39,21.39,21.39,21.39,0,0
1631105390,21.45,21.45,21.35,21.35,21.36984,63,14
1631105395,21.32,21.32,21.32,21.32,21.32,6,1
1631105400,21.3699,21.37,21.33,21.33,21.35398,5,4
1631105405,21.32,21.33,21.31,21.31,21.31729,21,8
1631105410,21.37,21.37,21.33,21.33,21.35836,6,5
1631105415,21.33,21.4,21.33,21.4,21.38833,6,2
1631105420,21.35,21.35,21.35,21.35,21.35,4,1
1631105425,21.4,21.4,21.35,21.35,21.3875,4,3
1631105430,21.35,21.35,21.35,21.35,21.35,0,0
1631105435,21.35,21.35,21.35,21.35,21.35,0,0
1631105440,21.35,21.35,21.35,21.35,21.35,0,0
1631105445,21.4,21.42,21.4,21.42,21.4039,10,4
1631105450,21.41,21.44,21.4,21.4,21.41441,17,8
1631105455,21.4,21.4,21.4,21.4,21.4,6,4
1631105460,21.42,21.42,21.42,21.42,21.42,8,3
1631105465,21.45,21.56,21.45,21.56,21.50432,47,15
1631105470,21.56,21.56,21.45,21.45,21.50971,33,10
1631105475,21.4999,21.4999,21.4999,21.4999,21.4999,2,1
1631105480,21.4999,21.4999,21.4999,21.4999,21.4999,0,0
1631105485,21.4999,21.4999,21.4999,21.4999,21.4999,0,0
1631105490,21.49,21.49,21.49,21.49,21.49,4,1
1631105495,21.49,21.49,21.49,21.49,21.49,1,1
1631105500,21.47,21.47,21.4501,21.4501,21.45862,7,2
1631105505,21.4501,21.4501,21.4501,21.4501,21.4501,0,0
1631105510,21.47,21.47,21.47,21.47,21.47,1,1
1631105515,21.48,21.56,21.48,21.56,21.49407,37,11
1631105520,21.5,21.53,21.5,21.5,21.50242,12,4
1631105525,21.5,21.5,21.5,21.5,21.5,5,3
1631105530,21.46,21.46,21.45,21.45,21.45122,12,3
1631105535,21.45,21.5,21.42,21.42,21.45477,4,4
1631105540,21.42,21.42,21.42,21.42,21.42,9,1
1631105545,21.42,21.42,21.42,21.42,21.42,0,0
1631105550,21.42,21.42,21.42,21.42,21.42,0,0
1631105555,21.43,21.45,21.4,21.42,21.42171,49,16
1631105560,21.4,21.5,21.33,21.33,21.415,84,11
1631105565,21.38,21.38,21.38,21.38,21.38,2,1
1631105570,21.33,21.34,21.33,21.34,21.33714,7,3
1631105575,21.34,21.34,21.33,21.34,21.33648,52,8
1631105580,21.34,21.34,21.17,21.17,21.25918,65,25
1631105585,21.16,21.16,21.08,21.08,21.11872,17,9
1631105590,21.07,21.07,20.9399,20.94,21.0118,150,42
1631105595,20.94,20.99,20.94,20.97,20.95472,37,8
1631105600,20.9999,21.0,20.99,21.0,20.9996,65,17
1631105605,21.05,21.07,21.01,21.03,21.04724,21,10
1631105610,21.05,21.09,21.05,21.08,21.06303,14,6
1631105615,21.06,21.06,21.0101,21.0101,21.04544,15,5
1631105620,21.05,21.09,21.05,21.09,21.05292,13,4
1631105625,21.09,21.09,20.95,20.95,21.01366,53,25
1631105630,21.0,21.0,21.0,21.0,21.0,16,6
1631105635,21.0,21.0,20.97,20.97,20.98002,59,22
1631105640,20.97,20.97,20.91,20.92,20.92962,22,14
1631105645,20.92,20.9699,20.9,20.9699,20.91938,53,21
1631105650,20.9,20.98,20.9,20.98,20.93954,10,6
1631105655,20.9999,20.9999,20.97,20.97,20.97427,7,5
1631105660,21.01,21.04,21.0,21.0,21.00887,18,7
1631105665,21.03,21.03,20.97,20.97,21.00548,48,12
1631105670,20.96,20.97,20.91,20.91,20.94176,8,5
1631105675,20.93,20.93,20.9,20.91,20.92543,11,5
1631105680,20.91,20.91,20.85,20.85,20.88716,33,9
1631105685,20.85,20.89,20.73,20.79,20.8077,93,33
1631105690,20.78,20.79,20.71,20.71,20.7511,78,28
1631105695,20.7,20.74,20.7,20.74,20.7081,44,21
1631105700,20.71,20.82,20.71,20.82,20.75665,30,10
1631105705,20.82,20.88,20.82,20.88,20.86752,19,10
1631105710,20.85,20.9,20.85,20.9,20.85999,10,5
1631105715,20.9,20.9,20.9,20.9,20.9,0,0
1631105720,20.87,20.94,20.87,20.94,20.89013,11,5
1631105725,20.89,20.9,20.89,20.89,20.89123,25,5
1631105730,20.9,20.9,20.9,20.9,20.9,3,2
1631105735,20.89,20.89,20.89,20.89,20.89,4,1
1631105740,20.94,20.94,20.94,20.94,20.94,1,1
1631105745,20.94,20.94,20.94,20.94,20.94,1,1
1631105750,20.9001,20.9001,20.9001,20.9001,20.9001,2,1
1631105755,20.9,20.91,20.89,20.89,20.9008,27,9
1631105760,20.88,20.88,20.86,20.86,20.87667,6,2
1631105765,20.9,20.9,20.87,20.8999,20.89291,8,5
1631105770,20.86,20.86,20.85,20.85,20.85149,14,11
1631105775,20.85,20.86,20.8,20.8,20.82982,5,3
1631105780,20.8,20.87,20.8,20.8,20.80173,40,9
1631105785,20.76,20.76,20.6,20.61,20.68261,78,33
1631105790,20.61,20.74,20.61,20.74,20.71336,4,3
1631105795,20.72,20.98,20.71,20.86,20.77614,51,17
1631105800,20.86,20.86,20.86,20.86,20.86,0,0
1631105805,20.86,20.86,20.86,20.86,20.86,0,0
1631105810,20.7,20.7,20.65,20.65,20.68856,4,3
1631105815,20.7,20.7,20.62,20.6601,20.68625,38,8
1631105820,20.65,20.7,20.65,20.7,20.68912,9,4
1631105825,20.75,20.7999,20.75,20.78,20.76783,9,3
1631105830,20.7801,20.7801,20.78,20.78,20.78005,2,2
1631105835,20.79,20.85,20.79,20.8,20.84044,24,10
1631105840,20.82,20.82,20.82,20.82,20.82,1,1
1631105845,20.79,20.79,20.79,20.79,20.79,3,3
1631105850,20.82,20.84,20.8,20.84,20.81653,7,4
1631105855,20.85,20.9,20.85,20.9,20.87133,7,5
1631105860,20.9,20.9,20.9,20.9,20.9,0,0
1631105865,20.93,20.93,20.93,20.93,20.93,4,4
1631105870,20.93,20.93,20.93,20.93,20.93,0,0
1631105875,20.81,20.92,20.81,20.92,20.90625,8,3
1631105880,20.9,20.92,20.8801,20.8801,20.89505,4,3
1631105885,20.94,20.98,20.94,20.98,20.95893,24,6
1631105890,20.98,20.98,20.95,20.95,20.97286,7,5
1631105895,20.94,21.0,20.94,21.0,20.97391,27,7
1631105900,20.99,21.05,20.99,21.05,21.00363,31,15
1631105905,21.01,21.05,21.01,21.05,21.026,7,4
1631105910,21.04,21.04,20.99,20.99,21.00228,24,11
1631105915,20.96,20.96,20.96,20.96,20.96,1,1
1631105920,20.95,21.0,20.95,21.0,20.98774,15,5
1631105925,21.0,21.1,21.0,21.1,21.03664,4,4
1631105930,21.1,21.1,21.04,21.04,21.06362,5,3
1631105935,21.1,21.15,21.03,21.15,21.11431,25,11
1631105940,21.14,21.14,21.1,21.12,21.11742,62,15
1631105945,21.07,21.07,21.07,21.07,21.07,40,1
1631105950,21.07,21.07,21.07,21.07,21.07,0,0
1631105955,21.07,21.07,21.07,21.07,21.07,1,1
1631105960,21.06,21.07,21.06,21.07,21.06364,11,4
1631105965,21.07,21.07,21.05,21.06,21.0522,27,6
1631105970,21.07,21.12,21.07,21.12,21.10009,26,9
1631105975,21.17,21.17,21.17,21.17,21.17,13,2
1631105980,21.15,21.17,21.1201,21.17,21.16031,34,5
1631105985,21.17,21.2,21.16,21.2,21.18331,40,15
1631105990,21.2,21.22,21.2,21.21,21.21026,15,5
1631105995,21.21,21.23,21.21,21.23,21.21289,24,8
1631106000,21.24,21.24,21.2,21.2,21.21345,13,9
1631106005,21.21,21.24,21.2,21.24,21.20875,24,11
1631106010,21.14,21.1701,21.14,21.1701,21.15505,2,2
1631106015,21.1701,21.1701,21.1701,21.1701,21.1701,0,0
1631106020,21.14,21.14,21.14,21.14,21.14,4,1
1631106025,21.17,21.17,21.17,21.17,21.17,2,1
1631106030,21.17,21.17,21.17,21.17,21.17,1,1
1631106035,21.14,21.15,21.14,21.14,21.14057,17,6
1631106040,21.12,21.12,21.12,21.12,21.12,3,1
1631106045,21.12,21.12,21.12,21.12,21.12,0,0
1631106050,21.11,21.14,21.11,21.14,21.12542,3,2
1631106055,21.1,21.1,21.1,21.1,21.1,14,8
1631106060,21.07,21.07,21.05,21.05,21.0571,14,7
1631106065,21.05,21.06,21.0,21.0,21.04001,13,6
1631106070,21.0,21.0,21.0,21.0,21.0,6,2
1631106075,21.0,21.0,20.99,20.99,20.99286,3,2
1631106080,20.95,20.95,20.95,20.95,20.95,3,2
1631106085,20.95,20.95,20.95,20.95,20.95,7,3
1631106090,20.95,20.95,20.95,20.95,20.95,0,0
1631106095,20.95,20.97,20.95,20.96,20.96,9,5
1631106100,20.95,20.95,20.91,20.91,20.92818,11,6
1631106105,20.91,20.91,20.9,20.9,20.90289,24,10
1631106110,20.9,20.9,20.88,20.9,20.89518,8,4
1631106115,20.9,20.9,20.9,20.9,20.9,5,2
1631106120,20.88,20.92,20.88,20.92,20.89079,10,5
1631106125,20.92,20.92,20.92,20.92,20.92,1,1
1631106130,20.9,20.95,20.9,20.92,20.92139,7,3
1631106135,20.92,20.95,20.9,20.95,20.934,5,4
1631106140,20.9,20.9999,20.89,20.9,20.93148,31,9
1631106145,20.9,20.9,20.86,20.86,20.88644,25,10
1631106150,20.85,20.85,20.81,20.81,20.8225,12,4
1631106155,20.8,20.8,20.8,20.8,20.8,3,1
1631106160,20.8,20.85,20.8,20.81,20.81672,6,3
1631106165,20.8,20.8,20.76,20.8,20.77004,58,18
1631106170,20.75,20.76,20.72,20.72,20.73835,18,9
1631106175,20.71,20.72,20.69,20.69,20.70118,17,8
1631106180,20.68,20.7,20.6,20.6,20.64906,26,9
1631106185,20.6101,20.7,20.61,20.61,20.62508,11,4
1631106190,20.61,20.61,20.61,20.61,20.61,0,0
1631106195,20.68,20.68,20.61,20.61,20.64406,4,3
1631106200,20.61,20.63,20.61,20.61,20.61667,9,5
1631106205,20.63,20.67,20.63,20.67,20.64436,15,4
1631106210,20.65,20.65,20.65,20.65,20.65,3,1
1631106215,20.7,20.7,20.7,20.7,20.7,7,4
1631106220,20.7,20.7,20.7,20.7,20.7,0,0
1631106225,20.7,20.7,20.67,20.67,20.69176,17,4
1631106230,20.7099,20.71,20.7099,20.71,20.70993,6,3
1631106235,20.78,20.78,20.7101,20.7101,20.7567,3,2
1631106240,20.72,20.78,20.7,20.78,20.73665,15,9
1631106245,20.78,20.78,20.78,20.78,20.78,3,2
1631106250,20.78,20.78,20.76,20.76,20.77,2,2
1631106255,20.78,20.8,20.78,20.8,20.78592,13,6
1631106260,20.8,20.8,20.8,20.8,20.8,2,1
1631106265,20.86,20.86,20.85,20.85,20.8549,5,3
1631106270,20.85,20.85,20.85,20.85,20.85,6,4
1631106275,20.87,20.87,20.87,20.87,20.87,4,2
1631106280,20.87,20.87,20.87,20.87,20.87,0,0
1631106285,20.84,20.84,20.84,20.84,20.84,1,1
1631106290,20.87,20.87,20.87,20.87,20.87,2,1
1631106295,20.87,20.87,20.87,20.87,20.87,9,4
1631106300,20.87,20.87,20.87,20.87,20.87,0,0
1631106305,20.87,20.88,20.87,20.88,20.878,4,4
1631106310,20.87,20.87,20.87,20.87,20.87,1,1
1631106315,20.87,20.87,20.87,20.87,20.87,0,0
1631106320,20.87,20.87,20.87,20.87,20.87,0,0
1631106325,20.8101,20.8101,20.8101,20.8101,20.8101,4,1
1631106330,20.81,20.81,20.79,20.79,20.79808,18,6
1631106335,20.79,20.79,20.79,20.79,20.79,0,0
1631106340,20.85,20.85,20.78,20.78,20.81267,7,3
1631106345,20.78,20.78,20.78,20.78,20.78,0,0
1631106350,20.85,20.85,20.85,20.85,20.85,1,1
1631106355,20.85,20.85,20.85,20.85,20.85,0,0
1631106360,20.85,20.85,20.85,20.85,20.85,0,0
1631106365,20.85,20.85,20.85,20.85,20.85,0,0
1631106370,20.82,20.82,20.82,20.82,20.82,1,1
1631106375,20.82,20.82,20.82,20.82,20.82,0,0
1631106380,20.84,20.84,20.84,20.84,20.84,1,1
1631106385,20.8,20.8,20.78,20.78,20.788,5,2
1631106390,20.78,20.78,20.78,20.78,20.78,0,0
1631106395,20.81,20.81,20.81,20.81,20.81,10,1
1631106400,20.81,20.81,20.81,20.81,20.81,0,0
1631106405,20.78,20.78,20.78,20.78,20.78,1,1
1631106410,20.74,20.8,20.74,20.8,20.79747,31,2
1631106415,20.75,20.75,20.75,20.75,20.75,1,1
1631106420,20.75,20.75,20.75,20.75,20.75,4,1
1631106425,20.75,20.75,20.75,20.75,20.75,1,1
1631106430,20.75,20.75,20.75,20.75,20.75,8,3
1631106435,20.76,20.78,20.76,20.78,20.77407,8,2
1631106440,20.78,20.79,20.78,20.79,20.782,5,2
1631106445,20.79,20.79,20.79,20.79,20.79,0,0
1631106450,20.79,20.87,20.79,20.87,20.80843,23,8
1631106455,20.8501,20.8501,20.8501,20.8501,20.8501,2,1
1631106460,20.8501,20.8501,20.8501,20.8501,20.8501,0,0
1631106465,20.87,20.87,20.87,20.87,20.87,5,2
1631106470,20.9,20.9,20.9,20.9,20.9,1,1
1631106475,20.9,20.9,20.9,20.9,20.9,7,4
1631106480,20.91,20.91,20.91,20.91,20.91,1,1
1631106485,20.91,20.91,20.91,20.91,20.91,0,0
1631106490,20.9499,20.9499,20.85,20.85,20.87998,15,6
1631106495,20.9,20.9,20.9,20.9,20.9,8,3
1631106500,20.9,20.9,20.9,20.9,20.9,1,1
1631106505,20.89,20.89,20.88,20.88,20.88545,5,2
1631106510,20.8501,20.8501,20.8501,20.8501,20.8501,2,1
1631106515,20.8501,20.8501,20.8501,20.8501,20.8501,0,0
1631106520,20.8501,20.8501,20.8501,20.8501,20.8501,0,0
1631106525,20.8501,20.8501,20.8501,20.8501,20.8501,0,0
1631106530,20.94,20.94,20.85,20.85,20.92341,13,2
1631106535,20.85,20.85,20.85,20.85,20.85,0,0
1631106540,20.85,20.85,20.85,20.85,20.85,0,0
1631106545,20.85,20.85,20.85,20.85,20.85,0,0
1631106550,20.8,20.8,20.7,20.7,20.75139,38,17
1631106555,20.79,20.79,20.79,20.79,20.79,1,1
1631106560,20.73,20.73,20.73,20.73,20.73,7,2
1631106565,20.73,20.73,20.73,20.73,20.73,0,0
1631106570,20.73,20.73,20.73,20.73,20.73,0,0
1631106575,20.73,20.73,20.73,20.73,20.73,0,0
1631106580,20.73,20.73,20.73,20.73,20.73,0,0
1631106585,20.83,20.83,20.83,20.83,20.83,1,1
1631106590,20.83,20.83,20.83,20.83,20.83,0,0
1631106595,20.77,20.83,20.77,20.83,20.79774,3,2
1631106600,20.83,20.83,20.83,20.83,20.83,0,0
1631106605,20.83,20.83,20.83,20.83,20.83,0,0
1631106610,20.77,20.77,20.77,20.77,20.77,2,2
1631106615,20.82,20.82,20.82,20.82,20.82,2,1
1631106620,20.81,20.81,20.81,20.81,20.81,5,1
1631106625,20.82,20.82,20.82,20.82,20.82,1,1
1631106630,20.82,20.82,20.82,20.82,20.82,0,0
1631106635,20.83,20.85,20.83,20.85,20.8475,8,3
1631106640,20.86,20.86,20.86,20.86,20.86,2,2
1631106645,20.88,20.88,20.88,20.88,20.88,8,2
1631106650,20.88,20.88,20.88,20.88,20.88,0,0
1631106655,20.93,20.93,20.93,20.93,20.93,5,1
1631106660,20.93,20.93,20.93,20.93,20.93,5,1
1631106665,20.93,20.93,20.93,20.93,20.93,0,0
1631106670,20.86,20.86,20.86,20.86,20.86,100,1
1631106675,20.86,20.86,20.86,20.86,20.86,0,0
1631106680,20.89,20.92,20.89,20.92,20.90529,10,2
1631106685,20.92,20.92,20.92,20.92,20.92,2,1
1631106690,20.91,20.92,20.91,20.92,20.91205,6,2
1631106695,20.9,20.93,20.9,20.93,20.90569,40,6
1631106700,20.8601,20.92,20.8601,20.92,20.88862,4,2
1631106705,20.91,20.91,20.91,20.91,20.91,1,1
1631106710,20.91,20.91,20.91,20.91,20.91,15,1
1631106715,20.86,20.86,20.82,20.82,20.85497,21,5
1631106720,20.82,20.82,20.82,20.82,20.82,0,0
1631106725,20.82,20.82,20.82,20.82,20.82,0,0
1631106730,20.85,20.85,20.82,20.82,20.82536,23,8
1631106735,20.82,20.82,20.82,20.82,20.82,1,1
1631106740,20.82,20.82,20.82,20.82,20.82,1,1
1631106745,20.82,20.82,20.82,20.82,20.82,0,0
1631106750,20.83,20.89,20.83,20.89,20.87827,26,5
1631106755,20.89,20.89,20.89,20.89,20.89,3,2
1631106760,20.92,20.92,20.92,20.92,20.92,6,2
1631106765,20.9299,20.9299,20.9299,20.9299,20.9299,2,1
1631106770,20.93,20.94,20.93,20.93,20.93714,14,4
1631106775,20.92,20.92,20.92,20.92,20.92,2,2
1631106780,20.9,20.9,20.9,20.9,20.9,1,1
1631106785,20.9,20.9,20.9,20.9,20.9,1,1
1631106790,20.89,20.9,20.89,20.9,20.89154,6,4
1631106795,20.9,20.9,20.9,20.9,20.9,0,0
1631106800,20.9,20.9,20.9,20.9,20.9,0,0
1631106805,20.88,20.89,20.88,20.89,20.88861,14,4
1631106810,20.89,20.89,20.89,20.89,20.89,0,0
1631106815,20.89,20.89,20.89,20.89,20.89,0,0
1631106820,20.88,20.89,20.88,20.89,20.88787,4,3
1631106825,20.89,20.89,20.89,20.89,20.89,1,1
1631106830,20.9,20.9,20.9,20.9,20.9,2,2
1631106835,20.91,20.91,20.91,20.91,20.91,5,2
1631106840,20.92,20.92,20.92,20.92,20.92,1,1
1631106845,20.92,20.92,20.91,20.91,20.915,2,2
1631106850,20.89,20.9,20.89,20.9,20.8974,12,2
1631106855,20.9,20.9,20.9,20.9,20.9,3,2
1631106860,20.9,20.9,20.9,20.9,20.9,4,4
1631106865,20.85,20.85,20.85,20.85,20.85,9,6
1631106870,20.8201,20.8201,20.8201,20.8201,20.8201,3,1
1631106875,20.85,20.85,20.85,20.85,20.85,4,1
1631106880,20.83,20.83,20.83,20.83,20.83,12,6
1631106885,20.87,20.87,20.87,20.87,20.87,17,1
1631106890,20.87,20.87,20.8,20.8,20.80808,42,10
1631106895,20.8,20.8,20.8,20.8,20.8,63,11
1631106900,20.8,20.8,20.8,20.8,20.8,0,0
1631106905,20.8,20.81,20.8,20.8,20.80791,14,3
1631106910,20.8,20.8,20.77,20.8,20.78547,10,3
1631106915,20.75,20.75,20.75,20.75,20.75,1,1
1631106920,20.79,20.79,20.79,20.79,20.79,2,1
1631106925,20.75,20.75,20.75,20.75,20.75,1,1
1631106930,20.76,20.76,20.76,20.76,20.76,1,1
1631106935,20.75,20.7899,20.75,20.76,20.77258,4,3
1631106940,20.76,20.76,20.76,20.76,20.76,0,0
1631106945,20.76,20.76,20.76,20.76,20.76,0,0
1631106950,20.76,20.76,20.76,20.76,20.76,0,0
1631106955,20.79,20.79,20.79,20.79,20.79,3,2
1631106960,20.79,20.79,20.79,20.79,20.79,0,0
1631106965,20.77,20.77,20.77,20.77,20.77,2,1
1631106970,20.77,20.77,20.77,20.77,20.77,1,1
1631106975,20.78,20.78,20.78,20.78,20.78,7,6
1631106980,20.78,20.8,20.78,20.8,20.79625,16,3
1631106985,20.8,20.84,20.8,20.84,20.80778,25,7
1631106990,20.79,20.87,20.79,20.87,20.86252,10,4
1631106995,20.87,20.87,20.87,20.87,20.87,0,0
1631107000,20.87,20.87,20.87,20.87,20.87,0,0
1631107005,20.87,20.87,20.87,20.87,20.87,0,0
1631107010,20.86,20.86,20.86,20.86,20.86,5,2
1631107015,20.86,20.86,20.86,20.86,20.86,5,3
1631107020,20.85,20.86,20.85,20.85,20.85718,7,5
1631107025,20.85,20.85,20.85,20.85,20.85,0,0
1631107030,20.86,20.86,20.86,20.86,20.86,2,1
1631107035,20.85,20.85,20.85,20.85,20.85,1,1
1631107040,20.85,20.85,20.85,20.85,20.85,0,0
1631107045,20.8,20.8,20.8,20.8,20.8,15,1
1631107050,20.8,20.8,20.77,20.77,20.78847,10,3
1631107055,20.77,20.77,20.77,20.77,20.77,6,1
1631107060,20.85,20.85,20.85,20.85,20.85,2,1
1631107065,20.82,20.82,20.82,20.82,20.82,1,1
1631107070,20.82,20.82,20.82,20.82,20.82,0,0
1631107075,20.82,20.82,20.82,20.82,20.82,0,0
1631107080,20.8,20.84,20.8,20.84,20.81765,17,5
1631107085,20.82,20.82,20.82,20.82,20.82,1,1
1631107090,20.82,20.82,20.82,20.82,20.82,0,0
1631107095,20.82,20.82,20.82,20.82,20.82,0,0
1631107100,20.82,20.82,20.82,20.82,20.82,0,0
1631107105,20.82,20.82,20.82,20.82,20.82,0,0
1631107110,20.77,20.77,20.77,20.77,20.77,15,1
1631107115,20.77,20.77,20.77,20.77,20.77,0,0
1631107120,20.77,20.77,20.77,20.77,20.77,7,1
1631107125,20.77,20.77,20.77,20.77,20.77,0,0
1631107130,20.77,20.77,20.77,20.77,20.77,0,0
1631107135,20.79,20.79,20.7701,20.7701,20.78602,25,2
1631107140,20.7701,20.79,20.7701,20.79,20.7815,2,2
1631107145,20.79,20.79,20.79,20.79,20.79,6,2
1631107150,20.78,20.8,20.78,20.8,20.78606,9,4
1631107155,20.82,20.82,20.82,20.82,20.82,1,1
1631107160,20.82,20.82,20.82,20.82,20.82,0,0
1631107165,20.82,20.82,20.82,20.82,20.82,0,0
1631107170,20.8,20.8,20.8,20.8,20.8,1,1
1631107175,20.8,20.8,20.8,20.8,20.8,0,0
1631107180,20.8,20.8,20.8,20.8,20.8,0,0
1631107185,20.8,20.8,20.8,20.8,20.8,0,0
1631107190,20.81,20.82,20.81,20.82,20.81493,9,2
1631107195,20.81,20.83,20.81,20.83,20.82333,3,2
1631107200,20.83,20.83,20.83,20.83,20.83,2,1
1631107205,20.83,20.83,20.81,20.81,20.82512,17,6
1631107210,20.83,20.84,20.83,20.84,20.83333,3,2
1631107215,20.83,20.83,20.83,20.83,20.83,2,1
1631107220,20.83,20.83,20.83,20.83,20.83,1,1
1631107225,20.81,20.82,20.81,20.82,20.81225,21,6
1631107230,20.82,20.82,20.82,20.82,20.82,0,0
1631107235,20.81,20.81,20.81,20.81,20.81,1,1
1631107240,20.81,20.81,20.81,20.81,20.81,0,0
1631107245,20.81,20.81,20.81,20.81,20.81,0,0
1631107250,20.84,20.84,20.84,20.84,20.84,1,1
1631107255,20.84,20.84,20.81,20.81,20.8223,9,4
1631107260,20.81,20.81,20.81,20.81,20.81,0,0
1631107265,20.82,20.82,20.82,20.82,20.82,4,2
1631107270,20.82,20.82,20.82,20.82,20.82,0,0
1631107275,20.82,20.82,20.82,20.82,20.82,4,1
1631107280,20.82,20.82,20.82,20.82,20.82,0,0
1631107285,20.81,20.81,20.81,20.81,20.81,14,3
1631107290,20.82,20.82,20.75,20.75,20.80244,20,12
1631107295,20.75,20.75,20.75,20.75,20.75,0,0
1631107300,20.75,20.75,20.75,20.75,20.75,0,0
1631107305,20.81,20.81,20.76,20.76,20.77087,11,4
1631107310,20.84,20.84,20.84,20.84,20.84,17,2
1631107315,20.79,20.79,20.79,20.79,20.79,1,1
1631107320,20.84,20.84,20.75,20.75,20.795,4,2
1631107325,20.75,20.75,20.75,20.75,20.75,0,0
1631107330,20.75,20.75,20.75,20.75,20.75,0,0
1631107335,20.75,20.75,20.75,20.75,20.75,0,0
1631107340,20.75,20.75,20.75,20.75,20.75,0,0
1631107345,20.8,20.8,20.8,20.8,20.8,3,2
1631107350,20.8,20.8,20.8,20.8,20.8,0,0
1631107355,20.8,20.8,20.8,20.8,20.8,6,1
1631107360,20.8,20.8,20.8,20.8,20.8,1,1
1631107365,20.8,20.8,20.8,20.8,20.8,0,0
1631107370,20.8,20.8,20.8,20.8,20.8,0,0
1631107375,20.8,20.8,20.78,20.78,20.79091,2,2
1631107380,20.78,20.78,20.78,20.78,20.78,0,0
1631107385,20.78,20.78,20.78,20.78,20.78,0,0
1631107390,20.78,20.78,20.78,20.78,20.78,2,2
1631107395,20.78,20.78,20.78,20.78,20.78,4,3
1631107400,20.78,20.78,20.78,20.78,20.78,0,0
1631107405,20.78,20.78,20.75,20.76,20.75447,25,12
1631107410,20.76,20.76,20.76,20.76,20.76,0,0
1631107415,20.73,20.73,20.6801,20.6801,20.70215,18,5
1631107420,20.6801,20.6801,20.6801,20.6801,20.6801,0,0
1631107425,20.68,20.68,20.68,20.68,20.68,2,1
1631107430,20.68,20.68,20.68,20.68,20.68,0,0
1631107435,20.68,20.68,20.68,20.68,20.68,0,0
1631107440,20.65,20.6599,20.65,20.6599,20.6533,3,2
1631107445,20.66,20.68,20.66,20.68,20.66545,5,4
1631107450,20.66,20.68,20.66,20.68,20.67705,6,5
1631107455,20.68,20.75,20.66,20.75,20.71413,60,13
1631107460,20.78,20.9,20.78,20.9,20.81735,49,12
1631107465,20.84,20.9,20.84,20.8999,20.88848,98,5
1631107470,20.8999,20.8999,20.89,20.8999,20.89786,50,9
1631107475,20.8999,20.8999,20.89,20.89,20.8972,11,11
1631107480,20.8999,20.8999,20.8899,20.8999,20.89468,19,18
1631107485,20.9,20.9,20.8001,20.8001,20.88832,30,20
1631107490,20.88,20.8899,20.88,20.8899,20.88495,2,2
1631107495,20.8899,20.8899,20.8899,20.8899,20.8899,1,1
1631107500,20.88,20.9,20.84,20.9,20.89003,81,11
1631107505,20.89,20.89,20.89,20.89,20.89,7,7
1631107510,20.88,20.8999,20.88,20.8999,20.88998,13,12
1631107515,20.89,20.9,20.89,20.89,20.89181,11,11
1631107520,20.8999,20.8999,20.86,20.89,20.89246,16,16
1631107525,20.89,20.89,20.87,20.88,20.87632,19,11
1631107530,20.89,20.89,20.89,20.89,20.89,11,11
1631107535,20.89,20.9,20.87,20.89,20.88923,13,13
1631107540,20.89,20.89,20.89,20.89,20.89,14,12
1631107545,20.89,20.89,20.89,20.89,20.89,6,6
1631107550,20.89,20.9,20.89,20.9,20.8942,23,13
1631107555,20.9,20.94,20.9,20.93,20.90259,154,15
1631107560,20.93,20.9699,20.9101,20.9699,20.93788,19,19
1631107565,20.9699,21.05,20.96,21.05,21.00217,99,44
1631107570,21.0499,21.1,21.01,21.06,21.07403,34,24
1631107575,21.09,21.09,21.09,21.09,21.09,8,4
1631107580,21.07,21.07,21.07,21.07,21.07,2,2
1631107585,21.07,21.1,21.04,21.1,21.07949,41,23
1631107590,21.09,21.13,21.08,21.13,21.09556,50,18
1631107595,21.12,21.12,21.0,21.01,21.04145,127,23
1631107600,21.01,21.0999,21.01,21.0999,21.02845,13,10
1631107605,21.0999,21.1,21.0,21.0,21.05062,95,29
1631107610,20.99,21.0999,20.99,21.0999,21.03428,14,7
1631107615,21.0999,21.1,21.01,21.0999,21.04696,51,19
1631107620,21.0999,21.1,21.09,21.1,21.09463,15,11
1631107625,21.13,21.14,21.13,21.14,21.13387,15,4
1631107630,21.1399,21.15,21.1399,21.14,21.14311,19,16
1631107635,21.1499,21.15,21.02,21.15,21.1146,68,26
1631107640,21.02,21.02,20.95,21.0,20.99696,19,11
1631107645,21.1,21.1,21.0899,21.0899,21.09446,11,11
1631107650,21.0999,21.13,21.0,21.13,21.02012,44,10
1631107655,21.0101,21.07,20.95,20.95,20.99823,68,24
1631107660,21.0,21.0,20.72,20.7301,20.83549,88,20
1631107665,20.95,20.95,20.95,20.95,20.95,1,1
1631107670,20.9,20.9,20.73,20.78,20.83934,76,16
1631107675,20.82,20.8501,20.82,20.85,20.848,14,5
1631107680,20.857,20.857,20.85,20.85,20.85095,22,13
1631107685,20.78,20.84,20.78,20.84,20.81,2,2
1631107690,20.78,20.83,20.73,20.73,20.76806,13,7
1631107695,20.73,20.85,20.73,20.84,20.82571,12,7
1631107700,20.85,20.85,20.8,20.8,20.82,2,2
1631107705,20.85,21.0,20.82,20.91,20.90726,68,22
1631107710,20.85,20.85,20.85,20.85,20.85,1,1
1631107715,20.9,20.9,20.9,20.9,20.9,1,1
1631107720,20.9,20.9,20.9,20.9,20.9,0,0
1631107725,20.9,20.9,20.86,20.86,20.88286,3,2
1631107730,20.89,20.9,20.86,20.86,20.88035,5,4
1631107735,20.89,20.89,20.89,20.89,20.89,2,2
1631107740,20.89,20.89,20.89,20.89,20.89,1,1
1631107745,20.9,20.9,20.9,20.9,20.9,1,1
1631107750,20.89,20.89,20.89,20.89,20.89,5,1
1631107755,20.9,20.9,20.9,20.9,20.9,1,1
1631107760,20.91,20.91,20.91,20.91,20.91,2,2
1631107765,20.91,20.91,20.91,20.91,20.91,6,2
1631107770,20.91,20.91,20.91,20.91,20.91,0,0
1631107775,20.95,20.95,20.95,20.95,20.95,5,1
1631107780,20.95,20.95,20.95,20.95,20.95,8,1
1631107785,20.95,20.95,20.95,20.95,20.95,0,0
1631107790,20.97,20.97,20.95,20.95,20.96251,2,2
1631107795,21.0,21.0,21.0,21.0,21.0,16,5
1631107800,21.11,21.15,20.8,21.0,20.97991,798,109
1631107805,21.0,21.0,20.85,20.97,20.93694,171,49
1631107810,20.9161,21.0,20.85,20.99,20.96338,68,25
1631107815,20.954,21.35,20.954,21.35,21.19111,807,174
1631107820,21.32,21.5,21.3,21.5,21.43988,498,145
1631107825,21.4941,21.55,21.25,21.3014,21.4765,1005,225
1631107830,21.2683,21.2683,21.1201,21.175,21.18989,116,49
1631107835,21.2,21.2099,20.681,20.681,20.83072,586,188
1631107840,20.75,20.84,20.68,20.72,20.73034,340,104
1631107845,20.6922,20.81,20.67,20.79,20.70801,111,51
1631107850,20.7903,21.1271,20.7903,20.955,20.9079,174,49
1631107855,21.015,21.1499,20.8801,21.07,20.97599,120,28
1631107860,20.99,21.06,20.9501,20.96,20.99212,104,41
1631107865,20.9782,21.06,20.95,21.05,21.03417,195,62
1631107870,20.985,21.21,20.929,20.9411,21.00113,200,52
1631107875,21.13,21.3,21.0701,21.2773,21.18867,249,121
1631107880,21.25,21.37,21.1401,21.176,21.2794,234,75
1631107885,21.162,21.25,21.07,21.07,21.2007,133,40
1631107890,21.15,21.3,21.0701,21.17,21.16551,399,71
1631107895,21.2,21.2,21.01,21.0864,21.15069,327,61
1631107900,21.0864,21.1,21.01,21.0419,21.05413,156,27
1631107905,21.06,21.06,20.66,20.679,20.84745,363,97
1631107910,20.6501,20.7255,20.53,20.6,20.5787,226,81
1631107915,20.61,20.75,20.53,20.63,20.67994,120,28
1631107920,20.63,20.75,20.63,20.685,20.67983,49,17
1631107925,20.7134,20.97,20.6866,20.8001,20.85884,67,40
1631107930,20.97,21.1,20.8411,20.89,20.97324,109,42
1631107935,20.8184,20.9899,20.8184,20.9,20.90626,79,17
1631107940,20.88,21.2,20.88,21.0765,21.06075,183,64
1631107945,21.095,21.2,21.0,21.095,21.06948,104,32
1631107950,21.1291,21.18,21.0,21.0105,21.13183,63,19
1631107955,21.08,21.11,20.9538,21.025,21.04427,130,45
1631107960,21.06,21.07,21.0,21.0,21.02761,90,22
1631107965,20.9978,21.2,20.99,21.1596,21.14231,378,122
1631107970,21.121,21.18,21.11,21.16,21.14372,152,37
1631107975,21.199,21.3,21.11,21.268,21.19848,394,103
1631107980,21.26,21.3,20.94,20.9423,21.15493,410,91
1631107985,20.9,20.97,20.7,20.97,20.77898,421,75
1631107990,20.8973,20.97,20.8194,20.8923,20.92077,145,21
1631107995,20.91,20.96,20.88,20.88,20.91082,39,12
1631108000,20.9,20.9594,20.72,20.865,20.83308,181,61
1631108005,20.899,20.899,20.82,20.85,20.87577,77,19
1631108010,20.8804,20.8999,20.8151,20.899,20.86137,14,9
1631108015,20.87,20.96,20.87,20.899,20.91083,120,47
1631108020,20.85,20.9,20.8,20.8929,20.8365,64,16
1631108025,20.846,20.94,20.846,20.9322,20.89287,34,13
1631108030,20.8734,20.9399,20.87,20.9399,20.90853,106,11
1631108035,20.9301,20.9301,20.7,20.78,20.81194,172,80
1631108040,20.8001,21.0,20.8,20.965,20.91397,313,60
1631108045,20.9869,20.9869,20.62,20.725,20.70994,395,128
1631108050,20.66,20.75,20.28,20.3384,20.5099,866,260
1631108055,20.2801,20.4587,20.27,20.2923,20.32664,163,72
1631108060,20.4413,20.46,20.27,20.3,20.32903,210,42
1631108065,20.31,20.35,20.12,20.12,20.21362,506,118
1631108070,20.2152,20.2399,20.07,20.16,20.13595,225,90
1631108075,20.1891,20.19,20.1,20.1001,20.13503,162,59
1631108080,20.1701,20.27,20.12,20.24,20.21375,235,74
1631108085,20.24,20.24,20.127,20.1359,20.20514,73,37
1631108090,20.12,20.24,20.12,20.23,20.20939,95,39
1631108095,20.21,20.26,20.1801,20.19,20.24044,73,27
1631108100,20.19,20.25,20.16,20.1695,20.20533,146,70
1631108105,20.19,20.3328,20.1685,20.2612,20.20766,189,44
1631108110,20.2972,20.34,20.25,20.3,20.30929,115,23
1631108115,20.3,20.44,20.29,20.37,20.38547,236,62
1631108120,20.43,20.43,20.3,20.33,20.36569,54,25
1631108125,20.28,20.3888,20.2501,20.32,20.30747,103,29
1631108130,20.3632,20.3699,20.222,20.25,20.29728,56,28
1631108135,20.21,20.29,20.2,20.245,20.25142,59,22
1631108140,20.245,20.36,20.245,20.36,20.29471,68,36
1631108145,20.3004,20.3599,20.26,20.28,20.30288,51,15
1631108150,20.3,20.3,20.21,20.2874,20.26395,43,17
1631108155,20.245,20.27,20.08,20.1,20.18816,294,90
1631108160,20.08,20.1999,20.07,20.1999,20.16113,83,28
1631108165,20.0701,20.186,20.07,20.1283,20.10133,70,15
1631108170,20.0997,20.1999,20.08,20.19,20.15592,72,25
1631108175,20.14,20.1681,20.1,20.1681,20.13363,63,22
1631108180,20.14,20.159,20.1,20.1,20.12334,49,17
1631108185,20.16,20.16,20.0,20.0101,20.01923,261,134
1631108190,20.011,20.08,20.01,20.0301,20.03168,90,33
1631108195,20.031,20.0799,20.0,20.001,20.0116,215,72
1631108200,20.0382,20.08,19.92,19.9887,19.98706,190,80
1631108205,20.0,20.08,19.92,20.01,19.99335,108,56
1631108210,20.04,20.08,20.0003,20.0101,20.03412,54,21
1631108215,20.02,20.25,20.01,20.21,20.14612,181,71
1631108220,20.175,20.23,20.1201,20.1201,20.18009,112,25
1631108225,20.1554,20.2,20.13,20.18,20.17522,127,47
1631108230,20.19,20.199,20.105,20.1376,20.16011,37,21
1631108235,20.14,20.17,20.0601,20.1,20.10877,31,18
1631108240,20.11,20.3,20.11,20.27,20.2173,115,42
1631108245,20.2737,20.39,20.2665,20.38,20.3474,142,48
1631108250,20.345,20.44,20.28,20.35,20.34631,112,38
1631108255,20.3499,20.35,20.2801,20.34,20.32693,60,16
1631108260,20.3395,20.35,20.28,20.3499,20.30025,48,14
1631108265,20.29,20.4092,20.29,20.3387,20.37122,60,18
1631108270,20.37,20.39,20.14,20.2884,20.26609,100,51
1631108275,20.2825,20.3,20.18,20.2999,20.27663,90,18
1631108280,20.1922,20.2909,20.19,20.2523,20.23001,19,12
1631108285,20.23,20.2769,20.2092,20.2769,20.23218,12,4
1631108290,20.255,20.37,20.255,20.3295,20.2983,95,28
1631108295,20.3192,20.3599,20.3001,20.3001,20.32031,60,11
1631108300,20.3178,20.34,20.23,20.3388,20.31356,34,14
1631108305,20.32,20.59,20.32,20.5099,20.45524,127,57
1631108310,20.3531,20.51,20.3001,20.42,20.41915,93,23
1631108315,20.35,20.49,20.35,20.42,20.4178,67,27
1631108320,20.4227,20.45,20.4,20.45,20.42681,28,17
1631108325,20.44,20.49,20.43,20.47,20.4771,104,20
1631108330,20.4898,20.49,20.35,20.35,20.42412,135,49
1631108335,20.399,20.3999,20.35,20.39,20.37607,39,13
1631108340,20.36,20.39,20.3,20.3,20.34238,44,17
1631108345,20.32,20.32,20.27,20.27,20.29403,42,10
1631108350,20.27,20.29,20.2,20.2,20.2247,54,23
1631108355,20.2522,20.45,20.14,20.2005,20.29474,437,127
1631108360,20.366,20.4278,20.22,20.3,20.34032,32,8
1631108365,20.34,20.3897,20.2453,20.2453,20.3425,22,9
1631108370,20.31,20.43,20.3,20.42,20.35102,96,72
1631108375,20.42,20.42,20.351,20.4092,20.40477,20,9
1631108380,20.4,20.45,20.4,20.4344,20.42184,76,18
1631108385,20.44,20.5,20.3732,20.405,20.44114,100,37
1631108390,20.3601,20.42,20.339,20.339,20.37484,89,20
1631108395,20.42,20.42,20.3601,20.42,20.39369,52,16
1631108400,20.4,20.45,20.38,20.42,20.41471,54,14
1631108405,20.43,20.43,20.36,20.39,20.40186,38,20
1631108410,20.4192,20.54,20.4,20.5,20.46035,186,95
1631108415,20.5,20.5,20.3812,20.46,20.43196,29,18
1631108420,20.46,20.46,20.37,20.37,20.40251,78,29
1631108425,20.3578,20.4336,20.35,20.42,20.37493,70,39
1631108430,20.42,20.47,20.3001,20.4426,20.3849,92,42
1631108435,20.41,20.45,20.25,20.45,20.30597,199,44
1631108440,20.3659,20.3962,20.3,20.3797,20.34551,23,9
1631108445,20.4,20.4,20.35,20.38,20.38113,15,14
1631108450,20.3889,20.3889,20.31,20.388,20.34977,24,9
1631108455,20.355,20.388,20.3,20.3204,20.31224,63,21
1631108460,20.3204,20.34,20.2996,20.3175,20.3215,15,9
1631108465,20.31,20.3999,20.31,20.3992,20.35714,50,22
1631108470,20.34,20.39,20.32,20.3381,20.33869,39,18
1631108475,20.3099,20.38,20.3099,20.38,20.35072,17,9
1631108480,20.3448,20.3994,20.2996,20.31,20.35611,23,13
1631108485,20.3939,20.3939,20.31,20.31,20.3873,16,2
1631108490,20.32,20.39,20.3101,20.3101,20.35318,9,6
1631108495,20.32,20.3999,20.32,20.3999,20.3443,35,9
1631108500,20.32,20.398,20.31,20.32,20.32835,36,13
1631108505,20.3536,20.363,20.3101,20.363,20.35642,13,3
1631108510,20.3301,20.3966,20.29,20.295,20.33716,70,23
1631108515,20.32,20.3899,20.14,20.14,20.18907,191,54
1631108520,20.185,20.229,20.14,20.2173,20.19752,55,10
1631108525,20.23,20.23,20.16,20.16,20.19694,21,18
1631108530,20.15,20.15,19.94,19.9577,20.0228,266,106
1631108535,20.0699,20.0699,19.9406,19.98,19.99711,87,24
1631108540,20.01,20.075,20.0,20.07,20.03797,40,16
1631108545,20.075,20.15,20.0199,20.1055,20.08753,66,21
1631108550,20.15,20.15,20.07,20.13,20.12579,68,31
1631108555,20.1196,20.19,20.05,20.19,20.13259,36,29
1631108560,20.12,20.2,20.12,20.15,20.14802,32,9
1631108565,20.1,20.1499,20.07,20.1499,20.09241,13,6
1631108570,20.11,20.1179,20.06,20.11,20.09834,14,8
1631108575,20.07,20.0999,20.048,20.048,20.06453,21,11
1631108580,20.0939,20.1,20.03,20.03,20.07276,26,10
1631108585,20.0301,20.04,20.01,20.03,20.02785,13,12
1631108590,20.07,20.0913,20.02,20.07,20.07096,70,21
1631108595,20.07,20.0935,19.95,20.0,19.98754,129,58
1631108600,20.05,20.05,19.8,19.87,19.85373,458,145
1631108605,19.8649,19.8899,19.8,19.8499,19.84379,191,51
1631108610,19.85,19.8825,19.8,19.875,19.84057,82,21
1631108615,19.86,19.94,19.8534,19.8754,19.87489,60,22
1631108620,19.905,19.95,19.8605,19.8777,19.90395,47,18
1631108625,19.92,19.92,19.87,19.8927,19.89811,55,22
1631108630,19.92,19.92,19.86,19.8632,19.86767,92,28
1631108635,19.8638,19.9,19.85,19.9,19.88081,98,32
1631108640,19.88,19.95,19.86,19.9198,19.90978,104,31
1631108645,19.95,20.05,19.9201,20.0,19.97814,83,32
1631108650,19.99,19.999,19.9001,19.9004,19.93337,27,15
1631108655,19.93,19.9437,19.9,19.9,19.91937,39,17
1631108660,19.91,20.0,19.8703,19.9499,19.93923,68,32
1631108665,19.92,19.95,19.9018,19.915,19.92146,27,16
1631108670,19.9273,19.9299,19.9,19.915,19.92489,45,5
1631108675,19.9269,19.95,19.8859,19.95,19.91931,48,18
1631108680,19.9744,20.0447,19.8814,20.0419,19.99341,126,42
1631108685,20.05,20.06,19.9301,20.03,20.02522,93,33
1631108690,20.03,20.04,19.9671,20.02,20.00241,11,7
1631108695,20.0199,20.04,20.01,20.02,20.02104,72,21
1631108700,20.05,20.1,20.02,20.1,20.0696,78,17
1631108705,20.099,20.1,20.0091,20.1,20.07151,68,31
1631108710,20.0844,20.0844,20.0,20.03,20.03391,11,7
1631108715,20.05,20.06,19.98,20.0599,20.03538,30,8
1631108720,20.035,20.035,20.01,20.015,20.01714,18,7
1631108725,20.0,20.0,19.9889,19.9889,19.99162,5,5
1631108730,19.985,20.0448,19.98,20.04,20.02426,28,14
1631108735,19.9888,19.9994,19.95,19.9985,19.96333,25,4
1631108740,19.9557,19.9999,19.9,19.97,19.95591,39,16
1631108745,19.9853,19.9853,19.86,19.8601,19.89887,20,14
1631108750,19.9034,19.9034,19.81,19.8603,19.83186,165,28
1631108755,19.9408,19.9408,19.8,19.8668,19.83284,95,54
1631108760,19.845,19.8818,19.77,19.79,19.79967,59,33
1631108765,19.7719,19.81,19.64,19.65,19.71475,219,80
1631108770,19.65,19.74,19.64,19.73,19.67773,136,31
1631108775,19.6801,19.78,19.6801,19.75,19.73686,109,43
1631108780,19.7,19.75,19.68,19.68,19.72695,119,25
1631108785,19.68,19.74,19.66,19.675,19.69399,101,39
1631108790,19.685,19.71,19.63,19.7099,19.6616,229,36
1631108795,19.6811,19.7,19.6501,19.6798,19.67594,69,15
1631108800,19.7,19.73,19.65,19.6899,19.68513,119,37
1631108805,19.67,19.77,19.6571,19.74,19.72184,102,38
1631108810,19.7596,19.77,19.73,19.735,19.74237,42,8
1631108815,19.77,19.77,19.74,19.77,19.74776,52,8
1631108820,19.701,19.85,19.701,19.838,19.79451,167,58
1631108825,19.7799,19.85,19.77,19.85,19.80616,89,23
1631108830,19.8,19.8338,19.8,19.82,19.81602,23,11
1631108835,19.815,19.8299,19.8001,19.8001,19.80641,29,7
1631108840,19.8166,19.87,19.8083,19.87,19.85438,23,10
1631108845,19.855,19.9,19.8201,19.8201,19.88171,112,34
1631108850,19.8305,19.9,19.8305,19.88,19.87914,27,17
1631108855,19.865,19.88,19.85,19.87,19.87,33,17
1631108860,19.87,19.87,19.81,19.8593,19.85089,30,13
1631108865,19.8301,19.87,19.8091,19.8091,19.84456,15,9
1631108870,19.825,19.8444,19.825,19.825,19.83155,8,4
1631108875,19.832,19.8467,19.81,19.821,19.82756,31,10
1631108880,19.84,19.8499,19.84,19.8499,19.84825,12,2
1631108885,19.84,19.84,19.77,19.81,19.81401,48,15
1631108890,19.85,19.87,19.8024,19.8024,19.84081,34,18
1631108895,19.8455,19.8455,19.81,19.81,19.82004,9,3
1631108900,19.8101,19.82,19.77,19.81,19.80276,20,6
1631108905,19.8,19.8,19.77,19.79,19.78279,11,6
1631108910,19.76,19.76,19.71,19.71,19.72766,34,14
1631108915,19.7416,19.7416,19.7201,19.735,19.72939,19,3
1631108920,19.72,19.7399,19.72,19.7399,19.72775,37,8
1631108925,19.73,19.73,19.71,19.71,19.72,8,4
1631108930,19.71,19.725,19.67,19.67,19.69735,77,36
1631108935,19.66,19.66,19.52,19.629,19.5976,247,81
1631108940,19.62,19.65,19.62,19.63,19.63514,52,23
1631108945,19.601,19.64,19.59,19.615,19.61012,62,21
1631108950,19.6063,19.65,19.6063,19.65,19.63942,80,42
1631108955,19.6302,19.6482,19.5915,19.6145,19.61781,42,27
1631108960,19.599,19.63,19.57,19.63,19.59504,54,22
1631108965,19.63,19.63,19.6,19.6,19.61051,26,10
1631108970,19.62,19.67,19.62,19.67,19.64828,59,32
1631108975,19.6613,19.67,19.6301,19.67,19.64622,24,10
1631108980,19.66,19.6694,19.6501,19.66,19.65746,24,17
1631108985,19.67,19.78,19.653,19.78,19.70822,70,28
1631108990,19.7785,19.7785,19.697,19.74,19.73712,9,5
1631108995,19.78,19.85,19.7744,19.85,19.8044,77,29
1631109000,19.7939,19.85,19.7939,19.84,19.83064,71,25
1631109005,19.83,19.8399,19.77,19.8,19.80781,13,5
1631109010,19.7801,19.84,19.7756,19.7756,19.79106,17,4
1631109015,19.785,19.785,19.785,19.785,19.785,2,1
1631109020,19.79,19.79,19.71,19.76,19.76731,29,13
1631109025,19.76,19.76,19.72,19.72,19.74344,10,5
1631109030,19.8,19.8,19.6708,19.6708,19.71297,67,14
1631109035,19.735,19.7999,19.735,19.79,19.76341,21,5
1631109040,19.72,19.76,19.6501,19.705,19.72328,29,11
1631109045,19.7446,19.75,19.7446,19.745,19.74651,13,5
1631109050,19.7032,19.7032,19.7032,19.7032,19.7032,5,1
1631109055,19.72,19.73,19.63,19.7,19.66911,22,11
1631109060,19.68,19.6849,19.68,19.6849,19.68194,2,2
1631109065,19.7099,19.7099,19.64,19.64,19.6804,49,5
1631109070,19.65,19.68,19.6101,19.6101,19.64938,55,16
1631109075,19.645,19.68,19.64,19.6685,19.65526,24,11
1631109080,19.6411,19.6499,19.6,19.6,19.62674,29,3
1631109085,19.61,19.65,19.57,19.6199,19.60542,61,24
1631109090,19.595,19.595,19.51,19.5104,19.53915,105,30
1631109095,19.56,19.62,19.5521,19.6104,19.57855,39,13
1631109100,19.62,19.62,19.5568,19.5602,19.59855,30,10
1631109105,19.6095,19.62,19.56,19.59,19.60295,102,34
1631109110,19.5769,19.62,19.5508,19.62,19.58968,49,24
1631109115,19.619,19.67,19.56,19.67,19.6036,76,27
1631109120,19.67,19.74,19.6501,19.7,19.70577,70,20
1631109125,19.7403,19.7403,19.659,19.73,19.7129,20,4
1631109130,19.72,19.77,19.72,19.74,19.74843,27,11
1631109135,19.74,19.78,19.66,19.66,19.75376,87,44
1631109140,19.715,19.7543,19.7125,19.7543,19.72291,15,4
1631109145,19.73,19.8,19.73,19.7762,19.76755,129,46
1631109150,19.78,19.97,19.751,19.97,19.84691,137,69
1631109155,19.8683,19.97,19.8683,19.95,19.92287,57,9
1631109160,19.8893,19.95,19.85,19.85,19.90119,27,16
1631109165,19.835,19.94,19.83,19.9006,19.86628,164,30
1631109170,19.933,19.98,19.905,19.9743,19.94622,184,46
1631109175,19.9737,20.0,19.965,19.9859,19.98508,107,46
1631109180,19.97,20.01,19.9563,20.01,19.98732,89,48
1631109185,20.0,20.02,19.99,19.995,20.00511,214,90
1631109190,20.0,20.01,19.97,20.01,19.99972,93,51
1631109195,20.03,20.03,20.0038,20.03,20.02198,136,44
1631109200,20.022,20.1,20.0197,20.0899,20.04119,108,52
1631109205,20.0861,20.21,20.0687,20.2,20.13977,279,63
1631109210,20.2019,20.29,20.1301,20.275,20.24653,268,119
1631109215,20.27,20.36,20.2301,20.2506,20.31828,321,65
1631109220,20.25,20.35,20.2303,20.265,20.2787,172,52
1631109225,20.23,20.29,20.14,20.24,20.23625,144,41
1631109230,20.1916,20.26,20.1801,20.2073,20.23346,80,24
1631109235,20.1825,20.1946,20.07,20.1525,20.15746,77,21
1631109240,20.16,20.25,20.1525,20.24,20.20488,108,51
1631109245,20.2457,20.3,20.2001,20.2977,20.26815,101,55
1631109250,20.2706,20.3,20.2365,20.3,20.26315,42,22
1631109255,20.2989,20.3,20.25,20.3,20.28728,125,56
1631109260,20.29,20.2901,20.101,20.1497,20.20748,98,43
1631109265,20.1005,20.21,20.1,20.21,20.14839,60,22
1631109270,20.2,20.24,20.2,20.205,20.22465,35,10
1631109275,20.195,20.21,20.03,20.1873,20.10694,236,70
1631109280,20.1028,20.1342,20.03,20.0954,20.08659,41,8
1631109285,20.12,20.1299,20.06,20.06,20.06819,33,15
1631109290,20.0962,20.1018,20.06,20.0808,20.07392,38,13
1631109295,20.07,20.09,20.0,20.0,20.01027,103,33
1631109300,20.045,20.0785,20.0,20.015,20.01388,58,19
1631109305,20.01,20.03,19.92,20.0,19.98822,112,39
1631109310,20.005,20.015,19.9817,19.9817,20.00319,45,28
1631109315,19.95,20.0,19.9011,19.9011,19.94433,50,13
1631109320,19.9,19.99,19.9,19.989,19.94836,23,11
1631109325,19.9742,19.9798,19.9,19.91,19.9508,28,14
1631109330,19.9,19.94,19.8596,19.8596,19.89528,57,28
1631109335,19.8999,19.9,19.82,19.8943,19.85727,86,26
1631109340,19.9,19.9,19.8494,19.9,19.88827,32,16
1631109345,19.9,19.9,19.8855,19.9,19.89864,40,33
1631109350,19.9,19.9,19.8922,19.8922,19.89688,5,4
1631109355,19.8999,19.9,19.82,19.89,19.86846,43,25
1631109360,19.86,19.899,19.86,19.88,19.87997,16,9
1631109365,19.88,19.9,19.88,19.88,19.89763,56,8
1631109370,19.8991,19.8991,19.8601,19.8601,19.89009,14,5
1631109375,19.8691,19.8743,19.84,19.84,19.85537,19,12
1631109380,19.85,19.85,19.82,19.8212,19.82649,35,6
1631109385,19.8302,19.8706,19.79,19.8,19.81288,40,15
1631109390,19.7995,19.8,19.73,19.7994,19.77374,72,25
1631109395,19.8,19.89,19.8,19.8847,19.82929,26,10
1631109400,19.808,19.88,19.808,19.845,19.84335,15,6
1631109405,19.8652,19.8652,19.8292,19.8292,19.8599,12,3
1631109410,19.845,19.9392,19.845,19.9382,19.89015,59,26
1631109415,19.9315,19.9348,19.915,19.933,19.9317,9,4
1631109420,19.85,19.863,19.85,19.863,19.85709,5,2
1631109425,19.9,19.9,19.7501,19.8799,19.80093,65,17
1631109430,19.8789,19.8849,19.8789,19.8849,19.8809,3,3
1631109435,19.8901,19.8999,19.85,19.8999,19.89503,29,5
1631109440,19.84,19.84,19.84,19.84,19.84,1,1
1631109445,19.8499,19.8999,19.84,19.8985,19.86016,51,30
1631109450,19.8001,19.8775,19.8001,19.8775,19.84834,7,5
1631109455,19.855,19.855,19.855,19.855,19.855,1,1
1631109460,19.89,19.9,19.8213,19.855,19.86808,8,4
1631109465,19.879,19.879,19.831,19.85,19.84723,6,4
1631109470,19.86,19.86,19.8,19.8,19.81986,75,17
1631109475,19.83,19.8353,19.81,19.83,19.82248,11,5
1631109480,19.83,19.83,19.81,19.81,19.82563,8,4
1631109485,19.8085,19.825,19.8085,19.825,19.81382,3,2
1631109490,19.8,19.8599,19.8,19.82,19.81345,44,17
1631109495,19.8008,19.85,19.8008,19.83,19.82791,30,6
1631109500,19.8589,19.86,19.83,19.85,19.85139,19,12
1631109505,19.85,19.85,19.85,19.85,19.85,0,0
1631109510,19.8106,19.8699,19.8106,19.8257,19.82106,27,5
1631109515,19.84,19.84,19.835,19.835,19.8375,2,2
1631109520,19.845,19.87,19.845,19.87,19.86602,25,22
1631109525,19.869,19.869,19.86,19.86,19.86281,41,15
1631109530,19.879,19.88,19.87,19.88,19.87835,31,21
1631109535,19.9,19.94,19.8701,19.9,19.90665,97,43
1631109540,19.895,19.895,19.8795,19.8795,19.89242,6,2
1631109545,19.9072,19.9099,19.87,19.89,19.88679,34,14
1631109550,19.865,19.8893,19.8386,19.871,19.8541,25,6
1631109555,19.875,19.9,19.875,19.8942,19.89457,18,11
1631109560,19.9,19.9,19.8391,19.8572,19.8666,15,9
1631109565,19.91,19.92,19.8773,19.88,19.90067,17,10
1631109570,19.92,19.92,19.877,19.877,19.91456,11,10
1631109575,19.91,19.94,19.9,19.91,19.92149,51,30
1631109580,19.92,19.92,19.9001,19.92,19.91769,27,16
1631109585,19.9,19.9001,19.8662,19.8662,19.87841,8,6
1631109590,19.88,19.88,19.88,19.88,19.88,4,2
1631109595,19.8801,19.9,19.8603,19.88,19.87726,8,5
1631109600,19.9,19.9,19.8686,19.8686,19.89253,13,8
1631109605,19.9,19.94,19.9,19.94,19.92206,55,19
1631109610,19.9212,19.95,19.8963,19.945,19.92977,69,35
1631109615,19.963,20.15,19.9559,20.15,20.07463,245,84
1631109620,20.18,20.245,20.1401,20.2091,20.18803,171,68
1631109625,20.18,20.1942,20.13,20.13,20.17092,80,28
1631109630,20.17,20.2827,20.17,20.2413,20.22395,152,72
1631109635,20.2369,20.24,20.21,20.21,20.22167,59,30
1631109640,20.11,20.21,20.03,20.2,20.12985,119,24
1631109645,20.1999,20.1999,20.0901,20.0901,20.15415,9,7
1631109650,20.114,20.23,20.09,20.1401,20.19338,93,50
1631109655,20.2011,20.24,20.175,20.21,20.21542,68,17
1631109660,20.2,20.24,20.1566,20.2392,20.21629,65,21
1631109665,20.23,20.27,20.23,20.26,20.24184,133,38
1631109670,20.26,20.28,20.2,20.2796,20.25487,154,42
1631109675,20.21,20.28,20.21,20.28,20.25077,37,16
1631109680,20.265,20.3,20.25,20.275,20.29063,257,105
1631109685,20.2997,20.3,20.2,20.22,20.25928,124,41
1631109690,20.2001,20.25,20.2001,20.23,20.22623,52,21
1631109695,20.244,20.25,20.231,20.241,20.24627,58,26
1631109700,20.25,20.2687,20.2,20.2301,20.23403,30,17
1631109705,20.25,20.26,20.2028,20.2028,20.22695,104,29
1631109710,20.19,20.25,20.09,20.13,20.1182,149,25
1631109715,20.13,20.25,20.0901,20.25,20.16106,33,12
1631109720,20.2393,20.2393,20.18,20.23,20.21353,49,6
1631109725,20.25,20.25,20.2,20.2,20.21599,28,6
1631109730,20.21,20.23,20.1301,20.1301,20.17823,10,8
1631109735,20.13,20.13,20.05,20.0959,20.08714,67,19
1631109740,20.0505,20.115,20.05,20.05,20.05726,12,5
1631109745,20.11,20.11,20.06,20.072,20.08037,37,8
1631109750,20.1,20.11,20.0,20.07,20.04136,71,30
1631109755,20.04,20.07,19.96,20.0201,20.01647,145,40
1631109760,20.035,20.07,20.0,20.0283,20.03178,51,16
1631109765,20.04,20.0627,20.04,20.0627,20.05621,3,2
1631109770,20.05,20.07,20.0347,20.06,20.05339,54,23
1631109775,20.03,20.07,20.01,20.07,20.04842,21,10
1631109780,20.0699,20.0699,20.0201,20.0201,20.04892,12,6
1631109785,20.0452,20.0452,20.03,20.04,20.03916,9,4
1631109790,20.05,20.07,20.0486,20.0637,20.05522,53,9
1631109795,20.0642,20.0699,20.04,20.0677,20.0633,34,6
1631109800,20.0699,20.0699,19.95,19.9501,19.99194,95,30
1631109805,20.05,20.05,19.96,20.0299,20.0116,21,7
1631109810,19.9663,20.03,19.9603,19.9603,19.99165,19,3
1631109815,19.99,20.0292,19.99,20.0209,20.02593,22,4
1631109820,19.97,20.0265,19.97,20.0156,19.98601,15,6
1631109825,20.0186,20.0186,19.95,19.97,19.97045,38,8
1631109830,19.9834,20.0,19.9834,20.0,19.98826,8,6
1631109835,19.96,19.9936,19.951,19.9561,19.9605,25,12
1631109840,19.9774,20.04,19.9774,20.04,20.00619,52,28
1631109845,20.0299,20.14,20.028,20.1097,20.06341,136,51
1631109850,20.1124,20.12,20.1099,20.12,20.11263,7,4
1631109855,20.109,20.1119,20.1042,20.11,20.10901,7,4
1631109860,20.08,20.0944,20.071,20.085,20.08279,13,5
1631109865,20.0994,20.13,20.09,20.09,20.11432,34,19
1631109870,20.12,20.13,20.0935,20.0935,20.11887,40,21
1631109875,20.06,20.09,20.05,20.09,20.06686,7,7
1631109880,20.0909,20.1,20.0668,20.1,20.08939,22,12
1631109885,20.09,20.1719,20.09,20.1705,20.11233,70,17
1631109890,20.18,20.2,20.14,20.1555,20.16992,29,18
1631109895,20.14,20.18,20.14,20.1545,20.16768,22,14
1631109900,20.1737,20.18,20.1301,20.1368,20.15775,36,17
1631109905,20.15,20.18,20.15,20.155,20.17524,116,29
1631109910,20.1719,20.18,20.13,20.1785,20.15814,46,14
1631109915,20.1201,20.18,20.1201,20.1712,20.14984,65,15
1631109920,20.14,20.18,20.14,20.178,20.1765,16,8
1631109925,20.1284,20.3,20.1284,20.296,20.2481,110,32
1631109930,20.29,20.3,20.1201,20.1914,20.27092,188,53
1631109935,20.289,20.38,20.24,20.3471,20.31191,339,154
1631109940,20.3,20.4072,20.3,20.373,20.35308,242,56
1631109945,20.374,20.4,20.28,20.3738,20.34956,138,49
1631109950,20.34,20.39,20.305,20.38,20.3581,70,22
1631109955,20.359,20.36,20.315,20.3525,20.35526,108,57
1631109960,20.3573,20.39,20.3107,20.3633,20.34972,94,27
1631109965,20.36,20.43,20.36,20.4,20.4013,86,47
1631109970,20.3914,20.43,20.37,20.37,20.40285,126,39
1631109975,20.3704,20.41,20.18,20.24,20.29014,157,57
1631109980,20.181,20.3299,20.1801,20.27,20.26708,37,14
1631109985,20.2114,20.2866,20.2,20.2001,20.22001,70,24
1631109990,20.23,20.23,20.2,20.2001,20.20907,21,7
1631109995,20.2,20.2253,20.2,20.2253,20.21009,17,11
1631110000,20.215,20.23,20.18,20.205,20.20617,68,37
1631110005,20.165,20.22,20.1001,20.2,20.14825,91,27
1631110010,20.15,20.2,20.15,20.196,20.16877,34,11
1631110015,20.195,20.2,20.1601,20.17,20.18229,27,7
1631110020,20.2057,20.22,20.2057,20.22,20.21142,5,2
1631110025,20.215,20.23,20.1701,20.1701,20.21203,15,4
1631110030,20.2,20.23,20.2,20.23,20.21884,7,2
1631110035,20.1901,20.25,20.1901,20.2001,20.23012,45,25
1631110040,20.235,20.25,20.15,20.24,20.21312,58,22
1631110045,20.23,20.24,20.2,20.24,20.23581,29,10
1631110050,20.237,20.25,20.229,20.24,20.24493,132,54
1631110055,20.2261,20.2551,20.22,20.25,20.23325,20,8
1631110060,20.25,20.3,20.2201,20.2737,20.27276,47,26
1631110065,20.2295,20.2295,20.2295,20.2295,20.2295,2,1
1631110070,20.2287,20.275,20.2,20.2,20.21838,28,12
1631110075,20.274,20.2824,20.2001,20.2001,20.23106,45,9
1631110080,20.245,20.245,20.2096,20.2096,20.22499,6,2
1631110085,20.2773,20.2773,20.2001,20.2001,20.21653,4,3
1631110090,20.28,20.29,20.23,20.27,20.27761,114,48
1631110095,20.2301,20.34,20.2001,20.34,20.29942,69,25
1631110100,20.28,20.3303,20.2201,20.27,20.27568,21,7
1631110105,20.3399,20.34,20.24,20.2468,20.29248,36,15
1631110110,20.33,20.33,20.27,20.2767,20.28334,17,4
1631110115,20.27,20.33,20.265,20.314,20.29755,88,6
1631110120,20.2887,20.2998,20.2887,20.2915,20.29897,40,4
1631110125,20.2915,20.2915,20.2201,20.28,20.2511,32,12
1631110130,20.27,20.2796,20.2,20.2,20.20944,74,27
1631110135,20.21,20.263,20.21,20.263,20.24536,10,3
1631110140,20.2699,20.27,20.2,20.2699,20.23196,32,10
1631110145,20.211,20.2699,20.211,20.2634,20.25243,29,5
1631110150,20.2626,20.2626,20.2001,20.23,20.20596,41,3
1631110155,20.255,20.28,20.255,20.2799,20.26713,91,58
1631110160,20.2662,20.2746,20.251,20.2746,20.2666,4,3
1631110165,20.28,20.28,20.25,20.2799,20.27116,13,7
1631110170,20.22,20.2674,20.2,20.2674,20.21778,11,4
1631110175,20.2499,20.2499,20.2,20.2,20.21248,4,2
1631110180,20.21,20.2499,20.06,20.1402,20.12008,148,60
1631110185,20.09,20.23,20.0701,20.15,20.14824,50,13
1631110190,20.15,20.15,20.06,20.105,20.11449,59,15
1631110195,20.0686,20.0905,19.9,19.9064,19.99616,198,81
1631110200,19.93,19.935,19.8101,19.85,19.8807,114,46
1631110205,19.8213,19.8799,19.8,19.84,19.81327,46,26
1631110210,19.8518,19.9,19.8107,19.8915,19.88471,110,22
1631110215,19.89,19.9299,19.888,19.9279,19.90299,52,18
1631110220,19.9249,19.98,19.8901,19.98,19.93495,49,21
1631110225,20.0,20.0,19.95,19.965,19.97832,12,8
1631110230,19.9384,20.0,19.9384,20.0,19.98491,34,9
1631110235,20.0101,20.06,20.0101,20.0195,20.03993,24,10
1631110240,20.0694,20.0694,20.0147,20.02,20.05704,64,8
1631110245,20.0,20.08,19.9501,20.05,20.05524,58,27
1631110250,20.04,20.06,20.04,20.06,20.05417,12,3
1631110255,19.96,20.012,19.96,20.012,19.99582,11,7
1631110260,20.0076,20.0076,19.9585,19.9585,19.99714,31,7
1631110265,19.99,20.19,19.9577,20.1515,20.12967,164,49
1631110270,20.0884,20.1745,20.0884,20.1745,20.09633,10,2
1631110275,20.07,20.07,20.067,20.067,20.0675,6,2
1631110280,20.14,20.16,20.07,20.0731,20.13523,40,12
1631110285,20.1477,20.1477,20.1474,20.1474,20.1476,4,2
1631110290,20.1507,20.16,20.09,20.1425,20.13712,11,6
1631110295,20.1589,20.16,20.1525,20.1525,20.15607,33,19
1631110300,20.1818,20.19,20.11,20.1101,20.14978,19,8
1631110305,20.1,20.11,20.06,20.0951,20.07732,17,5
1631110310,20.1376,20.1393,20.1328,20.1328,20.13551,9,3
1631110315,20.1281,20.14,20.12,20.12,20.13215,9,5
1631110320,20.1359,20.1359,20.0601,20.0601,20.12643,8,3
1631110325,20.085,20.15,20.077,20.1,20.10649,38,14
1631110330,20.0601,20.07,19.982,19.982,20.03789,83,41
1631110335,19.9601,19.985,19.95,19.96,19.96487,37,13
1631110340,20.0,20.01,19.9503,20.01,19.98611,48,17
1631110345,19.9527,20.0589,19.9527,20.0513,20.01996,42,4
1631110350,20.0513,20.0513,20.0513,20.0513,20.0513,0,0
1631110355,20.05,20.05,19.9801,19.9801,20.00569,4,2
1631110360,20.02,20.02,19.99,19.99,20.005,4,3
1631110365,20.025,20.06,20.025,20.05,20.05818,83,43
1631110370,20.0292,20.12,20.0292,20.1,20.1023,106,40
1631110375,20.0887,20.0887,20.02,20.02,20.05123,5,3
1631110380,20.02,20.02,20.02,20.02,20.02,0,0
1631110385,20.06,20.08,20.06,20.08,20.0671,3,2
1631110390,20.075,20.0914,20.05,20.0501,20.06112,12,10
1631110395,20.0201,20.0201,20.0201,20.0201,20.0201,6,2
1631110400,20.0904,20.0904,20.09,20.09,20.09011,9,4
1631110405,20.09,20.09,20.09,20.09,20.09,0,0
1631110410,20.0831,20.0831,20.0301,20.0301,20.06985,4,2
1631110415,20.0385,20.09,20.0385,20.0581,20.07504,16,13
1631110420,20.1,20.14,20.0998,20.1,20.1159,115,23
1631110425,20.0624,20.14,20.0624,20.135,20.06984,45,6
1631110430,20.1396,20.15,20.1396,20.148,20.14357,26,10
1631110435,20.1242,20.15,20.105,20.105,20.13237,17,7
1631110440,20.14,20.14,20.14,20.14,20.14,2,1
1631110445,20.0822,20.16,20.0822,20.1392,20.10035,55,13
1631110450,20.149,20.17,20.149,20.1599,20.15632,14,7
1631110455,20.1645,20.19,20.145,20.15,20.16185,23,8
1631110460,20.1701,20.1701,20.15,20.15,20.15574,3,2
1631110465,20.15,20.1696,20.14,20.1501,20.14519,25,8
1631110470,20.1198,20.17,20.1101,20.1101,20.1296,15,5
1631110475,20.17,20.17,20.06,20.1285,20.1163,22,15
1631110480,20.1399,20.1399,20.05,20.05,20.0828,28,4
1631110485,20.09,20.14,20.0501,20.14,20.10192,25,3
1631110490,20.127,20.127,20.0603,20.0603,20.11161,13,2
1631110495,20.0917,20.13,20.0579,20.0579,20.07422,7,3
1631110500,20.06,20.1164,20.0227,20.1164,20.05715,54,13
1631110505,20.0101,20.0101,20.0101,20.0101,20.0101,10,1
1631110510,20.0169,20.09,20.0101,20.0176,20.01419,63,4
1631110515,20.0887,20.089,20.0456,20.0456,20.08372,17,3
1631110520,20.0384,20.05,20.0384,20.05,20.04895,11,2
1631110525,20.0457,20.0457,20.0457,20.0457,20.0457,2,1
1631110530,20.02,20.0433,19.95,19.99,20.00225,147,54
1631110535,20.01,20.01,20.0001,20.0057,20.00598,18,10
1631110540,20.01,20.02,19.95,19.9501,19.96535,132,48
1631110545,19.95,19.971,19.95,19.971,19.95278,39,3
1631110550,19.9765,19.9765,19.95,19.965,19.95906,21,5
1631110555,19.9799,19.9799,19.95,19.96,19.96252,15,7
1631110560,19.9765,19.9765,19.96,19.96,19.975,11,2
1631110565,19.9454,19.956,19.874,19.9076,19.91027,171,43
1631110570,19.87,19.9034,19.85,19.85,19.85647,48,19
1631110575,19.8937,19.8999,19.85,19.8599,19.85753,69,16
1631110580,19.8581,19.889,19.77,19.77,19.81416,129,41
1631110585,19.8163,19.85,19.75,19.77,19.78493,98,26
1631110590,19.772,19.8029,19.66,19.789,19.72203,266,87
1631110595,19.722,19.77,19.66,19.6806,19.69228,145,36
1631110600,19.715,19.9,19.7,19.75,19.78682,120,28
1631110605,19.8774,19.8787,19.8,19.8,19.81622,12,4
1631110610,19.9,19.9,19.8494,19.8494,19.86108,13,2
1631110615,19.83,19.88,19.78,19.7908,19.84931,36,9
1631110620,19.8499,19.8499,19.82,19.8433,19.83946,25,9
1631110625,19.8,19.8367,19.76,19.76,19.78462,37,17
1631110630,19.78,19.8483,19.77,19.8155,19.7958,21,8
1631110635,19.7886,19.84,19.7886,19.8325,19.82407,16,3
1631110640,19.8399,19.8399,19.68,19.7144,19.71727,143,73
1631110645,19.7,19.7137,19.66,19.71,19.68595,52,25
1631110650,19.69,19.7822,19.6803,19.6803,19.70363,97,49
1631110655,19.7201,19.7314,19.7201,19.7314,19.72448,6,3
1631110660,19.7939,19.8,19.7467,19.7467,19.7639,44,6
1631110665,19.8,19.85,19.74,19.7799,19.79274,39,13
1631110670,19.8,19.809,19.719,19.72,19.7362,35,16
1631110675,19.6869,19.7139,19.6869,19.7,19.70032,5,3
1631110680,19.6864,19.72,19.67,19.72,19.68689,63,15
1631110685,19.69,19.7902,19.69,19.7902,19.72653,52,25
1631110690,19.755,19.76,19.755,19.76,19.75625,4,2
1631110695,19.79,19.8,19.775,19.775,19.78798,24,9
1631110700,19.8,19.8,19.8,19.8,19.8,2,2
1631110705,19.8,19.817,19.78,19.81,19.80275,54,5
1631110710,19.8,19.8,19.79,19.79,19.794,5,2
1631110715,19.8132,19.82,19.78,19.82,19.79629,6,5
1631110720,19.82,19.82,19.82,19.82,19.82,0,0
1631110725,19.7999,19.7999,19.79,19.79,19.79805,6,2
1631110730,19.7246,19.7299,19.7246,19.7299,19.72548,6,2
1631110735,19.7368,19.7811,19.7368,19.7791,19.75964,5,3
1631110740,19.76,19.79,19.7401,19.7401,19.76606,30,7
1631110745,19.79,19.79,19.74,19.7899,19.78112,36,17
1631110750,19.7831,19.82,19.74,19.8,19.79177,40,17
1631110755,19.838,19.8499,19.795,19.83,19.83903,16,5
1631110760,19.8356,19.89,19.8356,19.84,19.85618,34,10
1631110765,19.8899,19.8899,19.8769,19.8769,19.88555,4,2
1631110770,19.8402,19.8402,19.835,19.835,19.83753,5,2
1631110775,19.8744,19.8744,19.835,19.835,19.84485,4,2
1631110780,19.86,19.8882,19.86,19.8882,19.87104,17,4
1631110785,19.83,19.8792,19.83,19.8792,19.8479,13,6
1631110790,19.82,19.8307,19.7874,19.7874,19.81142,13,8
1631110795,19.83,19.8392,19.7401,19.795,19.77949,29,6
1631110800,19.75,19.85,19.74,19.85,19.75045,34,11
1631110805,19.7549,19.78,19.7549,19.78,19.76065,13,5
1631110810,19.7999,19.7999,19.7999,19.7999,19.7999,11,2
1631110815,19.7999,19.8,19.7999,19.8,19.79997,50,4
1631110820,19.78,19.8,19.78,19.7995,19.78933,10,3
1631110825,19.8606,19.8606,19.8606,19.8606,19.8606,2,2
1631110830,19.8899,19.8899,19.8001,19.8699,19.82511,17,5
1631110835,19.8,19.8,19.79,19.8,19.79941,34,6
1631110840,19.7501,19.785,19.7501,19.785,19.76007,3,2
1631110845,19.76,19.7601,19.76,19.7601,19.76007,3,2
1631110850,19.7601,19.7601,19.7601,19.7601,19.7601,0,0
1631110855,19.8129,19.8129,19.7637,19.7861,19.77225,27,3
1631110860,19.7655,19.79,19.7,19.79,19.74892,67,25
1631110865,19.7,19.7366,19.7,19.7,19.72109,29,4
1631110870,19.79,19.79,19.7001,19.7637,19.736,59,6
1631110875,19.7552,19.7552,19.67,19.67,19.70321,99,33
1631110880,19.6648,19.7042,19.65,19.6501,19.65729,49,18
1631110885,19.65,19.66,19.6,19.6,19.61512,75,29
1631110890,19.621,19.621,19.5894,19.5894,19.60302,92,19
1631110895,19.57,19.6199,19.53,19.54,19.55538,91,31
1631110900,19.595,19.6,19.51,19.54,19.53337,188,62
1631110905,19.5783,19.5783,19.5101,19.5589,19.5302,50,5
1631110910,19.555,19.61,19.5201,19.57,19.56717,28,10
1631110915,19.6091,19.63,19.54,19.5605,19.62095,54,11
1631110920,19.55,19.63,19.5401,19.5401,19.57919,125,43
1631110925,19.6284,19.63,19.5501,19.6,19.58764,92,25
1631110930,19.6271,19.6271,19.5,19.5703,19.51449,278,120
1631110935,19.5527,19.67,19.5125,19.55,19.60218,62,23
1631110940,19.6018,19.61,19.57,19.58,19.57414,26,8
1631110945,19.6539,19.6539,19.5,19.5001,19.51551,145,52
1631110950,19.57,19.605,19.5501,19.6,19.5826,76,16
1631110955,19.6224,19.6386,19.5238,19.57,19.55827,45,16
1631110960,19.5639,19.57,19.5639,19.57,19.56556,11,2
1631110965,19.5699,19.57,19.5201,19.5201,19.56247,11,4
1631110970,19.55,19.575,19.5456,19.575,19.55632,22,6
1631110975,19.58,19.5999,19.545,19.5899,19.57044,11,5
1631110980,19.5717,19.6,19.55,19.5609,19.56208,103,19
1631110985,19.55,19.6394,19.55,19.5625,19.56846,19,3
1631110990,19.595,19.6399,19.5724,19.6307,19.59419,24,4
1631110995,19.6399,19.6399,19.56,19.5634,19.60083,31,7
1631111000,19.594,19.594,19.5689,19.5689,19.58145,2,2
1631111005,19.61,19.61,19.5818,19.5818,19.5866,12,2
1631111010,19.5726,19.6212,19.56,19.56,19.5749,15,9
1631111015,19.5799,19.5799,19.551,19.56,19.56146,59,15
1631111020,19.6,19.64,19.5895,19.5895,19.61811,39,16
1631111025,19.6194,19.64,19.6072,19.61,19.63269,79,25
1631111030,19.62,19.64,19.6,19.6199,19.6087,31,16
1631111035,19.595,19.61,19.5904,19.595,19.59634,16,5
1631111040,19.595,19.61,19.595,19.61,19.59745,12,3
1631111045,19.62,19.6399,19.62,19.62,19.62166,12,3
1631111050,19.62,19.6399,19.6,19.6354,19.62534,12,4
1631111055,19.6333,19.6333,19.6333,19.6333,19.6333,1,1
1631111060,19.6333,19.6333,19.6333,19.6333,19.6333,0,0
1631111065,19.62,19.6399,19.6,19.6183,19.60629,55,16
1631111070,19.6085,19.6085,19.56,19.56,19.58736,30,6
1631111075,19.5809,19.5809,19.58,19.58,19.58045,2,2
1631111080,19.58,19.58,19.58,19.58,19.58,0,0
1631111085,19.61,19.6179,19.61,19.6169,19.61676,8,4
1631111090,19.61,19.61,19.6,19.6,19.60696,7,2
1631111095,19.5884,19.5899,19.5601,19.57,19.57855,13,6
1631111100,19.5956,19.6,19.58,19.58,19.59035,21,5
1631111105,19.5939,19.63,19.5676,19.63,19.60736,19,12
1631111110,19.5874,19.6338,19.5874,19.62,19.60714,22,6
1631111115,19.5875,19.59,19.5844,19.59,19.58564,7,3
1631111120,19.6041,19.6171,19.6027,19.6171,19.61003,14,6
1631111125,19.6199,19.62,19.6175,19.62,19.61924,8,7
1631111130,19.6099,19.6176,19.6099,19.6176,19.61587,5,3
1631111135,19.6289,19.6289,19.6289,19.6289,19.6289,8,1
1631111140,19.63,19.63,19.63,19.63,19.63,3,2
1631111145,19.63,19.64,19.62,19.62,19.63551,25,20
1631111150,19.6,19.61,19.58,19.58,19.60427,11,4
1631111155,19.5929,19.6318,19.5929,19.6318,19.60192,11,6
1631111160,19.59,19.64,19.59,19.64,19.6368,19,3
1631111165,19.5963,19.6389,19.5963,19.633,19.62331,6,3
1631111170,19.6316,19.64,19.5966,19.6,19.61057,14,5
1631111175,19.64,19.64,19.64,19.64,19.64,18,7
1631111180,19.6326,19.64,19.6326,19.6348,19.63872,18,5
1631111185,19.62,19.64,19.608,19.64,19.63257,7,3
1631111190,19.64,19.64,19.6061,19.6066,19.63071,16,6
1631111195,19.6399,19.64,19.63,19.635,19.6385,130,54
1631111200,19.6313,19.6413,19.6201,19.6233,19.62785,31,7
1631111205,19.6255,19.63,19.6203,19.6225,19.6277,40,8
1631111210,19.64,19.719,19.64,19.71,19.67863,93,31
1631111215,19.65,19.65,19.62,19.625,19.63858,30,5
1631111220,19.6322,19.64,19.63,19.64,19.63229,38,4
1631111225,19.6258,19.6487,19.6258,19.6437,19.6448,12,4
1631111230,19.65,19.65,19.5669,19.5669,19.60599,59,29
1631111235,19.5669,19.5669,19.5669,19.5669,19.5669,0,0
1631111240,19.6298,19.6298,19.52,19.52,19.54617,56,22
1631111245,19.5202,19.549,19.5,19.5,19.51916,127,36
1631111250,19.5,19.5092,19.3,19.3,19.3558,442,168
1631111255,19.3001,19.3001,19.1,19.145,19.17441,286,125
1631111260,19.12,19.2399,19.12,19.2018,19.1737,101,47
1631111265,19.14,19.2389,19.13,19.1501,19.17197,44,17
1631111270,19.14,19.2099,19.14,19.16,19.17468,46,17
1631111275,19.19,19.21,19.1501,19.1501,19.18096,27,15
1631111280,19.2039,19.2039,19.13,19.1799,19.15788,60,32
1631111285,19.1401,19.23,19.1401,19.21,19.2034,137,58
1631111290,19.22,19.22,19.16,19.1706,19.18475,210,37
1631111295,19.22,19.26,19.1601,19.2101,19.22362,112,33
1631111300,19.27,19.27,19.2101,19.2101,19.25256,21,12
1631111305,19.2183,19.2481,19.14,19.1501,19.16946,91,38
1631111310,19.1501,19.2,19.05,19.05,19.10682,194,83
1631111315,19.0501,19.1,19.05,19.0504,19.06374,89,23
1631111320,19.07,19.07,19.0,19.0082,19.0057,361,114
1631111325,19.0,19.0175,18.92,18.9301,18.9524,237,69
1631111330,18.9536,18.9884,18.9,18.98,18.93123,211,51
1631111335,18.9989,19.0,18.9,18.9842,18.94135,192,76
1631111340,18.9396,18.9899,18.9,18.9011,18.9321,27,17
1631111345,18.91,18.98,18.88,18.89,18.92694,163,55
1631111350,18.98,19.0,18.8901,18.9471,18.96058,114,51
1631111355,18.98,18.98,18.92,18.93,18.94932,38,24
1631111360,18.96,18.98,18.9257,18.9257,18.97118,90,17
1631111365,18.98,19.06,18.98,19.0401,19.00977,207,73
1631111370,19.03,19.05,18.97,18.99,19.00721,118,33
1631111375,18.96,19.05,18.9406,18.9999,18.99288,14,8
1631111380,18.9923,18.9923,18.9401,18.96,18.96859,24,8
1631111385,18.948,19.0,18.948,19.0,18.97746,37,8
1631111390,19.0,19.05,18.9777,18.9777,19.00862,57,12
1631111395,18.98,19.08,18.98,19.0611,19.05898,124,43
1631111400,19.09,19.09,19.04,19.04,19.05824,55,12
1631111405,19.0435,19.0435,18.96,18.97,19.00494,52,18
1631111410,19.0,19.04,19.0,19.0191,19.00483,21,5
1631111415,18.9862,19.03,18.9862,19.025,19.013,40,10
1631111420,19.0439,19.05,19.01,19.05,19.01941,41,10
1631111425,19.0491,19.0491,19.01,19.02,19.01925,20,8
1631111430,19.02,19.0271,18.96,18.961,18.97763,40,22
1631111435,18.9999,19.0,18.9782,18.9815,18.98963,31,7
1631111440,18.97,19.0,18.92,18.965,18.9561,83,23
1631111445,18.9419,19.0099,18.932,18.9606,18.97363,62,31
1631111450,19.04,19.04,18.99,19.0304,19.02161,24,9
1631111455,19.02,19.02,18.99,19.0199,19.00849,8,4
1631111460,18.99,19.0,18.95,18.9999,18.97998,38,19
1631111465,18.975,18.975,18.95,18.97,18.96373,14,5
1631111470,18.967,18.967,18.92,18.925,18.93321,20,17
1631111475,18.921,18.9299,18.8,18.8,18.857,329,78
1631111480,18.85,18.9,18.8,18.82,18.81503,86,38
1631111485,18.855,18.8999,18.81,18.855,18.86599,40,15
1631111490,18.8295,18.93,18.8267,18.93,18.88262,63,18
1631111495,18.915,18.95,18.9001,18.95,18.94431,77,23
1631111500,18.92,19.0,18.9001,19.0,18.94913,23,6
1631111505,18.918,18.98,18.9104,18.949,18.9273,47,15
1631111510,18.98,18.98,18.93,18.955,18.95278,18,12
1631111515,18.98,18.98,18.9,18.95,18.92363,44,20
1631111520,18.91,18.95,18.91,18.92,18.94465,13,8
1631111525,18.95,18.951,18.95,18.95,18.95033,24,6
1631111530,18.931,19.0,18.931,19.0,18.96357,28,11
1631111535,18.98,18.98,18.98,18.98,18.98,3,1
1631111540,19.0,19.08,18.97,18.98,19.01521,124,42
1631111545,19.03,19.08,19.02,19.035,19.04384,49,14
1631111550,19.08,19.08,19.0711,19.0711,19.07859,9,2
1631111555,19.055,19.0729,19.0301,19.063,19.04546,21,6
1631111560,19.0357,19.07,18.9501,18.96,18.99808,66,32
1631111565,18.96,18.96,18.91,18.9441,18.93542,50,19
1631111570,18.93,18.93,18.9174,18.93,18.92445,18,6
1631111575,18.9296,18.993,18.9296,18.993,18.94835,23,10
1631111580,19.0,19.0,18.9,18.99,18.94111,65,18
1631111585,18.89,18.99,18.89,18.9758,18.97725,9,4
1631111590,18.89,18.9793,18.89,18.945,18.93644,16,5
1631111595,18.9802,18.9802,18.97,18.97,18.97471,6,3
1631111600,18.945,18.9899,18.9,18.9879,18.951,23,15
1631111605,19.0,19.0,18.965,18.965,18.9744,13,2
1631111610,18.955,18.98,18.955,18.965,18.97183,22,6
1631111615,18.965,18.98,18.965,18.9741,18.97266,12,6
1631111620,18.9741,18.9741,18.9741,18.9741,18.9741,0,0
1631111625,18.9559,18.97,18.91,18.935,18.94298,82,26
1631111630,18.9008,18.97,18.9008,18.97,18.94232,2,2
1631111635,18.9101,18.97,18.9101,18.92,18.92387,5,3
1631111640,18.93,18.93,18.82,18.86,18.8892,39,18
1631111645,18.869,18.89,18.82,18.89,18.85946,30,14
1631111650,18.88,18.8955,18.8609,18.8609,18.88563,23,17
1631111655,18.88,18.88,18.8624,18.8666,18.86449,11,3
1631111660,18.8999,18.8999,18.86,18.86,18.89297,60,9
1631111665,18.82,18.86,18.8,18.8,18.81659,81,32
1631111670,18.8,18.83,18.8,18.83,18.80556,77,36
1631111675,18.8503,18.87,18.81,18.81,18.83299,37,14
1631111680,18.8707,18.8707,18.8101,18.8172,18.82007,15,5
1631111685,18.8922,18.8922,18.82,18.82,18.85873,10,3
1631111690,18.85,18.88,18.8,18.8,18.81051,40,17
1631111695,18.8,18.8882,18.8,18.8101,18.81963,25,10
1631111700,18.8001,18.89,18.8001,18.82,18.82519,20,8
1631111705,18.8371,18.8934,18.82,18.8702,18.8511,24,11
1631111710,18.86,18.93,18.86,18.93,18.87905,23,12
1631111715,18.87,18.95,18.87,18.95,18.90464,23,7
1631111720,18.89,18.9394,18.89,18.9139,18.91189,38,8
1631111725,18.9129,18.92,18.9114,18.9123,18.91697,23,9
1631111730,18.92,18.95,18.92,18.92,18.93933,15,7
1631111735,18.944,18.97,18.944,18.97,18.96139,33,9
1631111740,18.9699,18.9699,18.95,18.959,18.96425,19,4
1631111745,18.9575,18.9575,18.9455,18.9499,18.95163,35,4
1631111750,18.92,18.9433,18.92,18.93,18.92952,21,8
1631111755,18.9425,18.9426,18.92,18.92,18.9258,9,8
1631111760,18.9155,18.93,18.9155,18.92,18.92749,25,5
1631111765,18.93,18.9497,18.9227,18.9227,18.93577,21,8
1631111770,18.9499,18.95,18.9,18.9,18.91643,32,21
1631111775,18.91,18.95,18.895,18.95,18.92094,58,30
1631111780,18.945,18.945,18.925,18.925,18.93389,18,2
1631111785,18.949,18.949,18.8823,18.8823,18.91863,23,7
1631111790,18.87,18.8861,18.87,18.876,18.8829,11,4
1631111795,18.875,18.93,18.875,18.93,18.89245,88,30
1631111800,18.8701,18.8701,18.8701,18.8701,18.8701,2,1
1631111805,18.9,18.9,18.9,18.9,18.9,1,1
1631111810,18.8999,18.92,18.8841,18.8841,18.8963,16,5
1631111815,18.9,18.9,18.8835,18.8835,18.88625,12,2
1631111820,18.89,18.89,18.89,18.89,18.89,11,2
1631111825,18.8801,18.89,18.845,18.855,18.87631,30,8
1631111830,18.855,18.855,18.855,18.855,18.855,0,0
1631111835,18.8599,18.8899,18.8,18.835,18.81855,84,16
1631111840,18.8599,18.8599,18.8,18.8053,18.80177,164,15
1631111845,18.82,18.8348,18.82,18.8348,18.82692,21,5
1631111850,18.8326,18.86,18.8077,18.8418,18.83802,17,13
1631111855,18.84,18.84,18.81,18.8201,18.81783,28,6
1631111860,18.821,18.8452,18.82,18.8452,18.82591,9,5
1631111865,18.831,18.865,18.82,18.85,18.83517,42,12
1631111870,18.8715,18.8715,18.8698,18.8715,18.87125,6,3
1631111875,18.85,18.9,18.85,18.88,18.86938,25,8
1631111880,18.87,18.8969,18.87,18.88,18.87784,15,3
1631111885,18.88,18.88,18.88,18.88,18.88,0,0
1631111890,18.9138,18.926,18.9019,18.9192,18.91088,21,5
1631111895,18.9125,18.913,18.88,18.9,18.8883,32,4
1631111900,18.9,18.9218,18.865,18.9218,18.88805,6,5
1631111905,18.8953,18.8976,18.8914,18.8929,18.89601,20,4
1631111910,18.875,18.892,18.875,18.892,18.8778,13,4
1631111915,18.8937,18.8937,18.84,18.84,18.8558,49,11
1631111920,18.85,18.865,18.831,18.8598,18.85815,17,5
1631111925,18.84,18.84,18.83,18.83,18.8318,11,9
1631111930,18.85,18.899,18.85,18.899,18.8675,2,2
1631111935,18.83,18.83,18.82,18.82,18.82503,4,3
1631111940,18.87,18.9,18.8408,18.8903,18.878,64,13
1631111945,18.88,18.9499,18.86,18.9499,18.90058,108,34
1631111950,18.8803,18.9395,18.8803,18.9395,18.9186,5,5
1631111955,18.9,18.94,18.9,18.94,18.91145,13,7
1631111960,18.9146,18.9349,18.9146,18.9349,18.93242,10,3
1631111965,18.9016,18.9399,18.9001,18.9072,18.90736,14,4
1631111970,18.93,18.9399,18.9,18.93,18.92032,15,11
1631111975,18.9244,18.9244,18.8305,18.8705,18.87166,12,3
1631111980,18.8543,18.97,18.8505,18.94,18.9342,33,17
1631111985,18.94,18.979,18.94,18.94,18.9439,55,6
1631111990,18.94,18.9499,18.94,18.94,18.94141,7,5
1631111995,18.95,18.95,18.91,18.91,18.92794,8,4
1631112000,18.9442,18.9442,18.925,18.925,18.93386,6,3
1631112005,18.91,18.92,18.87,18.87,18.89287,58,23
1631112010,18.8547,18.87,18.8508,18.86,18.85362,33,5
1631112015,18.8545,18.8545,18.8545,18.8545,18.8545,4,1
1631112020,18.86,18.86,18.85,18.85,18.85549,3,3
1631112025,18.86,18.889,18.854,18.889,18.86571,3,3
1631112030,18.89,18.89,18.861,18.861,18.8859,67,4
1631112035,18.902,18.902,18.8801,18.8956,18.8897,35,10
1631112040,18.89,18.9,18.8547,18.89,18.87593,21,10
1631112045,18.9,18.9,18.8775,18.8775,18.89065,11,6
1631112050,18.8756,18.9116,18.8756,18.9116,18.88458,4,2
1631112055,18.9,18.909,18.89,18.89,18.90408,8,3
1631112060,18.89,18.8999,18.82,18.86,18.857,44,21
1631112065,18.8899,18.8999,18.8201,18.8201,18.87185,5,4
1631112070,18.8999,18.8999,18.86,18.86,18.86808,46,3
1631112075,18.8999,18.9,18.8203,18.8203,18.83914,39,5
1631112080,18.9,18.9,18.9,18.9,18.9,22,2
1631112085,18.8907,18.8907,18.83,18.83,18.85846,6,2
1631112090,18.8294,18.8999,18.8294,18.865,18.86046,8,4
1631112095,18.8903,18.9787,18.89,18.95,18.92783,66,17
1631112100,18.9001,18.9001,18.9001,18.9001,18.9001,6,1
1631112105,18.9001,18.9001,18.9001,18.9001,18.9001,0,0
1631112110,18.9535,18.96,18.94,18.94,18.95597,59,17
1631112115,18.96,19.02,18.96,19.0,18.98551,117,59
1631112120,19.01,19.07,19.01,19.0339,19.03614,45,12
1631112125,19.0363,19.0399,18.985,19.0199,19.00285,69,14
1631112130,19.0,19.039,19.0,19.0205,19.02031,13,4
1631112135,19.035,19.07,19.0077,19.0301,19.0427,21,8
1631112140,19.04,19.053,19.0,19.0343,19.01431,59,40
1631112145,19.02,19.02,19.0,19.0,19.01375,24,4
1631112150,19.0087,19.04,18.9,18.91,18.94964,57,40
1631112155,18.98,18.98,18.9076,18.9076,18.97076,21,10
1631112160,18.91,18.94,18.91,18.94,18.935,6,2
1631112165,18.95,18.95,18.95,18.95,18.95,1,1
1631112170,18.97,18.97,18.9469,18.9469,18.95717,4,2
1631112175,19.0,19.0,18.9999,18.9999,18.99995,10,2
1631112180,18.9401,18.97,18.9401,18.9401,18.94508,12,3
1631112185,18.9938,18.9938,18.9,18.9001,18.93022,66,20
1631112190,18.94,18.95,18.94,18.943,18.94536,6,5
1631112195,18.9613,18.97,18.9186,18.9627,18.95642,28,16
1631112200,18.95,18.9799,18.91,18.9799,18.9591,16,5
1631112205,18.93,18.95,18.9,18.91,18.91428,26,12
1631112210,18.8866,18.97,18.8512,18.97,18.8937,25,5
1631112215,18.88,18.88,18.88,18.88,18.88,1,1
1631112220,18.89,18.9242,18.89,18.9242,18.91736,12,2
1631112225,18.8748,18.8748,18.87,18.87,18.8724,2,2
1631112230,18.8615,18.8615,18.8615,18.8615,18.8615,47,1
1631112235,18.8955,18.8999,18.89,18.89,18.89602,6,3
1631112240,18.88,18.88,18.88,18.88,18.88,10,1
1631112245,18.88,18.9,18.84,18.8401,18.88065,54,14
1631112250,18.84,18.84,18.82,18.82,18.82331,10,5
1631112255,18.889,18.889,18.82,18.8792,18.85046,42,4
1631112260,18.83,18.8632,18.81,18.81,18.82535,34,21
1631112265,18.84,18.8615,18.84,18.8615,18.85075,2,2
1631112270,18.8425,18.87,18.8425,18.865,18.86312,27,9
1631112275,18.8918,18.8997,18.8569,18.8997,18.87958,12,6
1631112280,18.8648,18.93,18.8648,18.8883,18.91917,17,8
1631112285,18.9,18.93,18.9,18.93,18.91439,9,5
1631112290,18.93,18.93,18.923,18.923,18.92744,6,4
1631112295,18.8881,18.91,18.8881,18.91,18.89905,2,2
1631112300,18.9,18.9,18.9,18.9,18.9,1,1
1631112305,18.9055,18.9099,18.9,18.9,18.90234,15,4
1631112310,18.89,18.89,18.89,18.89,18.89,20,1
1631112315,18.89,18.89,18.89,18.89,18.89,0,0
1631112320,18.87,18.87,18.82,18.82,18.83386,23,19
1631112325,18.83,18.86,18.8109,18.8109,18.82847,121,31
1631112330,18.83,18.84,18.822,18.84,18.83095,9,5
1631112335,18.84,18.84,18.84,18.84,18.84,1,1
1631112340,18.84,18.84,18.8101,18.8101,18.82419,12,3
1631112345,18.82,18.84,18.82,18.83,18.82673,6,4
1631112350,18.82,18.825,18.82,18.82,18.82179,6,4
1631112355,18.82,18.8367,18.812,18.82,18.82723,23,6
1631112360,18.81,18.8127,18.621,18.64,18.73392,506,139
1631112365,18.657,18.657,18.62,18.655,18.63728,75,31
1631112370,18.72,18.72,18.675,18.7199,18.70873,4,3
1631112375,18.719,18.719,18.62,18.62,18.6971,14,5
1631112380,18.625,18.663,18.61,18.61,18.62002,26,9
1631112385,18.6101,18.62,18.6101,18.62,18.61465,38,21
1631112390,18.62,18.62,18.55,18.5548,18.58639,39,29
1631112395,18.5999,18.6099,18.56,18.5603,18.57244,88,29
1631112400,18.575,18.6285,18.575,18.6,18.59814,42,20
1631112405,18.6299,18.6299,18.59,18.6299,18.61267,27,11
1631112410,18.62,18.659,18.6001,18.61,18.63486,23,9
1631112415,18.6299,18.6299,18.59,18.59,18.60454,32,15
1631112420,18.6258,18.6258,18.5612,18.57,18.59411,16,8
1631112425,18.57,18.5834,18.5501,18.57,18.56373,22,6
1631112430,18.57,18.63,18.55,18.605,18.58594,86,20
1631112435,18.6215,18.6215,18.55,18.6199,18.60141,65,20
1631112440,18.6143,18.6239,18.59,18.6239,18.60335,15,6
1631112445,18.6018,18.6699,18.6018,18.6699,18.6382,28,13
1631112450,18.635,18.635,18.6001,18.6301,18.63156,12,3
1631112455,18.64,18.66,18.64,18.6417,18.64723,3,3
1631112460,18.63,18.75,18.63,18.68,18.69254,64,29
1631112465,18.65,18.74,18.6301,18.6301,18.66425,33,5
1631112470,18.7299,18.75,18.659,18.659,18.73308,60,9
1631112475,18.7,18.7259,18.655,18.7259,18.67064,20,8
1631112480,18.7311,18.74,18.66,18.71,18.72694,59,18
1631112485,18.7427,18.76,18.6933,18.6933,18.74593,22,9
1631112490,18.75,18.7659,18.68,18.7,18.71529,47,20
1631112495,18.75,18.7636,18.75,18.7636,18.75346,11,6
1631112500,18.7799,18.81,18.6701,18.78,18.77688,36,13
1631112505,18.84,18.87,18.7905,18.8012,18.83815,87,23
1631112510,18.84,18.84,18.84,18.84,18.84,5,1
1631112515,18.83,18.8799,18.8286,18.8799,18.84662,5,4
1631112520,18.85,18.8746,18.69,18.8,18.76546,63,24
1631112525,18.8099,18.85,18.8099,18.85,18.81756,10,5
1631112530,18.8288,18.8761,18.775,18.8,18.82847,52,11
1631112535,18.84,18.84,18.7229,18.8156,18.80482,12,6
1631112540,18.81,18.81,18.81,18.81,18.81,6,4
1631112545,18.84,18.84,18.84,18.84,18.84,1,1
1631112550,18.8304,18.8304,18.8,18.8,18.80763,4,3
1631112555,18.759,18.7759,18.759,18.7759,18.76822,5,3
1631112560,18.774,18.774,18.73,18.73,18.7562,7,4
1631112565,18.73,18.73,18.73,18.73,18.73,6,2
1631112570,18.73,18.75,18.7267,18.75,18.73444,34,10
1631112575,18.7319,18.7319,18.695,18.73,18.72276,11,6
1631112580,18.74,18.74,18.7302,18.7302,18.7351,2,2
1631112585,18.6862,18.7399,18.68,18.68,18.68918,14,5
1631112590,18.7243,18.7243,18.6619,18.6801,18.70263,5,3
1631112595,18.6578,18.75,18.6578,18.75,18.72191,18,4
1631112600,18.8,18.85,18.8,18.85,18.80815,67,16
1631112605,18.7925,18.88,18.7925,18.88,18.87772,66,8
1631112610,18.8,18.9199,18.6501,18.6501,18.85489,29,10
1631112615,18.8,18.8851,18.8,18.8851,18.82837,3,2
1631112620,18.8999,18.8999,18.8001,18.8051,18.8313,32,9
1631112625,18.85,18.8724,18.85,18.8724,18.8518,41,3
1631112630,18.8401,18.8401,18.8181,18.8181,18.8264,2,2
1631112635,18.8613,18.8634,18.8,18.8001,18.83672,12,6
1631112640,18.84,18.85,18.84,18.85,18.848,10,3
1631112645,18.8613,18.8799,18.795,18.8799,18.85213,5,3
1631112650,18.8596,18.8596,18.7587,18.8588,18.7928,7,3
1631112655,18.87,18.88,18.8001,18.87,18.86716,90,28
1631112660,18.88,18.88,18.8116,18.8116,18.87841,42,4
1631112665,18.8,18.84,18.75,18.83,18.78504,13,7
1631112670,18.7632,18.86,18.7632,18.86,18.81061,4,2
1631112675,18.8522,18.8522,18.8008,18.8008,18.81043,5,2
1631112680,18.84,18.85,18.8,18.8424,18.8157,57,5
1631112685,18.8,18.8001,18.79,18.8001,18.79748,3,3
1631112690,18.7622,18.7622,18.7622,18.7622,18.7622,8,1
1631112695,18.7622,18.7622,18.7622,18.7622,18.7622,0,0
1631112700,18.765,18.765,18.765,18.765,18.765,1,1
1631112705,18.7896,18.7896,18.7896,18.7896,18.7896,1,1
1631112710,18.758,18.7899,18.7404,18.7899,18.77967,14,4
1631112715,18.7408,18.78,18.7331,18.7331,18.73643,23,3
1631112720,18.731,18.731,18.6601,18.72,18.69693,94,16
1631112725,18.73,18.7714,18.73,18.7714,18.7507,2,2
1631112730,18.7913,18.7913,18.7913,18.7913,18.7913,2,1
1631112735,18.78,18.78,18.78,18.78,18.78,1,1
1631112740,18.74,18.74,18.74,18.74,18.74,1,1
1631112745,18.7811,18.7811,18.695,18.73,18.72728,36,11
1631112750,18.7808,18.79,18.7808,18.79,18.78448,12,4
1631112755,18.76,18.76,18.7304,18.74,18.74753,18,5
1631112760,18.7899,18.7899,18.7899,18.7899,18.7899,1,1
1631112765,18.7825,18.7825,18.78,18.78,18.78132,4,3
1631112770,18.78,18.78,18.78,18.78,18.78,1,1
1631112775,18.76,18.76,18.7369,18.7369,18.74794,6,2
1631112780,18.78,18.78,18.73,18.73,18.76064,5,4
1631112785,18.73,18.73,18.661,18.661,18.69122,22,7
1631112790,18.6974,18.6974,18.66,18.66,18.68144,7,4
1631112795,18.6911,18.7,18.6601,18.7,18.6831,21,4
1631112800,18.7686,18.7686,18.7686,18.7686,18.7686,1,1
1631112805,18.7686,18.7686,18.7686,18.7686,18.7686,0,0
1631112810,18.7001,18.7001,18.7001,18.7001,18.7001,35,1
1631112815,18.7001,18.7001,18.7001,18.7001,18.7001,0,0
1631112820,18.7101,18.7814,18.7101,18.7814,18.77003,13,4
1631112825,18.7742,18.7742,18.755,18.755,18.771,6,2
1631112830,18.75,18.75,18.7426,18.7426,18.74856,5,2
1631112835,18.7426,18.7426,18.7426,18.7426,18.7426,0,0
1631112840,18.7101,18.78,18.7101,18.72,18.73907,22,8
1631112845,18.746,18.75,18.7,18.7,18.71885,44,17
1631112850,18.6687,18.705,18.66,18.66,18.68525,19,9
1631112855,18.65,18.65,18.64,18.64,18.64931,14,7
1631112860,18.63,18.6991,18.63,18.6991,18.64224,22,5
1631112865,18.6723,18.6723,18.6723,18.6723,18.6723,10,1
1631112870,18.64,18.6782,18.56,18.61,18.60032,30,22
1631112875,18.61,18.6208,18.561,18.6208,18.59905,11,8
1631112880,18.56,18.6,18.56,18.6,18.56784,25,10
1631112885,18.56,18.61,18.55,18.59,18.57487,29,10
1631112890,18.59,18.59,18.5715,18.59,18.57813,5,3
1631112895,18.5701,18.6184,18.57,18.57,18.57437,57,24
1631112900,18.571,18.6495,18.571,18.6495,18.61314,3,3
1631112905,18.57,18.57,18.57,18.57,18.57,5,1
1631112910,18.63,18.6499,18.61,18.6499,18.6351,10,5
1631112915,18.61,18.61,18.61,18.61,18.61,1,1
1631112920,18.58,18.6499,18.58,18.59,18.60332,11,7
1631112925,18.615,18.6153,18.615,18.6153,18.61515,2,2
1631112930,18.59,18.6375,18.59,18.59,18.59635,7,3
1631112935,18.58,18.618,18.55,18.618,18.58096,11,7
1631112940,18.6133,18.6133,18.6133,18.6133,18.6133,5,1
1631112945,18.5501,18.551,18.55,18.551,18.55033,6,3
1631112950,18.58,18.6007,18.5601,18.59,18.59064,22,6
1631112955,18.59,18.59,18.5899,18.59,18.58999,7,3
1631112960,18.6,18.6,18.585,18.588,18.588,6,3
1631112965,18.58,18.61,18.5667,18.61,18.59318,22,9
1631112970,18.6378,18.6444,18.6378,18.6444,18.64117,18,4
1631112975,18.6061,18.655,18.6061,18.655,18.64391,19,8
1631112980,18.6604,18.75,18.6604,18.75,18.67948,13,6
1631112985,18.7395,18.7395,18.6201,18.64,18.71026,14,4
1631112990,18.68,18.7299,18.68,18.7299,18.72126,8,3
1631112995,18.716,18.716,18.716,18.716,18.716,1,1
1631113000,18.7299,18.7299,18.6305,18.6305,18.66419,2,2
1631113005,18.6201,18.68,18.6201,18.68,18.63108,10,3
1631113010,18.62,18.65,18.6,18.65,18.63997,28,8
1631113015,18.64,18.64,18.64,18.64,18.64,2,1
1631113020,18.6694,18.6694,18.6694,18.6694,18.6694,2,1
1631113025,18.6694,18.6694,18.6694,18.6694,18.6694,0,0
1631113030,18.68,18.68,18.68,18.68,18.68,4,1
1631113035,18.68,18.7,18.68,18.68,18.68775,18,7
1631113040,18.64,18.75,18.64,18.75,18.67503,3,2
1631113045,18.73,18.74,18.73,18.74,18.735,2,2
1631113050,18.6801,18.7424,18.6801,18.7424,18.72553,6,2
1631113055,18.75,18.8,18.75,18.8,18.7588,29,15
1631113060,18.7817,18.7999,18.74,18.76,18.77677,12,4
1631113065,18.76,18.76,18.76,18.76,18.76,0,0
1631113070,18.79,18.8,18.7746,18.7811,18.79303,31,17
1631113075,18.8343,18.88,18.83,18.8563,18.85513,48,15
1631113080,18.8799,18.88,18.865,18.88,18.87206,32,15
1631113085,18.875,18.8999,18.79,18.79,18.86425,40,17
1631113090,18.8385,18.84,18.8222,18.84,18.83748,14,6
1631113095,18.86,18.86,18.7882,18.852,18.81865,25,8
1631113100,18.8201,18.8814,18.8201,18.8799,18.85463,10,4
1631113105,18.85,18.8546,18.8387,18.8546,18.84948,10,4
1631113110,18.855,18.88,18.84,18.8797,18.85979,17,7
1631113115,18.855,18.855,18.83,18.83,18.84582,15,7
1631113120,18.8367,18.8724,18.8262,18.8724,18.84159,10,6
1631113125,18.8701,18.8701,18.866,18.866,18.86637,11,2
1631113130,18.845,18.8627,18.8261,18.845,18.84221,7,4
1631113135,18.8699,18.87,18.82,18.835,18.85359,23,21
1631113140,18.8264,18.8264,18.8264,18.8264,18.8264,1,1
1631113145,18.8499,18.8499,18.835,18.835,18.8492,38,3
1631113150,18.8355,18.8355,18.8355,18.8355,18.8355,1,1
1631113155,18.8434,18.85,18.835,18.85,18.84427,9,4
1631113160,18.835,18.8499,18.835,18.8499,18.8396,10,9
1631113165,18.85,18.88,18.8497,18.8734,18.86728,23,8
1631113170,18.84,18.8401,18.8,18.8001,18.81173,21,8
1631113175,18.815,18.825,18.8001,18.825,18.81181,14,8
1631113180,18.8372,18.8372,18.8372,18.8372,18.8372,1,1
1631113185,18.7786,18.7968,18.72,18.775,18.7714,29,7
1631113190,18.7786,18.8251,18.77,18.77,18.78673,11,3
1631113195,18.755,18.755,18.72,18.72,18.74333,3,2
1631113200,18.82,18.82,18.82,18.82,18.82,1,1
1631113205,18.73,18.73,18.73,18.73,18.73,2,2
1631113210,18.7731,18.7731,18.7731,18.7731,18.7731,5,1
1631113215,18.77,18.8083,18.77,18.8083,18.79043,3,2
1631113220,18.8004,18.8004,18.8004,18.8004,18.8004,1,1
1631113225,18.79,18.8,18.7501,18.7501,18.78475,9,8
1631113230,18.775,18.81,18.775,18.81,18.78931,13,8
1631113235,18.812,18.85,18.8,18.825,18.82889,52,22
1631113240,18.825,18.825,18.825,18.825,18.825,0,0
1631113245,18.8478,18.8478,18.79,18.83,18.80397,7,3
1631113250,18.8,18.8,18.8,18.8,18.8,5,1
1631113255,18.7876,18.8,18.7876,18.8,18.7938,2,2
1631113260,18.8,18.815,18.8,18.815,18.80857,3,2
1631113265,18.815,18.85,18.8006,18.815,18.81669,23,9
1631113270,18.852,18.8994,18.85,18.8506,18.87488,27,18
1631113275,18.87,18.87,18.87,18.87,18.87,1,1
1631113280,18.9,18.9,18.85,18.8913,18.88449,8,5
1631113285,18.9,18.9,18.86,18.8601,18.88264,26,5
1631113290,18.88,18.9,18.863,18.9,18.88524,21,14
1631113295,18.893,18.93,18.89,18.93,18.91185,27,18
1631113300,18.905,18.93,18.8659,18.91,18.90566,21,9
1631113305,18.9199,18.92,18.91,18.92,18.91859,14,8
1631113310,18.92,18.93,18.92,18.9209,18.92646,20,5
1631113315,18.895,18.93,18.895,18.93,18.91274,29,9
1631113320,18.9206,18.9206,18.89,18.9,18.90723,10,8
1631113325,18.93,18.9786,18.93,18.9786,18.94473,5,4
1631113330,18.91,18.9799,18.91,18.94,18.95755,31,7
1631113335,18.97,18.97,18.94,18.9435,18.95184,11,9
1631113340,18.945,18.9841,18.9396,18.9841,18.96867,80,32
1631113345,18.9555,18.99,18.9501,18.99,18.96882,55,15
1631113350,18.95,18.9899,18.91,18.9899,18.96474,23,14
1631113355,18.9693,18.9693,18.9693,18.9693,18.9693,1,1
1631113360,18.9693,18.9693,18.9693,18.9693,18.9693,0,0
1631113365,18.97,18.9899,18.95,18.95,18.95853,12,5
1631113370,18.99,19.0,18.9501,18.9501,18.98901,36,14
1631113375,18.9573,19.0,18.9573,18.96,18.98059,6,4
1631113380,18.96,18.96,18.86,18.93,18.93475,25,18
1631113385,18.94,18.95,18.895,18.895,18.92878,16,7
1631113390,18.9276,18.94,18.8646,18.94,18.92049,4,3
1631113395,18.925,18.925,18.925,18.925,18.925,10,2
1631113400,18.9001,18.91,18.86,18.86,18.87608,48,13
1631113405,18.89,18.9,18.85,18.85,18.86891,32,9
1631113410,18.85,18.85,18.85,18.85,18.85,0,0
1631113415,18.8999,18.9,18.86,18.89,18.89363,14,13
1631113420,18.9,18.9,18.9,18.9,18.9,12,10
1631113425,18.89,18.9,18.89,18.9,18.89833,6,4
1631113430,18.91,18.92,18.91,18.92,18.91167,12,2
1631113435,18.92,18.92,18.92,18.92,18.92,0,0
1631113440,18.939,18.939,18.9,18.93,18.92076,14,8
1631113445,18.9378,18.9378,18.8605,18.8605,18.88994,3,3
1631113450,18.9,18.94,18.8605,18.861,18.90233,13,12
1631113455,18.9,18.97,18.87,18.87,18.91316,23,14
1631113460,18.8705,18.8822,18.8705,18.8822,18.87884,4,3
1631113465,18.8816,18.9595,18.8816,18.9595,18.93308,4,2
1631113470,18.8836,18.92,18.8763,18.8804,18.90003,19,5
1631113475,18.891,18.9299,18.88,18.92,18.89455,9,7
1631113480,18.9299,18.93,18.895,18.93,18.90565,16,6
1631113485,18.93,18.93,18.93,18.93,18.93,0,0
1631113490,18.93,18.93,18.93,18.93,18.93,0,0
1631113495,18.9,18.9,18.9,18.9,18.9,5,1
1631113500,18.925,18.925,18.925,18.925,18.925,3,1
1631113505,18.9583,18.9583,18.8914,18.8914,18.91819,11,4
1631113510,18.91,18.91,18.88,18.88,18.88675,10,4
1631113515,18.8605,18.87,18.8601,18.8601,18.86234,24,10
1631113520,18.869,18.8992,18.869,18.8956,18.87578,28,5
1631113525,18.86,18.8899,18.86,18.884,18.86841,23,11
1631113530,18.86,18.87,18.78,18.78,18.8365,73,29
1631113535,18.7859,18.7859,18.7859,18.7859,18.7859,4,1
1631113540,18.8462,18.8462,18.8462,18.8462,18.8462,2,1
1631113545,18.78,18.8,18.78,18.8,18.78726,7,4
1631113550,18.8,18.8,18.7905,18.7905,18.79851,6,2
1631113555,18.8396,18.875,18.8396,18.875,18.84779,7,7
1631113560,18.85,18.85,18.85,18.85,18.85,6,2
1631113565,18.8328,18.8328,18.81,18.81,18.81267,8,2
1631113570,18.81,18.81,18.81,18.81,18.81,0,0
1631113575,18.81,18.81,18.81,18.81,18.81,0,0
1631113580,18.8005,18.8005,18.8005,18.8005,18.8005,2,2
1631113585,18.8005,18.8736,18.8005,18.8736,18.82072,59,9
1631113590,18.8693,18.8693,18.8,18.85,18.84071,39,9
1631113595,18.85,18.85,18.85,18.85,18.85,0,0
1631113600,18.8192,18.87,18.8192,18.84,18.84293,5,3
1631113605,18.87,18.89,18.87,18.87,18.88303,10,5
1631113610,18.8805,18.89,18.8805,18.89,18.88763,4,2
1631113615,18.9,18.9,18.9,18.9,18.9,10,1
1631113620,18.9,18.93,18.88,18.93,18.89812,16,7
1631113625,18.8505,18.9299,18.8505,18.9299,18.92307,12,3
1631113630,18.893,18.9299,18.893,18.9299,18.9258,9,2
1631113635,18.91,18.93,18.8605,18.87,18.90654,29,17
1631113640,18.9432,18.9432,18.91,18.91,18.93338,14,2
1631113645,18.91,18.91,18.8502,18.9098,18.88623,48,8
1631113650,18.9,18.9,18.9,18.9,18.9,2,1
1631113655,18.91,18.91,18.91,18.91,18.91,1,1
1631113660,18.91,18.91,18.895,18.9,18.90029,17,6
1631113665,18.91,18.92,18.9047,18.9047,18.90985,4,4
1631113670,18.91,18.92,18.905,18.905,18.91167,3,3
1631113675,18.905,18.905,18.905,18.905,18.905,0,0
1631113680,18.95,18.99,18.93,18.9732,18.96072,31,13
1631113685,18.9834,19.0,18.9505,18.9505,18.99506,38,12
1631113690,19.0,19.0,18.9698,18.9988,18.99852,27,13
1631113695,18.9869,19.1,18.9869,19.09,19.05045,90,28
1631113700,19.041,19.0999,19.027,19.027,19.07295,35,10
1631113705,19.079,19.09,19.01,19.01,19.02537,26,15
1631113710,19.09,19.09,19.07,19.08,19.07467,34,5
1631113715,19.05,19.0695,19.05,19.05,19.05244,8,4
1631113720,19.04,19.0732,19.04,19.0732,19.06096,15,8
1631113725,19.03,19.169,19.01,19.16,19.08907,102,48
1631113730,19.1639,19.21,19.16,19.2,19.18383,164,32
1631113735,19.23,19.25,19.1801,19.22,19.22415,37,20
1631113740,19.22,19.27,19.2,19.27,19.23443,55,21
1631113745,19.27,19.28,19.24,19.273,19.27019,66,10
1631113750,19.28,19.34,19.23,19.3371,19.2869,64,25
1631113755,19.35,19.4,19.241,19.241,19.32103,153,69
1631113760,19.34,19.34,19.24,19.2583,19.31318,44,17
1631113765,19.31,19.32,19.2215,19.32,19.29163,68,23
1631113770,19.28,19.31,19.2601,19.27,19.28062,41,13
1631113775,19.29,19.2999,19.23,19.29,19.27546,157,15
1631113780,19.265,19.3,19.2301,19.28,19.26731,20,5
1631113785,19.3,19.3611,19.275,19.3101,19.30918,55,20
1631113790,19.35,19.4,19.3101,19.3699,19.37062,172,35
1631113795,19.34,19.47,19.34,19.47,19.4373,157,34
1631113800,19.47,19.4997,19.4001,19.4599,19.45888,120,39
1631113805,19.46,19.46,19.36,19.385,19.42229,82,23
1631113810,19.41,19.41,19.34,19.41,19.38271,7,4
1631113815,19.39,19.45,19.3301,19.45,19.4156,62,19
1631113820,19.3601,19.48,19.3601,19.48,19.45158,44,14
1631113825,19.4401,19.58,19.4401,19.5687,19.53975,134,37
1631113830,19.58,19.6,19.4504,19.5,19.54299,95,38
1631113835,19.4922,19.54,19.4501,19.485,19.49552,51,15
1631113840,19.52,19.54,19.5054,19.51,19.53084,34,10
1631113845,19.5237,19.6,19.5237,19.56,19.56224,79,35
1631113850,19.6,19.6,19.5645,19.5645,19.58467,19,10
1631113855,19.5996,19.6295,19.5101,19.5384,19.56382,89,37
1631113860,19.5452,19.55,19.51,19.5489,19.52665,25,7
1631113865,19.55,19.6,19.5101,19.555,19.5632,59,11
1631113870,19.555,19.555,19.51,19.5242,19.53129,64,11
1631113875,19.53,19.55,19.5,19.5,19.50364,137,63
1631113880,19.5038,19.505,19.5,19.505,19.50307,44,12
1631113885,19.5001,19.525,19.5001,19.525,19.51713,43,10
1631113890,19.53,19.59,19.51,19.59,19.54124,66,25
1631113895,19.55,19.59,19.5,19.54,19.52919,62,22
1631113900,19.5019,19.51,19.5019,19.5086,19.50942,26,3
1631113905,19.5001,19.54,19.4001,19.52,19.48811,105,30
1631113910,19.4001,19.52,19.4001,19.5061,19.47678,29,11
1631113915,19.5145,19.5145,19.465,19.465,19.49124,31,9
1631113920,19.5101,19.6,19.4901,19.56,19.55776,118,66
1631113925,19.6,19.69,19.5992,19.625,19.64869,118,33
1631113930,19.6288,19.69,19.6008,19.6008,19.64984,43,11
1631113935,19.6499,19.71,19.6,19.7,19.6456,106,23
1631113940,19.669,19.75,19.6171,19.6171,19.71353,79,27
1631113945,19.675,19.76,19.66,19.76,19.72457,60,29
1631113950,19.79,19.89,19.7701,19.8806,19.83481,87,34
1631113955,19.8403,19.91,19.8401,19.891,19.88783,118,40
1631113960,19.92,19.92,19.8,19.89,19.84389,38,20
1631113965,19.826,19.85,19.76,19.76,19.81643,80,22
1631113970,19.75,19.91,19.75,19.8007,19.84085,118,34
1631113975,19.889,19.889,19.75,19.8,19.79546,40,17
1631113980,19.806,19.81,19.76,19.8,19.79868,37,13
1631113985,19.809,19.81,19.72,19.72,19.7635,45,25
1631113990,19.7342,19.79,19.7342,19.79,19.75573,23,9
1631113995,19.8,19.97,19.78,19.91,19.87747,237,71
1631114000,19.8296,19.89,19.81,19.8212,19.86674,42,11
1631114005,19.82,19.86,19.82,19.85,19.83378,35,12
1631114010,19.82,19.85,19.76,19.8,19.81516,60,21
1631114015,19.7691,19.8299,19.7691,19.7978,19.81318,32,7
1631114020,19.8,19.8372,19.75,19.75,19.78614,54,13
1631114025,19.8489,19.95,19.7771,19.84,19.84989,115,44
1631114030,19.8453,19.85,19.7797,19.78,19.82004,20,11
1631114035,19.8362,19.85,19.7812,19.805,19.80958,30,8
1631114040,19.8,19.8,19.6,19.645,19.66204,82,37
1631114045,19.6422,19.6772,19.64,19.64,19.64566,30,5
1631114050,19.6899,19.74,19.65,19.7088,19.70652,31,19
1631114055,19.7274,19.73,19.6976,19.6976,19.70588,30,8
1631114060,19.72,19.77,19.7001,19.74,19.73459,16,10
1631114065,19.73,19.7301,19.7,19.7301,19.70334,36,4
1631114070,19.735,19.77,19.72,19.76,19.74544,41,10
1631114075,19.7999,19.8,19.7573,19.7573,19.77741,17,11
1631114080,19.75,19.76,19.725,19.7303,19.74288,41,21
1631114085,19.75,19.7992,19.7277,19.79,19.765,24,9
1631114090,19.75,19.75,19.7,19.72,19.72011,46,23
1631114095,19.7154,19.7175,19.7,19.717,19.70959,27,8
1631114100,19.705,19.7182,19.7001,19.7001,19.70695,53,9
1631114105,19.71,19.72,19.7001,19.71,19.70848,26,8
1631114110,19.7029,19.8,19.7029,19.77,19.76884,80,30
1631114115,19.8,19.8,19.7747,19.7747,19.7759,21,2
1631114120,19.7798,19.7979,19.7501,19.79,19.78794,10,5
1631114125,19.7903,19.82,19.786,19.82,19.79409,94,16
1631114130,19.8001,19.8001,19.71,19.77,19.77276,30,17
1631114135,19.769,19.769,19.75,19.75,19.75754,2,2
1631114140,19.75,19.77,19.747,19.75,19.75031,16,5
1631114145,19.755,19.77,19.755,19.77,19.75896,17,4
1631114150,19.77,19.8,19.77,19.8,19.787,22,6
1631114155,19.8008,19.82,19.785,19.79,19.78892,32,10
1631114160,19.78,19.84,19.78,19.84,19.81379,76,36
1631114165,19.8339,19.9,19.8292,19.883,19.85546,106,32
1631114170,19.8945,19.9,19.85,19.85,19.87962,33,12
1631114175,19.85,19.9,19.8,19.8466,19.85239,120,41
1631114180,19.9,19.97,19.8901,19.945,19.92021,203,60
1631114185,19.97,19.97,19.91,19.9197,19.93172,61,17
1631114190,19.94,19.97,19.8695,19.89,19.90541,57,25
1631114195,19.91,19.96,19.8803,19.8803,19.93234,88,25
1631114200,19.895,19.895,19.8514,19.8678,19.86591,20,8
1631114205,19.87,19.9326,19.87,19.8769,19.88895,7,5
1631114210,19.88,19.919,19.77,19.775,19.82801,73,21
1631114215,19.835,19.8599,19.77,19.8,19.81742,23,11
1631114220,19.8004,19.8299,19.77,19.8,19.80478,27,14
1631114225,19.8205,19.8599,19.7882,19.8599,19.81823,32,10
1631114230,19.84,19.8987,19.84,19.8987,19.87301,15,8
1631114235,19.899,19.93,19.8805,19.93,19.89842,19,11
1631114240,19.92,19.94,19.9066,19.933,19.93557,33,8
1631114245,19.92,19.95,19.9001,19.91,19.92652,23,11
1631114250,19.93,19.96,19.915,19.9175,19.92879,64,21
1631114255,19.94,19.96,19.88,19.88,19.90699,122,30
1631114260,19.89,19.95,19.88,19.9297,19.92897,81,30
1631114265,19.951,19.96,19.9,19.9549,19.94149,41,17
1631114270,19.96,19.96,19.9006,19.9006,19.90322,32,3
1631114275,19.9399,19.95,19.84,19.8916,19.89932,56,21
1631114280,19.8999,19.8999,19.8,19.8682,19.83067,90,24
1631114285,19.87,19.87,19.81,19.82,19.84014,7,4
1631114290,19.835,19.85,19.8247,19.8247,19.83551,13,8
1631114295,19.9,19.9,19.8201,19.8322,19.83193,41,4
1631114300,19.8405,19.87,19.84,19.86,19.85883,11,8
1631114305,19.85,19.87,19.8492,19.86,19.85519,5,4
1631114310,19.8504,19.8999,19.8504,19.8999,19.89165,12,3
1631114315,19.8826,19.95,19.8826,19.9099,19.91831,44,24
1631114320,19.8621,19.87,19.81,19.8699,19.83634,48,17
1631114325,19.82,19.8604,19.8,19.8,19.80624,35,26
1631114330,19.8085,19.8632,19.8,19.8073,19.82115,23,12
1631114335,19.87,19.87,19.8005,19.825,19.8364,17,6
1631114340,19.83,19.83,19.83,19.83,19.83,1,1
1631114345,19.8499,19.87,19.83,19.87,19.85001,13,8
1631114350,19.9,19.9,19.8,19.8,19.82851,44,15
1631114355,19.8,19.8,19.8,19.8,19.8,0,0
1631114360,19.8943,19.95,19.8001,19.8001,19.92086,82,21
1631114365,19.8001,19.8001,19.8001,19.8001,19.8001,0,0
1631114370,19.8001,19.8001,19.8001,19.8001,19.8001,0,0
1631114375,19.9,19.9,19.8201,19.8999,19.89108,9,4
1631114380,19.86,19.86,19.852,19.86,19.85889,36,5
1631114385,19.8747,19.8747,19.87,19.87,19.87235,10,2
1631114390,19.8274,19.8799,19.8274,19.85,19.85331,28,3
1631114395,19.85,19.9,19.85,19.8921,19.88523,22,12
1631114400,19.9,19.96,19.8801,19.925,19.9365,94,35
1631114405,19.9233,19.96,19.89,19.89,19.91844,38,9
1631114410,19.9001,19.96,19.9001,19.935,19.92762,43,20
1631114415,19.9531,19.96,19.9102,19.9102,19.93939,46,11
1631114420,19.96,19.98,19.9305,19.9305,19.95751,34,10
1631114425,19.955,20.07,19.955,20.07,20.0088,237,88
1631114430,20.0723,20.08,20.0,20.03,20.05018,111,31
1631114435,20.0499,20.0499,19.975,20.0193,20.00884,63,29
1631114440,19.9714,20.09,19.9714,20.07,20.02854,57,24
1631114445,19.948,20.1,19.948,20.0391,20.03341,93,25
1631114450,20.065,20.0823,20.0301,20.0823,20.05394,31,10
1631114455,20.09,20.15,20.07,20.13,20.1092,149,42
1631114460,20.15,20.19,20.115,20.1671,20.16811,137,43
1631114465,20.15,20.1999,20.15,20.19,20.16067,70,30
1631114470,20.1999,20.2,20.13,20.1773,20.1562,54,26
1631114475,20.18,20.2,20.16,20.17,20.17849,38,21
1631114480,20.1972,20.1972,20.1,20.1501,20.14882,125,44
1631114485,20.16,20.33,20.16,20.33,20.25617,259,86
1631114490,20.3,20.35,20.27,20.3,20.3115,143,46
1631114495,20.26,20.309,20.25,20.3001,20.27843,81,30
1631114500,20.33,20.33,20.279,20.305,20.31511,72,32
1631114505,20.329,20.4,20.31,20.3887,20.37257,127,48
1631114510,20.3897,20.45,20.3897,20.447,20.42311,195,63
1631114515,20.4485,20.49,20.4485,20.4899,20.46147,150,40
1631114520,20.46,20.49,20.4547,20.47,20.47902,141,41
1631114525,20.486,20.54,20.4701,20.53,20.49782,390,111
1631114530,20.51,20.56,20.5,20.555,20.53957,137,45
1631114535,20.54,20.5707,20.49,20.568,20.52854,321,100
1631114540,20.58,20.633,20.48,20.51,20.5602,291,104
1631114545,20.5499,20.55,20.27,20.385,20.40366,341,67
1631114550,20.28,20.4858,20.2705,20.4858,20.35071,133,34
1631114555,20.42,20.5,20.3234,20.34,20.37886,122,50
1631114560,20.4,20.48,20.3201,20.48,20.41031,118,51
1631114565,20.4,20.4427,20.3416,20.4427,20.40393,35,13
1631114570,20.3201,20.3927,20.32,20.33,20.3568,26,10
1631114575,20.391,20.4402,20.3498,20.3663,20.39837,59,30
1631114580,20.4053,20.4053,20.32,20.3295,20.36131,48,21
1631114585,20.36,20.39,20.2,20.39,20.27942,111,49
1631114590,20.3,20.3688,20.281,20.2892,20.3071,59,22
1631114595,20.2861,20.3366,20.2861,20.3366,20.32493,21,4
1631114600,20.31,20.38,20.31,20.36,20.33812,74,16
1631114605,20.38,20.42,20.3431,20.3626,20.38553,160,75
1631114610,20.355,20.44,20.3174,20.3174,20.40561,31,15
1631114615,20.38,20.3947,20.3,20.3201,20.36554,50,13
1631114620,20.3,20.35,20.3,20.35,20.33228,50,9
1631114625,20.3132,20.33,20.28,20.28,20.2886,96,19
1631114630,20.3199,20.3199,20.27,20.28,20.27515,46,8
1631114635,20.28,20.3,20.12,20.26,20.19829,136,41
1631114640,20.1555,20.2699,20.14,20.22,20.16839,43,7
1631114645,20.17,20.27,20.17,20.2211,20.20503,57,15
1631114650,20.2267,20.2799,20.21,20.2613,20.23008,72,16
1631114655,20.2205,20.2599,20.12,20.1205,20.18265,67,31
1631114660,20.19,20.23,20.19,20.2,20.20565,46,14
1631114665,20.2,20.205,20.1282,20.1282,20.14648,50,9
1631114670,20.1898,20.2,20.1301,20.19,20.15734,62,13
1631114675,20.16,20.1913,20.12,20.12,20.13978,33,11
1631114680,20.1487,20.25,20.12,20.1895,20.16579,70,16
1631114685,20.1401,20.2386,20.1401,20.1953,20.16509,85,13
1631114690,20.1901,20.191,20.1001,20.112,20.13872,91,21
1631114695,20.1001,20.22,20.1001,20.1607,20.14994,99,24
1631114700,20.2,20.25,20.071,20.094,20.16138,54,24
1631114705,20.1526,20.1526,20.07,20.0701,20.10897,45,7
1631114710,20.08,20.11,20.08,20.11,20.09372,22,8
1631114715,20.1023,20.15,20.07,20.15,20.1189,134,18
1631114720,20.07,20.1115,20.03,20.06,20.07163,91,41
1631114725,20.064,20.1,20.055,20.0903,20.06911,21,12
1631114730,20.066,20.0851,20.04,20.0819,20.05939,36,11
1631114735,20.0481,20.0745,20.0264,20.0264,20.0512,44,14
1631114740,20.045,20.065,20.01,20.01,20.02049,54,17
1631114745,20.0199,20.0199,19.89,19.9799,19.96913,129,51
1631114750,19.94,19.99,19.8915,19.92,19.92132,90,21
1631114755,19.9201,19.9898,19.9195,19.92,19.97033,21,5
1631114760,19.945,20.0,19.92,19.97,19.9794,58,25
1631114765,19.98,19.9809,19.9165,19.92,19.95652,50,17
1631114770,19.92,20.01,19.9179,19.9955,19.99193,74,25
1631114775,20.0599,20.0599,19.9614,20.0001,20.00893,38,7
1631114780,20.0499,20.05,20.0279,20.0279,20.03542,12,4
1631114785,20.0333,20.09,19.99,20.09,20.02964,112,45
1631114790,20.06,20.2465,20.05,20.1246,20.15385,211,62
1631114795,20.155,20.19,20.071,20.071,20.1442,58,13
1631114800,20.06,20.06,20.06,20.06,20.06,2,1
1631114805,20.13,20.13,20.072,20.072,20.11981,10,6
1631114810,20.1458,20.1458,20.105,20.105,20.13764,12,2
1631114815,20.14,20.15,20.1368,20.1368,20.14475,19,5
1631114820,20.105,20.105,20.0601,20.08,20.07298,35,9
1631114825,20.0934,20.1,20.0763,20.1,20.09325,30,7
1631114830,20.1399,20.15,20.1336,20.15,20.14044,32,7
1631114835,20.1,20.26,20.1,20.2412,20.20579,132,49
1631114840,20.2328,20.26,20.2,20.23,20.23277,60,21
1631114845,20.1574,20.2326,20.1574,20.2326,20.18735,42,7
1631114850,20.2326,20.2326,20.1666,20.1926,20.19555,29,5
1631114855,20.2017,20.24,20.185,20.21,20.19775,84,12
1631114860,20.17,20.2199,20.16,20.2199,20.17462,28,6
1631114865,20.21,20.21,20.09,20.0917,20.12239,92,27
1631114870,20.1952,20.1952,20.1952,20.1952,20.1952,10,1
1631114875,20.1924,20.1924,20.12,20.1236,20.1417,18,3
1631114880,20.16,20.2,20.1261,20.1261,20.14281,15,5
1631114885,20.121,20.1389,20.121,20.1389,20.1378,37,4
1631114890,20.13,20.13,20.12,20.12,20.12476,10,3
1631114895,20.1399,20.1399,20.0901,20.0901,20.10463,66,5
1631114900,20.115,20.115,20.0501,20.07,20.07537,81,16
1631114905,20.05,20.07,20.05,20.06,20.05789,3,3
1631114910,20.05,20.15,20.05,20.1192,20.08194,39,10
1631114915,20.11,20.11,20.11,20.11,20.11,1,1
1631114920,20.16,20.16,20.16,20.16,20.16,1,1
1631114925,20.0601,20.0601,20.0601,20.0601,20.0601,10,1
1631114930,20.06,20.15,20.06,20.15,20.1091,18,7
1631114935,20.07,20.07,20.05,20.07,20.06216,17,8
1631114940,20.14,20.14,20.0,20.07,20.02098,47,24
1631114945,19.9501,20.07,19.95,20.07,19.99223,34,21
1631114950,20.025,20.0577,20.025,20.0506,20.03851,10,3
1631114955,20.0253,20.0478,20.0253,20.0478,20.03655,2,2
1631114960,20.0062,20.06,20.0062,20.0465,20.02469,8,3
1631114965,20.0422,20.05,20.03,20.0433,20.03789,62,6
1631114970,20.04,20.07,20.0101,20.0101,20.03941,14,12
1631114975,20.0101,20.02,19.91,20.0146,19.9633,108,35
1631114980,20.0,20.0,19.9861,19.9861,19.99305,2,2
1631114985,19.95,19.98,19.95,19.95,19.9517,17,5
1631114990,19.955,19.98,19.955,19.98,19.9578,44,4
1631114995,19.9904,19.9936,19.91,19.9936,19.96488,36,5
1631115000,19.955,20.0,19.9105,19.9105,19.9661,22,8
1631115005,19.9256,19.99,19.9256,19.95,19.9555,51,11
1631115010,19.98,20.05,19.98,20.05,20.01481,26,11
1631115015,20.05,20.09,20.0,20.001,20.00947,28,8
1631115020,20.0044,20.04,20.0001,20.04,20.00265,33,5
1631115025,20.0,20.04,19.994,20.0,20.00747,9,9
1631115030,19.98,20.0431,19.98,20.0431,20.03258,6,2
1631115035,20.015,20.04,19.9893,20.04,20.00147,25,5
1631115040,20.04,20.04,20.0,20.0,20.025,8,4
1631115045,20.04,20.04,20.04,20.04,20.04,2,1
1631115050,20.03,20.03,20.01,20.01,20.02111,9,2
1631115055,20.03,20.03,19.9966,19.9966,20.02644,18,4
1631115060,20.03,20.03,20.03,20.03,20.03,5,1
1631115065,20.04,20.08,20.02,20.08,20.03651,29,9
1631115070,20.08,20.08,20.039,20.039,20.05362,15,5
1631115075,20.0799,20.0799,20.04,20.04,20.05234,15,5
1631115080,20.0407,20.0407,20.0407,20.0407,20.0407,3,1
1631115085,20.03,20.07,20.03,20.0629,20.04296,30,4
1631115090,20.0402,20.05,20.03,20.0471,20.04047,18,4
1631115095,20.0688,20.0688,20.0688,20.0688,20.0688,9,1
1631115100,20.0676,20.0676,20.05,20.05,20.066,11,2
1631115105,20.06,20.12,20.05,20.1194,20.09002,69,22
1631115110,20.13,20.13,20.11,20.1195,20.12677,18,6
1631115115,20.095,20.095,20.095,20.095,20.095,8,2
1631115120,20.1,20.1981,20.1,20.18,20.15436,85,41
1631115125,20.1636,20.18,20.12,20.16,20.16567,43,13
1631115130,20.1201,20.17,20.1201,20.17,20.12804,12,3
1631115135,20.1814,20.19,20.1432,20.19,20.17283,35,9
1631115140,20.158,20.1816,20.158,20.18,20.16955,28,7
1631115145,20.1679,20.2,20.1679,20.19,20.19003,123,13
1631115150,20.1929,20.24,20.178,20.2365,20.21549,88,25
1631115155,20.24,20.27,20.23,20.2367,20.26088,124,13
1631115160,20.24,20.27,20.22,20.2401,20.25217,34,13
1631115165,20.2563,20.36,20.2563,20.34,20.30552,221,46
1631115170,20.34,20.48,20.34,20.48,20.42399,252,63
1631115175,20.49,20.49,20.4,20.44,20.47024,168,43
1631115180,20.4231,20.49,20.42,20.46,20.45815,161,54
1631115185,20.49,20.49,20.3401,20.3404,20.42452,70,29
1631115190,20.4,20.45,20.32,20.38,20.38054,70,25
1631115195,20.3316,20.38,20.3316,20.38,20.3498,19,5
1631115200,20.3816,20.4499,20.3816,20.44,20.42417,18,6
1631115205,20.3701,20.4332,20.31,20.31,20.37789,26,15
1631115210,20.3536,20.37,20.3464,20.3699,20.35526,63,10
1631115215,20.31,20.36,20.3,20.3159,20.32604,44,15
1631115220,20.3,20.35,20.3,20.32,20.32162,5,4
1631115225,20.315,20.32,20.2545,20.275,20.3006,72,21
1631115230,20.3,20.3,20.2304,20.2304,20.27355,35,10
1631115235,20.2201,20.3,20.22,20.26,20.27328,72,19
1631115240,20.3,20.32,20.2505,20.2505,20.30102,10,8
1631115245,20.2557,20.41,20.2557,20.395,20.36566,88,37
1631115250,20.41,20.44,20.399,20.44,20.41585,37,13
1631115255,20.4157,20.45,20.4085,20.45,20.43803,42,17
1631115260,20.4499,20.45,20.4158,20.44,20.44206,39,16
1631115265,20.41,20.48,20.41,20.4786,20.44318,37,13
1631115270,20.4598,20.48,20.4432,20.48,20.46935,51,19
1631115275,20.479,20.53,20.41,20.41,20.49025,253,114
1631115280,20.41,20.48,20.41,20.48,20.44916,42,10
1631115285,20.48,20.51,20.4744,20.4877,20.49722,104,43
1631115290,20.4305,20.54,20.4305,20.53,20.49273,80,30
1631115295,20.5399,20.68,20.5051,20.68,20.62448,618,135
1631115300,20.6799,20.69,20.55,20.6,20.64391,202,78
1631115305,20.6012,20.61,20.565,20.5944,20.59628,61,13
1631115310,20.5705,20.62,20.53,20.5996,20.58305,168,41
1631115315,20.58,20.5983,20.57,20.59,20.58888,38,11
1631115320,20.6,20.6,20.5001,20.5001,20.5706,44,15
1631115325,20.55,20.6,20.525,20.55,20.54898,51,17
1631115330,20.54,20.62,20.54,20.6001,20.59288,90,24
1631115335,20.659,20.66,20.56,20.6018,20.60423,59,30
1631115340,20.585,20.59,20.55,20.58,20.57018,82,25
1631115345,20.5613,20.5613,20.46,20.5229,20.50831,163,64
1631115350,20.46,20.54,20.46,20.495,20.52117,61,16
1631115355,20.48,20.5299,20.48,20.5136,20.50951,50,11
1631115360,20.52,20.52,20.4,20.4001,20.45848,76,18
1631115365,20.481,20.481,20.3501,20.3501,20.40836,122,28
1631115370,20.3821,20.4099,20.3501,20.3501,20.37513,14,6
1631115375,20.38,20.46,20.38,20.45,20.39889,49,14
1631115380,20.4699,20.4699,20.41,20.46,20.45594,52,8
1631115385,20.46,20.4699,20.4549,20.4549,20.4604,12,3
1631115390,20.47,20.47,20.4063,20.45,20.45079,28,6
1631115395,20.4115,20.4499,20.4001,20.4441,20.41882,31,4
1631115400,20.443,20.5,20.4001,20.46,20.43814,105,20
1631115405,20.47,20.5,20.42,20.4913,20.46575,96,23
1631115410,20.435,20.435,20.401,20.4342,20.4198,22,3
1631115415,20.4028,20.4028,20.4028,20.4028,20.4028,10,1
1631115420,20.4135,20.4399,20.4135,20.4399,20.4179,6,2
1631115425,20.41,20.44,20.4,20.4372,20.42836,65,11
1631115430,20.38,20.38,20.3,20.3001,20.33921,61,25
1631115435,20.3005,20.41,20.3,20.32,20.34678,41,16
1631115440,20.37,20.37,20.245,20.31,20.28363,54,33
1631115445,20.2999,20.36,20.275,20.305,20.30996,48,10
1631115450,20.35,20.35,20.3354,20.35,20.34244,19,5
1631115455,20.3444,20.3499,20.34,20.3499,20.3436,4,4
1631115460,20.3401,20.4,20.3401,20.3517,20.35967,64,23
1631115465,20.4,20.41,20.37,20.37,20.3922,24,17
1631115470,20.41,20.41,20.371,20.39,20.39506,20,3
1631115475,20.3701,20.41,20.3701,20.41,20.40385,16,3
1631115480,20.41,20.41,20.39,20.41,20.40682,19,5
1631115485,20.395,20.4082,20.395,20.4082,20.39933,20,4
1631115490,20.41,20.43,20.41,20.415,20.42019,36,15
1631115495,20.43,20.52,20.4202,20.4697,20.48707,139,44
1631115500,20.51,20.51,20.455,20.4699,20.50062,34,7
1631115505,20.46,20.47,20.4,20.462,20.43501,48,23
1631115510,20.4499,20.45,20.4499,20.45,20.44995,19,3
1631115515,20.4453,20.4453,20.44,20.445,20.44257,5,3
1631115520,20.4301,20.49,20.43,20.4483,20.44394,21,7
1631115525,20.47,20.48,20.4301,20.4301,20.4664,8,6
1631115530,20.4503,20.47,20.4503,20.4682,20.46558,34,15
1631115535,20.4501,20.47,20.4501,20.47,20.45578,6,4
1631115540,20.47,20.5,20.4475,20.4475,20.47805,69,26
1631115545,20.44,20.45,20.27,20.45,20.35797,117,37
1631115550,20.27,20.46,20.27,20.45,20.36365,5,4
1631115555,20.31,20.3676,20.31,20.3676,20.3292,3,2
1631115560,20.3676,20.3676,20.3676,20.3676,20.3676,0,0
1631115565,20.31,20.4,20.31,20.4,20.391,10,3
1631115570,20.3406,20.3406,20.3406,20.3406,20.3406,10,1
1631115575,20.3895,20.4,20.3022,20.35,20.33813,25,10
1631115580,20.38,20.38,20.29,20.2982,20.31328,30,13
1631115585,20.29,20.3491,20.27,20.3491,20.2799,90,5
1631115590,20.3001,20.34,20.26,20.3272,20.29049,70,16
1631115595,20.3,20.32,20.2501,20.32,20.29896,16,5
1631115600,20.25,20.29,20.25,20.29,20.26429,2,2
1631115605,20.3,20.32,20.275,20.32,20.30291,38,7
1631115610,20.32,20.32,20.31,20.31,20.31652,14,10
1631115615,20.315,20.329,20.27,20.329,20.31246,42,18
1631115620,20.35,20.35,20.35,20.35,20.35,2,2
1631115625,20.3499,20.35,20.3499,20.35,20.34998,6,6
1631115630,20.35,20.35,20.35,20.35,20.35,0,0
1631115635,20.32,20.34,20.32,20.34,20.33,13,6
1631115640,20.34,20.3415,20.28,20.3026,20.29789,16,14
1631115645,20.28,20.28,20.28,20.28,20.28,2,1
1631115650,20.261,20.28,20.261,20.28,20.26914,3,2
1631115655,20.28,20.28,20.17,20.18,20.22619,80,31
1631115660,20.23,20.23,20.07,20.071,20.11118,234,63
1631115665,20.1171,20.1499,20.07,20.113,20.1051,20,12
1631115670,20.115,20.1489,20.0701,20.09,20.10489,8,5
1631115675,20.12,20.12,20.08,20.0801,20.10328,39,10
1631115680,20.097,20.1,20.02,20.052,20.0639,93,24
1631115685,20.0001,20.1,20.0,20.03,20.0238,70,26
1631115690,20.1,20.1,20.01,20.0999,20.03083,48,22
1631115695,20.03,20.05,19.92,19.92,20.00033,109,42
1631115700,19.95,20.0999,19.93,20.01,19.99089,73,26
1631115705,20.0549,20.0799,20.01,20.0101,20.05573,49,9
1631115710,20.03,20.03,20.03,20.03,20.03,2,1
1631115715,20.0068,20.08,20.0068,20.07,20.0517,20,8
1631115720,20.05,20.05,20.03,20.045,20.03842,7,4
1631115725,20.04,20.04,20.04,20.04,20.04,3,3
1631115730,20.03,20.07,19.9506,20.07,20.0128,91,36
1631115735,20.02,20.02,20.0,20.001,20.00241,16,9
1631115740,20.0,20.0,20.0,20.0,20.0,3,1
1631115745,20.01,20.02,19.991,19.991,20.00761,36,9
1631115750,20.0001,20.0237,19.98,20.02,19.99487,36,27
1631115755,19.9963,20.03,19.97,19.971,19.99524,55,21
1631115760,20.0,20.04,19.9281,20.01,19.9762,33,17
1631115765,19.9549,20.0,19.92,19.92,19.94444,106,23
1631115770,19.9937,19.9999,19.95,19.97,19.97268,9,6
1631115775,19.9989,19.9989,19.9989,19.9989,19.9989,5,1
1631115780,19.99,20.0399,19.9801,20.01,19.9857,34,7
1631115785,19.9977,19.9977,19.9977,19.9977,19.9977,5,1
1631115790,20.0,20.01,19.98,20.01,19.99288,38,13
1631115795,19.96,19.985,19.96,19.985,19.97006,4,3
1631115800,19.96,19.9998,19.95,19.952,19.97208,6,4
1631115805,19.96,19.96,19.86,19.87,19.88762,139,50
1631115810,19.8746,19.885,19.86,19.885,19.8771,78,19
1631115815,19.91,19.95,19.8701,19.95,19.89807,32,11
1631115820,19.8601,19.9,19.8601,19.9,19.86892,12,4
1631115825,19.88,19.93,19.8638,19.92,19.87967,69,13
1631115830,19.904,19.94,19.86,19.88,19.87944,48,16
1631115835,19.88,19.88,19.85,19.85,19.85093,32,18
1631115840,19.88,19.88,19.847,19.85,19.85416,16,9
1631115845,19.859,19.859,19.8401,19.8401,19.85475,14,5
1631115850,19.8401,19.8401,19.8,19.81,19.81621,65,29
1631115855,19.8227,19.9,19.81,19.8609,19.84704,43,8
1631115860,19.82,19.8699,19.73,19.8,19.78183,161,60
1631115865,19.778,19.81,19.75,19.76,19.7615,93,12
1631115870,19.765,19.8,19.72,19.7954,19.78563,49,8
1631115875,19.8199,19.8385,19.71,19.7367,19.76424,104,29
1631115880,19.81,19.81,19.789,19.809,19.8001,28,9
1631115885,19.81,19.8468,19.8085,19.8468,19.81454,39,9
1631115890,19.8205,19.88,19.8205,19.88,19.84551,10,6
1631115895,19.8396,19.8497,19.835,19.8497,19.83652,20,4
1631115900,19.84,19.8495,19.7795,19.7795,19.79819,56,17
1631115905,19.7755,19.7781,19.7755,19.7781,19.77572,12,3
1631115910,19.7781,19.78,19.7201,19.7201,19.75348,42,14
1631115915,19.7571,19.77,19.72,19.77,19.74622,82,26
1631115920,19.76,19.76,19.75,19.75,19.75361,7,3
1631115925,19.741,19.741,19.72,19.72,19.73179,8,6
1631115930,19.72,19.759,19.72,19.74,19.73489,9,6
1631115935,19.71,19.76,19.7001,19.76,19.73255,45,11
1631115940,19.75,19.8,19.75,19.75,19.77506,95,31
1631115945,19.79,19.79,19.785,19.785,19.78977,22,3
1631115950,19.8,19.8485,19.75,19.75,19.78827,18,7
1631115955,19.75,19.75,19.75,19.75,19.75,0,0
1631115960,19.7954,19.8147,19.73,19.7618,19.76496,74,22
1631115965,19.73,19.785,19.73,19.73,19.75721,32,11
1631115970,19.76,19.76,19.76,19.76,19.76,1,1
1631115975,19.745,19.745,19.745,19.745,19.745,1,1
1631115980,19.741,19.75,19.65,19.7,19.68911,173,58
1631115985,19.7499,19.7499,19.7,19.7,19.74014,27,4
1631115990,19.74,19.8,19.725,19.8,19.77325,87,16
1631115995,19.7799,19.84,19.7615,19.7846,19.79798,135,36
1631116000,19.7886,19.7886,19.74,19.74,19.77288,9,3
1631116005,19.765,19.7799,19.765,19.7799,19.77694,12,2
1631116010,19.775,19.7843,19.775,19.7843,19.77899,2,2
1631116015,19.766,19.766,19.74,19.74,19.74383,24,4
1631116020,19.7526,19.775,19.7526,19.775,19.75994,12,7
1631116025,19.8159,19.83,19.795,19.83,19.82687,32,7
1631116030,19.8,19.8,19.8,19.8,19.8,5,1
1631116035,19.8,19.8,19.78,19.78,19.78333,6,2
1631116040,19.8,19.83,19.79,19.79,19.80063,45,13
1631116045,19.77,19.78,19.72,19.755,19.76596,34,11
1631116050,19.7633,19.7959,19.755,19.755,19.75719,49,3
1631116055,19.76,19.8099,19.76,19.776,19.79793,7,3
1631116060,19.8049,19.8049,19.755,19.755,19.77038,32,3
1631116065,19.75,19.7848,19.75,19.76,19.76247,30,8
1631116070,19.71,19.7555,19.71,19.755,19.75205,30,3
1631116075,19.7676,19.7676,19.7676,19.7676,19.7676,1,1
1631116080,19.77,19.8,19.7639,19.7998,19.77625,20,7
1631116085,19.82,19.82,19.82,19.82,19.82,5,1
1631116090,19.82,19.82,19.82,19.82,19.82,0,0
1631116095,19.78,19.81,19.78,19.81,19.80513,23,10
1631116100,19.85,19.85,19.8184,19.8184,19.8295,28,4
1631116105,19.8103,19.83,19.78,19.7943,19.80796,36,7
1631116110,19.77,19.771,19.72,19.7538,19.75283,57,20
1631116115,19.7494,19.7628,19.72,19.7538,19.75778,13,4
1631116120,19.78,19.78,19.7773,19.7773,19.77875,16,3
1631116125,19.72,19.72,19.72,19.72,19.72,1,1
1631116130,19.7735,19.7735,19.75,19.75,19.75518,13,5
1631116135,19.75,19.75,19.75,19.75,19.75,15,2
1631116140,19.75,19.75,19.75,19.75,19.75,0,0
1631116145,19.774,19.774,19.75,19.75,19.765,8,2
1631116150,19.75,19.75,19.75,19.75,19.75,0,0
1631116155,19.75,19.751,19.75,19.751,19.7505,2,2
1631116160,19.7599,19.7599,19.7599,19.7599,19.7599,5,1
1631116165,19.7598,19.7598,19.72,19.75,19.74722,30,11
1631116170,19.79,19.79,19.79,19.79,19.79,1,1
1631116175,19.7831,19.7831,19.7831,19.7831,19.7831,5,1
1631116180,19.7426,19.7654,19.7426,19.7654,19.75114,8,2
1631116185,19.7654,19.7654,19.7654,19.7654,19.7654,0,0
1631116190,19.7654,19.7654,19.7654,19.7654,19.7654,0,0
1631116195,19.7654,19.7654,19.7654,19.7654,19.7654,0,0
1631116200,19.7654,19.7654,19.7654,19.7654,19.7654,0,0
1631116205,19.8,19.8,19.8,19.8,19.8,10,2
1631116210,19.7998,19.8,19.77,19.78,19.79304,36,11
1631116215,19.8302,19.8302,19.8302,19.8302,19.8302,2,1
1631116220,19.78,19.78,19.78,19.78,19.78,2,2
1631116225,19.8,19.8,19.7974,19.7974,19.79928,36,8
1631116230,19.7924,19.7924,19.7924,19.7924,19.7924,7,1
1631116235,19.8,19.8,19.7773,19.7773,19.7876,6,3
1631116240,19.8,19.8,19.8,19.8,19.8,1,1
1631116245,19.83,19.83,19.83,19.83,19.83,2,1
1631116250,19.84,19.85,19.84,19.84,19.84462,6,5
1631116255,19.8429,19.85,19.81,19.85,19.82536,27,10
1631116260,19.8462,19.85,19.8101,19.85,19.8411,25,6
1631116265,19.8448,19.8448,19.831,19.831,19.83631,7,2
1631116270,19.8426,19.8426,19.8426,19.8426,19.8426,1,1
1631116275,19.85,19.9113,19.8269,19.8269,19.87382,211,32
1631116280,19.86,19.875,19.8506,19.8563,19.85934,5,4
1631116285,19.89,19.8994,19.873,19.8994,19.88438,12,4
1631116290,19.8907,19.93,19.89,19.91,19.91214,41,17
1631116295,19.91,19.93,19.86,19.9204,19.87752,43,10
1631116300,19.9266,19.93,19.75,19.7501,19.84327,64,29
1631116305,19.8661,19.88,19.815,19.85,19.83983,33,8
1631116310,19.858,19.8699,19.85,19.85,19.86485,15,4
1631116315,19.8169,19.87,19.8169,19.87,19.84947,3,3
1631116320,19.85,19.8699,19.8301,19.8301,19.86806,54,5
1631116325,19.84,19.9,19.84,19.8695,19.8642,11,5
1631116330,19.867,19.95,19.8601,19.905,19.906,106,31
1631116335,19.871,19.97,19.871,19.9105,19.95168,42,13
1631116340,19.9608,19.97,19.93,19.9686,19.95591,56,10
1631116345,19.931,19.97,19.93,19.95,19.95762,69,22
1631116350,19.97,20.07,19.9656,20.0087,20.00122,182,79
1631116355,19.9998,20.01,19.94,20.0,20.00423,54,12
1631116360,19.94,19.9799,19.94,19.9799,19.95341,40,10
1631116365,19.97,19.98,19.9248,19.9248,19.96106,4,3
1631116370,19.9399,19.94,19.86,19.895,19.89943,32,19
1631116375,19.9395,19.9395,19.905,19.905,19.91486,7,2
1631116380,19.9199,19.9199,19.9127,19.9127,19.9151,3,2
1631116385,19.89,19.98,19.89,19.98,19.95387,17,13
1631116390,19.97,19.9798,19.94,19.945,19.95853,22,5
1631116395,19.9177,19.9177,19.9177,19.9177,19.9177,2,1
1631116400,19.9737,19.99,19.9401,19.965,19.96379,31,19
1631116405,19.965,20.003,19.9384,19.95,19.97718,34,16
1631116410,19.9346,20.01,19.9346,20.01,19.96247,37,14
1631116415,19.9806,20.024,19.9501,20.01,20.00042,19,11
1631116420,20.01,20.0226,19.951,20.0,19.9765,32,11
1631116425,20.02,20.09,20.02,20.089,20.0602,68,32
1631116430,20.075,20.1214,20.0,20.1214,20.07056,95,31
1631116435,20.13,20.14,20.05,20.075,20.07725,48,12
1631116440,20.09,20.1099,20.0667,20.084,20.09456,53,9
1631116445,20.09,20.09,20.0301,20.0587,20.06546,27,10
1631116450,20.0301,20.05,20.0,20.05,20.01618,60,10
1631116455,20.055,20.1,20.055,20.1,20.0775,10,2
1631116460,20.1,20.1,20.1,20.1,20.1,0,0
1631116465,20.0422,20.0422,20.01,20.01,20.0261,2,2
1631116470,20.0001,20.023,20.0001,20.02,20.01232,11,3
1631116475,20.0001,20.03,20.0001,20.03,20.01885,7,3
1631116480,20.02,20.02,20.0,20.0157,20.0039,21,15
1631116485,20.01,20.02,19.99,20.0,20.00191,10,8
1631116490,19.97,19.97,19.92,19.93,19.93903,57,20
1631116495,19.9463,19.9463,19.87,19.8823,19.9114,49,28
1631116500,19.93,19.9404,19.89,19.89,19.92611,39,13
1631116505,19.9421,19.99,19.9323,19.9323,19.95548,10,7
1631116510,19.92,20.0,19.92,19.96,19.95517,52,16
1631116515,20.0,20.0,19.9398,19.9398,19.99763,25,2
1631116520,19.9922,20.0,19.9571,19.96,19.98508,9,8
1631116525,19.975,20.0,19.96,19.993,19.98568,42,14
1631116530,20.0,20.0,20.0,20.0,20.0,8,7
1631116535,20.0,20.0,19.999,19.999,19.99989,10,7
1631116540,20.0,20.0,19.95,19.9985,19.98188,27,15
1631116545,19.95,19.9699,19.9126,19.9699,19.93624,25,11
1631116550,19.9451,19.9451,19.9001,19.9001,19.9031,15,2
1631116555,19.91,19.91,19.9005,19.9005,19.90741,5,3
1631116560,19.935,20.0,19.9318,19.9928,19.96597,32,10
1631116565,19.965,19.9928,19.9401,19.9401,19.95342,31,4
1631116570,19.9401,19.9401,19.9401,19.9401,19.9401,0,0
1631116575,19.9401,19.9401,19.9401,19.9401,19.9401,0,0
1631116580,19.9895,20.0,19.9895,19.9895,19.99619,13,11
1631116585,19.975,19.975,19.9743,19.9743,19.97494,11,2
1631116590,19.99,20.0,19.9492,19.9492,19.996,16,8
1631116595,19.9492,19.9492,19.9492,19.9492,19.9492,0,0
1631116600,19.98,19.98,19.98,19.98,19.98,1,1
1631116605,19.9834,20.0,19.9834,19.9834,19.99078,9,5
1631116610,20.0,20.0,19.9816,20.0,19.99264,5,5
1631116615,20.0,20.0,19.9801,20.0,19.98371,109,12
1631116620,19.99,19.99,19.9201,19.96,19.97415,15,7
1631116625,19.9985,19.9985,19.99,19.99,19.99414,21,4
1631116630,19.99,19.99,19.99,19.99,19.99,3,1
1631116635,19.996,19.996,19.996,19.996,19.996,2,1
1631116640,20.0,20.0,19.99,19.99,19.99909,11,2
1631116645,20.0,20.0,19.9801,19.9907,19.99872,43,7
1631116650,19.98,19.9957,19.9321,19.9404,19.96397,39,10
1631116655,19.99,19.99,19.99,19.99,19.99,10,3
1631116660,19.9776,19.9776,19.9776,19.9776,19.9776,1,1
1631116665,19.9854,19.9854,19.9838,19.9838,19.98525,11,2
1631116670,19.97,19.97,19.97,19.97,19.97,4,3
1631116675,19.95,19.95,19.9401,19.9401,19.94505,2,2
1631116680,19.951,19.951,19.95,19.95,19.9505,2,2
1631116685,19.96,19.99,19.96,19.96,19.96757,11,5
1631116690,19.975,19.975,19.975,19.975,19.975,6,1
1631116695,19.99,19.99,19.99,19.99,19.99,14,1
1631116700,19.975,20.0,19.94,19.94,19.97816,29,14
1631116705,19.95,19.95,19.95,19.95,19.95,10,1
1631116710,19.95,19.95,19.95,19.95,19.95,1,1
1631116715,19.94,19.94,19.9,19.9,19.9241,67,19
1631116720,19.9,19.9001,19.74,19.8399,19.79398,205,66
1631116725,19.8318,19.8834,19.74,19.8834,19.78782,10,4
1631116730,19.9,19.9,19.7747,19.7747,19.81652,25,4
1631116735,19.7747,19.7747,19.7747,19.7747,19.7747,0,0
1631116740,19.84,19.8449,19.77,19.77,19.81404,18,12
1631116745,19.8,19.84,19.8,19.84,19.80591,13,5
1631116750,19.795,19.795,19.795,19.795,19.795,1,1
1631116755,19.795,19.795,19.795,19.795,19.795,1,1
1631116760,19.76,19.83,19.726,19.7767,19.76651,24,13
1631116765,19.7201,19.7201,19.7201,19.7201,19.7201,12,1
1631116770,19.81,19.81,19.7369,19.7882,19.75604,6,3
1631116775,19.722,19.722,19.72,19.72,19.72023,17,9
1631116780,19.7799,19.7799,19.7714,19.7714,19.77383,3,2
1631116785,19.7201,19.78,19.7201,19.78,19.74007,3,2
1631116790,19.76,19.8384,19.76,19.8384,19.80263,16,9
1631116795,19.8384,19.8384,19.8384,19.8384,19.8384,0,0
1631116800,19.8384,19.8384,19.8384,19.8384,19.8384,0,0
1631116805,19.8384,19.8384,19.8384,19.8384,19.8384,0,0
1631116810,19.8027,19.82,19.8027,19.82,19.81135,5,2
1631116815,19.805,19.8299,19.7802,19.8299,19.80918,6,3
1631116820,19.8299,19.8299,19.8299,19.8299,19.8299,0,0
1631116825,19.79,19.79,19.79,19.79,19.79,5,1
1631116830,19.8199,19.8199,19.8043,19.8043,19.81952,41,2
1631116835,19.8043,19.81,19.8043,19.81,19.80715,2,2
1631116840,19.8499,19.8499,19.73,19.77,19.80074,42,14
1631116845,19.73,19.8099,19.7,19.8099,19.73587,78,33
1631116850,19.7837,19.7837,19.7837,19.7837,19.7837,1,1
1631116855,19.7,19.7235,19.7,19.7,19.70987,9,5
1631116860,19.7,19.7,19.7,19.7,19.7,7,4
1631116865,19.71,19.78,19.71,19.7762,19.74672,21,7
1631116870,19.71,19.71,19.71,19.71,19.71,1,1
1631116875,19.7795,19.7795,19.74,19.74,19.77465,11,2
1631116880,19.7882,19.7882,19.78,19.78,19.78373,5,2
1631116885,19.8,19.8,19.78,19.8,19.79743,27,17
1631116890,19.79,19.79,19.7601,19.7601,19.7831,13,2
1631116895,19.769,19.7768,19.769,19.7768,19.7729,20,2
1631116900,19.74,19.7799,19.7,19.7,19.72209,14,10
1631116905,19.7,19.78,19.7,19.7603,19.76324,15,4
1631116910,19.7,19.7,19.7,19.7,19.7,5,2
1631116915,19.68,19.69,19.65,19.69,19.68182,11,5
1631116920,19.67,19.67,19.6501,19.6501,19.66254,8,2
1631116925,19.6501,19.6899,19.6501,19.67,19.65153,55,4
1631116930,19.6501,19.68,19.65,19.67,19.66071,18,10
1631116935,19.68,19.68,19.6737,19.6737,19.67971,21,2
1631116940,19.68,19.7,19.6501,19.6996,19.68342,16,5
1631116945,19.676,19.6878,19.67,19.6819,19.68087,17,6
1631116950,19.685,19.75,19.685,19.7322,19.74411,97,16
1631116955,19.733,19.733,19.733,19.733,19.733,1,1
1631116960,19.74,19.76,19.74,19.74,19.745,22,13
1631116965,19.78,19.8,19.76,19.76,19.7731,44,13
1631116970,19.7993,19.7993,19.76,19.76,19.78949,11,4
1631116975,19.769,19.7999,19.74,19.7999,19.77331,19,7
1631116980,19.7999,19.7999,19.7999,19.7999,19.7999,0,0
1631116985,19.78,19.78,19.78,19.78,19.78,1,1
1631116990,19.78,19.792,19.73,19.78,19.76086,24,13
1631116995,19.741,19.741,19.7,19.725,19.71428,25,6
1631117000,19.72,19.72,19.72,19.72,19.72,7,2
1631117005,19.76,19.76,19.76,19.76,19.76,3,1
1631117010,19.7699,19.7699,19.72,19.7201,19.76091,12,3
1631117015,19.7214,19.7214,19.7214,19.7214,19.7214,5,1
1631117020,19.7443,19.7443,19.71,19.71,19.72013,92,5
1631117025,19.71,19.71,19.71,19.71,19.71,0,0
1631117030,19.735,19.735,19.7247,19.7247,19.73053,5,2
1631117035,19.7258,19.7258,19.7258,19.7258,19.7258,1,1
1631117040,19.735,19.7499,19.735,19.7499,19.74493,15,2
1631117045,19.7499,19.7499,19.7499,19.7499,19.7499,0,0
1631117050,19.72,19.7416,19.72,19.7416,19.73401,29,5
1631117055,19.7416,19.7416,19.7416,19.7416,19.7416,0,0
1631117060,19.7425,19.7436,19.71,19.725,19.72544,14,4
1631117065,19.725,19.725,19.725,19.725,19.725,0,0
1631117070,19.7412,19.7412,19.7412,19.7412,19.7412,1,1
1631117075,19.741,19.741,19.725,19.725,19.72767,6,2
1631117080,19.71,19.71,19.65,19.65,19.67498,63,20
1631117085,19.69,19.69,19.6511,19.675,19.65536,59,6
1631117090,19.66,19.689,19.65,19.689,19.65594,8,7
1631117095,19.675,19.7,19.65,19.65,19.67235,8,6
1631117100,19.6999,19.6999,19.66,19.66,19.69874,51,2
1631117105,19.6899,19.6899,19.65,19.6899,19.66378,19,6
1631117110,19.65,19.69,19.65,19.651,19.66295,35,7
1631117115,19.6891,19.6891,19.65,19.65,19.66759,16,6
1631117120,19.669,19.669,19.669,19.669,19.669,10,1
1631117125,19.65,19.651,19.56,19.56,19.60364,112,57
1631117130,19.6191,19.6191,19.53,19.5978,19.55737,21,10
1631117135,19.56,19.61,19.52,19.57,19.53567,161,31
1631117140,19.52,19.6057,19.52,19.6057,19.54286,17,8
1631117145,19.57,19.59,19.57,19.59,19.58218,9,4
1631117150,19.57,19.6,19.57,19.6,19.59885,26,2
1631117155,19.6,19.6237,19.57,19.59,19.59416,22,8
1631117160,19.6193,19.6193,19.56,19.56,19.60155,22,7
1631117165,19.55,19.57,19.55,19.55,19.55653,23,5
1631117170,19.5799,19.59,19.5799,19.59,19.58661,5,3
1631117175,19.6671,19.6671,19.615,19.615,19.66236,33,2
1631117180,19.6699,19.6699,19.5601,19.6592,19.64829,17,3
1631117185,19.6499,19.6499,19.63,19.63,19.64635,28,2
1631117190,19.6092,19.6092,19.6086,19.6086,19.60887,2,2
1631117195,19.6289,19.6289,19.6092,19.6092,19.62229,2,2
1631117200,19.615,19.615,19.615,19.615,19.615,12,1
1631117205,19.615,19.63,19.615,19.63,19.62492,2,2
1631117210,19.67,19.67,19.66,19.66,19.66802,40,8
1631117215,19.64,19.64,19.64,19.64,19.64,7,1
1631117220,19.67,19.69,19.67,19.69,19.68495,11,2
1631117225,19.64,19.682,19.64,19.682,19.64082,51,2
1631117230,19.6645,19.6645,19.63,19.63,19.64135,10,6
1631117235,19.63,19.6389,19.63,19.6357,19.63558,15,3
1631117240,19.64,19.67,19.6301,19.6329,19.64134,28,8
1631117245,19.66,19.66,19.6559,19.6559,19.65918,12,2
1631117250,19.6509,19.6509,19.6509,19.6509,19.6509,2,1
1631117255,19.6509,19.6509,19.6509,19.6509,19.6509,0,0
1631117260,19.6501,19.6648,19.6501,19.66,19.66173,22,8
1631117265,19.67,19.67,19.6635,19.6635,19.6654,3,3
1631117270,19.6629,19.67,19.6292,19.6292,19.66595,20,5
1631117275,19.67,19.69,19.67,19.69,19.6765,6,4
1631117280,19.695,19.695,19.695,19.695,19.695,8,1
1631117285,19.695,19.695,19.695,19.695,19.695,0,0
1631117290,19.695,19.695,19.695,19.695,19.695,0,0
1631117295,19.7299,19.73,19.6856,19.6856,19.71276,40,7
1631117300,19.7299,19.7299,19.7299,19.7299,19.7299,2,2
1631117305,19.707,19.71,19.7,19.705,19.70625,8,4
1631117310,19.694,19.71,19.66,19.71,19.68633,19,11
1631117315,19.665,19.6835,19.6425,19.6425,19.67175,22,4
1631117320,19.675,19.675,19.6417,19.6628,19.66237,13,3
1631117325,19.699,19.71,19.699,19.71,19.70445,2,2
1631117330,19.68,19.68,19.67,19.67,19.67943,53,5
1631117335,19.67,19.67,19.67,19.67,19.67,0,0
1631117340,19.7078,19.7078,19.7078,19.7078,19.7078,1,1
1631117345,19.66,19.66,19.66,19.66,19.66,5,1
1631117350,19.6467,19.6467,19.6467,19.6467,19.6467,4,1
1631117355,19.6467,19.6467,19.6467,19.6467,19.6467,0,0
1631117360,19.6467,19.6467,19.6467,19.6467,19.6467,0,0
1631117365,19.6467,19.6467,19.6467,19.6467,19.6467,0,0
1631117370,19.6467,19.6467,19.6467,19.6467,19.6467,0,0
1631117375,19.6701,19.6701,19.6701,19.6701,19.6701,7,1
1631117380,19.6727,19.72,19.6727,19.72,19.68621,7,2
1631117385,19.68,19.68,19.67,19.67,19.67524,21,2
1631117390,19.67,19.67,19.67,19.67,19.67,0,0
1631117395,19.67,19.67,19.67,19.67,19.67,0,0
1631117400,19.7,19.72,19.695,19.695,19.71156,8,4
1631117405,19.695,19.695,19.695,19.695,19.695,0,0
1631117410,19.695,19.695,19.695,19.695,19.695,0,0
1631117415,19.7122,19.7122,19.7122,19.7122,19.7122,1,1
1631117420,19.72,19.74,19.7199,19.7201,19.72161,13,4
1631117425,19.7201,19.7201,19.7201,19.7201,19.7201,0,0
1631117430,19.7204,19.7204,19.7,19.7,19.70109,19,12
1631117435,19.7,19.7,19.7,19.7,19.7,0,0
1631117440,19.72,19.74,19.72,19.74,19.73333,3,2
1631117445,19.7399,19.7399,19.72,19.72,19.72765,13,2
1631117450,19.74,19.74,19.7156,19.7334,19.73253,16,4
1631117455,19.7125,19.7125,19.7125,19.7125,19.7125,1,1
1631117460,19.72,19.7868,19.72,19.7868,19.74949,32,23
1631117465,19.7868,19.7868,19.7868,19.7868,19.7868,0,0
1631117470,19.7916,19.7916,19.73,19.73,19.77974,14,4
1631117475,19.7999,19.8,19.76,19.76,19.79441,42,19
1631117480,19.7898,19.7898,19.76,19.76,19.77987,3,2
1631117485,19.772,19.7894,19.765,19.765,19.7711,19,5
1631117490,19.79,19.8104,19.78,19.8104,19.80404,40,15
1631117495,19.8104,19.8104,19.8104,19.8104,19.8104,0,0
1631117500,19.8171,19.8171,19.8171,19.8171,19.8171,1,1
1631117505,19.81,19.82,19.795,19.82,19.804,15,8
1631117510,19.8169,19.85,19.8169,19.849,19.84178,27,10
1631117515,19.83,19.832,19.83,19.832,19.831,10,2
1631117520,19.84,19.88,19.8323,19.88,19.84638,25,6
1631117525,19.8799,19.9399,19.86,19.9399,19.8948,33,15
1631117530,19.891,19.9399,19.891,19.9399,19.93451,21,4
1631117535,19.9199,19.9199,19.9199,19.9199,19.9199,10,2
1631117540,19.9195,19.94,19.9054,19.9054,19.9165,20,10
1631117545,19.8792,19.9399,19.8792,19.9031,19.91327,17,7
1631117550,19.91,19.94,19.91,19.94,19.926,7,2
1631117555,19.9299,19.9299,19.9299,19.9299,19.9299,5,1
1631117560,19.93,19.96,19.927,19.927,19.94516,54,19
1631117565,19.97,19.97,19.9001,19.9502,19.96014,61,4
1631117570,19.96,19.97,19.96,19.9606,19.96151,16,7
1631117575,19.97,19.97,19.945,19.95,19.96358,29,11
1631117580,19.97,20.05,19.97,19.9835,19.99292,52,21
1631117585,20.015,20.015,19.9801,20.005,20.01282,20,3
1631117590,20.0499,20.055,20.015,20.03,20.04388,18,8
1631117595,19.991,20.0155,19.92,20.0155,19.94533,59,10
1631117600,20.021,20.03,19.9,19.96,19.96938,77,20
1631117605,20.0037,20.0037,19.9001,19.9547,19.93359,54,6
1631117610,19.9667,19.9667,19.9,19.9,19.90937,17,3
1631117615,19.9535,19.9535,19.9535,19.9535,19.9535,35,1
1631117620,19.92,19.96,19.87,19.96,19.9334,74,7
1631117625,19.951,19.951,19.951,19.951,19.951,1,1
1631117630,19.9001,19.9001,19.86,19.86,19.881,13,6
1631117635,19.9183,19.9183,19.875,19.875,19.89561,9,8
1631117640,19.875,19.8999,19.875,19.8983,19.89718,18,3
1631117645,19.8983,19.8983,19.8983,19.8983,19.8983,0,0
1631117650,19.9,19.9,19.8719,19.8719,19.89088,4,2
1631117655,19.8948,19.8948,19.8715,19.8715,19.88814,7,2
1631117660,19.89,19.9,19.889,19.889,19.89423,4,3
1631117665,19.915,20.0,19.915,19.99,19.99397,209,13
1631117670,19.98,19.98,19.98,19.98,19.98,1,1
1631117675,19.9899,20.0446,19.98,20.0446,19.9988,259,57
1631117680,20.059,20.06,20.021,20.04,20.04745,23,14
1631117685,20.0101,20.06,20.0101,20.018,20.04691,28,10
1631117690,20.04,20.08,20.04,20.08,20.04333,12,3
1631117695,20.0799,20.09,19.9599,20.09,20.05329,49,11
1631117700,19.9501,20.07,19.9501,20.07,20.02941,14,3
1631117705,20.01,20.04,20.01,20.04,20.01465,6,2
1631117710,20.06,20.06,20.06,20.06,20.06,1,1
1631117715,20.07,20.08,20.07,20.08,20.07617,5,4
1631117720,20.0791,20.08,20.02,20.05,20.05221,26,9
1631117725,20.08,20.08,20.061,20.061,20.07643,17,4
1631117730,20.055,20.0599,20.0,20.0599,20.02449,35,13
1631117735,20.03,20.03,20.03,20.03,20.03,1,1
1631117740,20.04,20.06,20.035,20.06,20.05637,42,8
1631117745,20.059,20.059,20.02,20.03,20.03516,29,9
1631117750,20.0299,20.05,20.0,20.04,20.02934,25,8
1631117755,20.0499,20.05,20.025,20.025,20.03263,20,5
1631117760,20.0001,20.0001,20.0001,20.0001,20.0001,3,1
1631117765,20.04,20.04,20.0326,20.0326,20.03972,26,2
1631117770,20.0037,20.06,20.0037,20.06,20.01856,16,4
1631117775,20.06,20.06,20.06,20.06,20.06,6,2
1631117780,20.07,20.08,20.06,20.08,20.06429,7,3
1631117785,20.1,20.1,20.0601,20.09,20.07851,30,8
1631117790,20.0974,20.16,20.0974,20.125,20.11238,123,54
1631117795,20.15,20.15,20.1049,20.1399,20.13396,34,7
1631117800,20.1365,20.1477,20.1365,20.1477,20.13982,11,7
1631117805,20.1512,20.1512,20.1106,20.14,20.12629,39,8
1631117810,20.14,20.15,20.14,20.15,20.14781,7,3
1631117815,20.16,20.16,20.111,20.111,20.14543,22,7
1631117820,20.15,20.1796,20.15,20.1796,20.16519,12,7
1631117825,20.1201,20.1999,20.1201,20.1999,20.14279,40,5
1631117830,20.18,20.18,20.09,20.1206,20.11858,67,14
1631117835,20.12,20.18,20.05,20.1671,20.11845,19,7
1631117840,20.07,20.21,20.0506,20.21,20.18976,110,48
1631117845,20.13,20.1396,20.0659,20.1396,20.12211,24,4
1631117850,20.1396,20.1396,20.1396,20.1396,20.1396,0,0
1631117855,20.1001,20.1388,20.1001,20.12,20.11922,9,3
1631117860,20.13,20.14,20.11,20.14,20.13166,33,7
1631117865,20.125,20.14,20.1,20.1,20.11629,6,6
1631117870,20.13,20.13,20.13,20.13,20.13,1,1
1631117875,20.1199,20.1211,20.085,20.1211,20.11682,10,4
1631117880,20.11,20.11,20.1065,20.1065,20.10825,2,2
1631117885,20.08,20.085,20.0643,20.0643,20.06906,12,4
1631117890,20.11,20.11,20.05,20.06,20.07857,9,5
1631117895,20.05,20.065,20.05,20.06,20.05248,20,8
1631117900,20.05,20.05,20.0101,20.0101,20.01696,19,4
1631117905,20.0188,20.05,20.0188,20.05,20.03639,25,15
1631117910,20.03,20.03,20.02,20.03,20.02836,6,4
1631117915,20.0201,20.0201,19.98,19.98,20.0013,59,25
1631117920,20.0323,20.0323,20.0323,20.0323,20.0323,3,1
1631117925,19.9801,19.9801,19.9801,19.9801,19.9801,1,1
1631117930,20.0095,20.0095,20.0095,20.0095,20.0095,10,1
1631117935,19.995,20.01,19.9857,19.9857,20.00484,19,3
1631117940,19.9816,20.0099,19.9816,20.001,19.98974,12,6
1631117945,20.0055,20.02,20.0,20.02,20.00615,10,5
1631117950,20.04,20.08,20.04,20.08,20.06526,18,8
1631117955,20.0887,20.09,20.0887,20.09,20.0895,3,2
1631117960,20.09,20.09,20.09,20.09,20.09,4,1
1631117965,20.09,20.09,20.09,20.09,20.09,0,0
1631117970,20.0655,20.0655,20.0655,20.0655,20.0655,2,1
1631117975,20.05,20.05,20.04,20.04,20.04403,23,8
1631117980,20.04,20.04,20.04,20.04,20.04,0,0
1631117985,20.06,20.06,20.0513,20.0513,20.0571,3,3
1631117990,20.016,20.016,20.0,20.0,20.00945,5,4
1631117995,20.08,20.08,20.06,20.08,20.06755,20,10
1631118000,20.06,20.06,20.0293,20.0293,20.03544,5,2
1631118005,20.0293,20.0293,20.0293,20.0293,20.0293,0,0
1631118010,20.0293,20.0293,20.0293,20.0293,20.0293,0,0
1631118015,20.07,20.07,20.0393,20.0393,20.05442,3,2
1631118020,20.03,20.05,20.02,20.0386,20.03723,20,5
1631118025,20.075,20.075,20.075,20.075,20.075,15,1
1631118030,20.075,20.075,20.075,20.075,20.075,0,0
1631118035,20.075,20.075,20.075,20.075,20.075,0,0
1631118040,20.08,20.08,20.03,20.0799,20.05869,25,9
1631118045,20.0451,20.05,20.0451,20.05,20.04592,6,2
1631118050,20.05,20.06,20.02,20.02,20.04735,14,4
1631118055,20.0504,20.0899,20.0504,20.084,20.08178,17,4
1631118060,20.034,20.08,20.0,20.08,20.01061,39,19
1631118065,20.0201,20.05,20.0201,20.0201,20.02212,44,3
1631118070,20.0683,20.0683,20.0683,20.0683,20.0683,8,1
1631118075,20.045,20.045,20.045,20.045,20.045,2,1
1631118080,20.02,20.07,20.02,20.044,20.03191,44,4
1631118085,20.02,20.0214,20.02,20.0214,20.02065,8,3
1631118090,20.06,20.06,20.0546,20.0546,20.057,4,2
1631118095,20.0546,20.0546,20.0546,20.0546,20.0546,0,0
1631118100,20.0699,20.0699,20.0699,20.0699,20.0699,1,1
1631118105,20.06,20.07,20.0201,20.0201,20.05503,10,3
1631118110,20.0201,20.0201,20.0201,20.0201,20.0201,6,1
1631118115,20.06,20.0981,20.06,20.0981,20.06423,9,2
1631118120,20.1,20.1,19.92,19.92,20.00177,66,21
1631118125,19.975,20.08,19.975,20.0,20.01111,27,4
1631118130,20.0,20.0799,20.0,20.0799,20.0687,11,3
1631118135,19.9861,20.06,19.9861,19.99,19.99055,21,3
1631118140,20.0,20.0,20.0,20.0,20.0,2,2
1631118145,20.0,20.04,20.0,20.04,20.01741,15,4
1631118150,19.985,19.985,19.985,19.985,19.985,1,1
1631118155,19.9942,19.9942,19.9942,19.9942,19.9942,3,1
1631118160,19.9947,19.9999,19.9947,19.9999,19.9973,10,2
1631118165,19.992,19.9947,19.9878,19.9878,19.99234,17,4
1631118170,19.9947,20.1599,19.9947,20.1599,20.07112,166,58
1631118175,20.1465,20.1699,20.053,20.053,20.12201,43,18
1631118180,20.1499,20.17,20.1342,20.17,20.15575,83,45
1631118185,20.1899,20.2,20.1721,20.19,20.19197,72,19
1631118190,20.19,20.22,20.18,20.2,20.20474,62,28
1631118195,20.1687,20.1687,20.1687,20.1687,20.1687,40,1
1631118200,20.2198,20.22,20.15,20.15,20.15118,207,7
1631118205,20.22,20.3,20.185,20.3,20.24475,103,46
1631118210,20.25,20.25,20.23,20.25,20.2459,18,13
1631118215,20.25,20.25,20.2201,20.2201,20.23514,12,4
1631118220,20.25,20.25,20.245,20.25,20.24851,43,9
1631118225,20.25,20.26,20.2439,20.26,20.24914,21,8
1631118230,20.27,20.27,20.24,20.25,20.25189,28,10
1631118235,20.2699,20.3,20.261,20.28,20.28234,78,22
1631118240,20.3,20.35,20.28,20.35,20.32298,100,26
1631118245,20.3499,20.38,20.3101,20.3799,20.36179,71,31
1631118250,20.38,20.39,20.3579,20.3899,20.38128,59,15
1631118255,20.3892,20.39,20.3501,20.3501,20.38382,80,27
1631118260,20.39,20.39,20.3634,20.3634,20.37637,23,7
1631118265,20.39,20.42,20.3601,20.419,20.39515,200,52
1631118270,20.41,20.43,20.35,20.3956,20.4126,157,39
1631118275,20.3942,20.4202,20.32,20.3654,20.36624,29,10
1631118280,20.3201,20.41,20.3201,20.3762,20.35943,63,7
1631118285,20.3559,20.4,20.3263,20.36,20.35435,47,6
1631118290,20.39,20.39,20.3301,20.3301,20.37013,44,9
1631118295,20.3733,20.3733,20.3004,20.3004,20.33177,11,9
1631118300,20.3107,20.36,20.3,20.33,20.33549,43,16
1631118305,20.345,20.345,20.22,20.3,20.31606,190,37
1631118310,20.29,20.29,20.2606,20.2606,20.277,12,3
1631118315,20.2904,20.325,20.26,20.2999,20.29768,15,8
1631118320,20.2999,20.35,20.28,20.35,20.30176,18,8
1631118325,20.2801,20.2999,20.22,20.2999,20.27963,11,6
1631118330,20.3,20.3,20.2881,20.2881,20.2966,7,2
1631118335,20.26,20.292,20.2501,20.292,20.27628,4,3
1631118340,20.2625,20.2625,20.2201,20.2201,20.24867,37,10
1631118345,20.26,20.266,20.22,20.266,20.24286,32,12
1631118350,20.25,20.32,20.25,20.3174,20.29758,17,4
1631118355,20.27,20.34,20.2501,20.275,20.28758,12,4
1631118360,20.275,20.3,20.275,20.299,20.28351,20,6
1631118365,20.275,20.3,20.275,20.3,20.27581,31,2
1631118370,20.29,20.4,20.2701,20.36,20.34324,141,48
1631118375,20.2501,20.4,20.2501,20.3999,20.35552,16,6
1631118380,20.39,20.39,20.3103,20.3103,20.3141,21,2
1631118385,20.33,20.3372,20.33,20.33,20.33042,17,4
1631118390,20.37,20.37,20.3,20.3634,20.34725,9,3
1631118395,20.3634,20.3634,20.3634,20.3634,20.3634,0,0
1631118400,20.3634,20.3634,20.3634,20.3634,20.3634,0,0
1631118405,20.3064,20.37,20.3064,20.34,20.32723,13,3
1631118410,20.35,20.35,20.35,20.35,20.35,1,1
1631118415,20.3604,20.3709,20.36,20.36,20.36529,20,3
1631118420,20.34,20.345,20.31,20.32,20.31537,23,11
1631118425,20.36,20.36,20.3006,20.3006,20.35049,21,8
1631118430,20.3485,20.3485,20.3,20.3,20.33213,24,5
1631118435,20.3322,20.3322,20.25,20.25,20.29653,17,9
1631118440,20.27,20.3178,20.27,20.3165,20.314,16,3
1631118445,20.3165,20.3165,20.3165,20.3165,20.3165,0,0
1631118450,20.2602,20.31,20.2602,20.2842,20.30094,26,6
1631118455,20.28,20.31,20.28,20.3038,20.2996,15,4
1631118460,20.28,20.3099,20.28,20.3021,20.28942,8,3
1631118465,20.28,20.28,20.28,20.28,20.28,6,2
1631118470,20.26,20.3,20.2201,20.2934,20.26545,46,19
1631118475,20.2934,20.2934,20.2934,20.2934,20.2934,0,0
1631118480,20.221,20.3,20.221,20.28,20.2351,62,5
1631118485,20.245,20.2798,20.221,20.255,20.2465,32,4
1631118490,20.2599,20.2599,20.2301,20.2301,20.24873,16,2
1631118495,20.23,20.23,20.2,20.2,20.21321,313,31
1631118500,20.2399,20.2399,20.16,20.1601,20.16831,15,8
1631118505,20.16,20.1601,20.1101,20.1101,20.12671,74,18
1631118510,20.13,20.16,20.13,20.1516,20.1393,5,3
1631118515,20.1101,20.1135,20.1101,20.111,20.11153,3,3
1631118520,20.1465,20.17,20.1465,20.17,20.14958,12,3
1631118525,20.11,20.17,20.11,20.13,20.11519,92,8
1631118530,20.1301,20.1699,20.11,20.1699,20.13309,42,8
1631118535,20.15,20.2085,20.15,20.2085,20.19357,22,10
1631118540,20.14,20.199,20.12,20.199,20.15133,30,8
1631118545,20.199,20.199,20.199,20.199,20.199,0,0
1631118550,20.121,20.19,20.0601,20.11,20.10015,64,18
1631118555,20.085,20.1093,20.07,20.1022,20.07665,13,4
1631118560,20.085,20.11,20.085,20.1021,20.08691,22,3
1631118565,20.08,20.11,20.08,20.11,20.0995,6,6
1631118570,20.08,20.0999,20.0783,20.08,20.07982,16,4
1631118575,20.0799,20.0799,20.0799,20.0799,20.0799,1,1
1631118580,20.0799,20.0799,20.0799,20.0799,20.0799,0,0
1631118585,20.06,20.0999,20.06,20.0999,20.06304,13,6
1631118590,20.08,20.11,20.07,20.07,20.09956,80,25
1631118595,20.1,20.1,20.074,20.074,20.08483,4,2
1631118600,20.074,20.074,20.074,20.074,20.074,0,0
1631118605,20.074,20.074,20.074,20.074,20.074,0,0
1631118610,20.124,20.1822,20.124,20.1822,20.1531,2,2
1631118615,20.14,20.14,20.12,20.12,20.1274,8,4
1631118620,20.1324,20.1324,20.08,20.08,20.0986,5,5
1631118625,20.1399,20.1399,20.1399,20.1399,20.1399,30,1
1631118630,20.1399,20.1399,20.1399,20.1399,20.1399,0,0
1631118635,20.15,20.29,20.13,20.1689,20.2407,148,86
1631118640,20.29,20.29,20.29,20.29,20.29,2,1
1631118645,20.2734,20.29,20.195,20.29,20.2799,26,14
1631118650,20.29,20.29,20.29,20.29,20.29,0,0
1631118655,20.15,20.15,20.15,20.15,20.15,1,1
1631118660,20.26,20.26,20.26,20.26,20.26,17,1
1631118665,20.1901,20.1901,20.1901,20.1901,20.1901,5,1
1631118670,20.26,20.36,20.25,20.36,20.31613,137,29
1631118675,20.2859,20.3,20.2859,20.3,20.29244,3,2
1631118680,20.3,20.3,20.245,20.2999,20.26241,60,4
1631118685,20.2935,20.3,20.2093,20.3,20.27464,23,4
1631118690,20.21,20.2695,20.15,20.2695,20.17098,47,31
1631118695,20.3,20.3,20.15,20.15,20.24566,15,5
1631118700,20.14,20.14,20.1101,20.1101,20.12756,9,5
1631118705,20.1101,20.1101,20.1101,20.1101,20.1101,0,0
1631118710,20.1,20.2442,20.07,20.1907,20.10203,122,14
1631118715,20.1907,20.1999,20.1,20.1907,20.18183,68,12
1631118720,20.1861,20.1861,20.02,20.02,20.06829,74,18
1631118725,20.1289,20.1289,20.02,20.0201,20.03508,7,4
1631118730,20.02,20.02,20.02,20.02,20.02,7,1
1631118735,20.2,20.2,20.2,20.2,20.2,1,1
1631118740,20.0305,20.0305,20.0305,20.0305,20.0305,7,1
1631118745,20.0513,20.17,20.0513,20.12,20.11844,12,3
1631118750,20.12,20.12,20.12,20.12,20.12,0,0
1631118755,20.12,20.12,20.12,20.12,20.12,0,0
1631118760,20.1859,20.1859,20.15,20.15,20.17564,7,3
1631118765,20.15,20.15,20.15,20.15,20.15,0,0
1631118770,20.15,20.15,20.15,20.15,20.15,0,0
1631118775,20.15,20.15,20.15,20.15,20.15,0,0
1631118780,20.15,20.15,20.15,20.15,20.15,0,0
1631118785,20.135,20.14,20.135,20.14,20.13533,15,2
1631118790,20.19,20.19,20.18,20.18,20.18545,22,2
1631118795,20.18,20.18,20.18,20.18,20.18,0,0
1631118800,20.15,20.15,20.09,20.09,20.09502,11,6
1631118805,20.1599,20.1599,20.1599,20.1599,20.1599,1,1
1631118810,20.15,20.15,20.15,20.15,20.15,1,1
1631118815,20.0803,20.0803,20.0803,20.0803,20.0803,5,1
1631118820,20.1511,20.1511,20.1511,20.1511,20.1511,3,1
1631118825,20.1511,20.1511,20.1511,20.1511,20.1511,0,0
1631118830,20.1511,20.1511,20.1511,20.1511,20.1511,0,0
1631118835,20.0802,20.0867,20.0802,20.0867,20.08143,37,2
1631118840,20.0801,20.0801,20.0801,20.0801,20.0801,6,1
1631118845,20.1156,20.1156,20.1156,20.1156,20.1156,3,1
1631118850,20.109,20.109,20.109,20.109,20.109,1,1
1631118855,20.109,20.109,20.109,20.109,20.109,0,0
1631118860,20.08,20.0907,20.05,20.0907,20.06817,44,13
1631118865,20.0907,20.0907,20.0907,20.0907,20.0907,0,0
1631118870,20.07,20.07,20.07,20.07,20.07,2,1
1631118875,20.0478,20.0478,20.0478,20.0478,20.0478,1,1
1631118880,20.0478,20.0478,20.0478,20.0478,20.0478,0,0
1631118885,20.0478,20.0478,20.0478,20.0478,20.0478,0,0
1631118890,20.0486,20.0486,20.0486,20.0486,20.0486,1,1
1631118895,20.0486,20.0486,20.0486,20.0486,20.0486,0,0
1631118900,20.0486,20.0486,20.0486,20.0486,20.0486,0,0
1631118905,20.0486,20.0486,20.0486,20.0486,20.0486,0,0
1631118910,20.0486,20.0486,20.0486,20.0486,20.0486,0,0
1631118915,20.0486,20.0486,20.0486,20.0486,20.0486,0,0
1631118920,20.0604,20.095,20.05,20.095,20.07405,12,8
1631118925,20.05,20.08,20.05,20.08,20.074,5,2
1631118930,20.065,20.0749,20.065,20.0749,20.0683,3,2
1631118935,20.08,20.08,20.08,20.08,20.08,1,1
1631118940,20.08,20.08,20.08,20.08,20.08,0,0
1631118945,20.09,20.09,20.09,20.09,20.09,20,2
1631118950,20.0601,20.0601,20.0601,20.0601,20.0601,6,1
1631118955,20.0953,20.0953,20.0953,20.0953,20.0953,3,1
1631118960,20.0799,20.0799,20.0799,20.0799,20.0799,1,1
1631118965,20.0601,20.0601,20.0601,20.0601,20.0601,2,1
1631118970,20.062,20.07,20.062,20.07,20.066,2,2
1631118975,20.07,20.07,20.07,20.07,20.07,0,0
1631118980,20.07,20.07,20.05,20.05,20.05736,16,8
1631118985,20.05,20.05,20.05,20.05,20.05,0,0
1631118990,20.0599,20.08,20.03,20.03,20.05776,67,19
1631118995,20.0304,20.0634,20.0304,20.0634,20.05515,8,2
1631119000,20.05,20.05,20.05,20.05,20.05,7,4
1631119005,20.0333,20.04,20.0333,20.04,20.03793,7,2
1631119010,20.04,20.04,20.04,20.04,20.04,4,3
1631119015,20.05,20.0643,20.05,20.0643,20.05143,14,8
1631119020,20.0643,20.0643,20.0643,20.0643,20.0643,0,0
1631119025,20.0699,20.08,20.0699,20.08,20.07075,12,7
1631119030,20.0999,20.1,20.0999,20.0999,20.09992,61,3
1631119035,20.08,20.08,20.08,20.08,20.08,1,1
1631119040,20.0813,20.1193,20.0813,20.1193,20.11072,27,6
1631119045,20.09,20.1,20.09,20.1,20.09077,28,10
1631119050,20.11,20.15,20.11,20.15,20.14261,20,10
1631119055,20.15,20.1732,20.15,20.1732,20.16657,7,2
1631119060,20.18,20.18,20.18,20.18,20.18,2,2
1631119065,20.12,20.12,20.12,20.12,20.12,1,1
1631119070,20.12,20.12,20.12,20.12,20.12,0,0
1631119075,20.12,20.12,20.12,20.12,20.12,0,0
1631119080,20.1501,20.19,20.1501,20.19,20.16641,45,8
1631119085,20.19,20.35,20.19,20.3393,20.25919,158,53
1631119090,20.3443,20.35,20.2525,20.35,20.30404,26,7
1631119095,20.295,20.3499,20.295,20.2967,20.31398,15,4
1631119100,20.3391,20.3499,20.2999,20.3,20.3322,63,16
1631119105,20.3,20.3399,20.2905,20.3399,20.31271,16,3
1631119110,20.3,20.3,20.24,20.28,20.26339,6,4
1631119115,20.26,20.26,20.2169,20.2169,20.22903,8,4
1631119120,20.217,20.217,20.2155,20.2155,20.216,15,2
1631119125,20.27,20.3194,20.2299,20.3194,20.28812,10,7
1631119130,20.3,20.3195,20.3,20.3195,20.30369,8,7
1631119135,20.3096,20.35,20.3096,20.3241,20.33703,50,30
1631119140,20.31,20.3493,20.31,20.33,20.33756,11,3
1631119145,20.3327,20.35,20.3302,20.3302,20.34167,20,8
1631119150,20.3322,20.37,20.3,20.37,20.35331,328,92
1631119155,20.37,20.5,20.36,20.48,20.44024,431,90
1631119160,20.44,20.5,20.3501,20.497,20.48972,137,25
1631119165,20.425,20.5,20.4,20.4899,20.48159,139,42
1631119170,20.4999,20.5801,20.4895,20.5801,20.51589,396,82
1631119175,20.5999,20.65,20.57,20.6217,20.605,217,59
1631119180,20.62,20.62,20.421,20.5899,20.52817,99,49
1631119185,20.65,20.65,20.55,20.64,20.6446,110,27
1631119190,20.6216,20.65,20.6001,20.65,20.63479,102,27
1631119195,20.65,20.75,20.621,20.7,20.69741,465,110
1631119200,20.74,20.75,20.6501,20.74,20.71854,139,55
1631119205,20.7384,20.75,20.7101,20.749,20.73901,73,27
1631119210,20.7265,20.7399,20.6,20.65,20.65346,148,41
1631119215,20.7,20.7,20.6049,20.7,20.66737,52,15
1631119220,20.6862,20.71,20.646,20.68,20.69246,146,44
1631119225,20.7,20.7,20.6001,20.6499,20.64662,73,16
1631119230,20.6448,20.65,20.6429,20.65,20.64497,8,3
1631119235,20.625,20.65,20.53,20.5301,20.60029,39,18
1631119240,20.5699,20.5699,20.5,20.56,20.52386,64,19
1631119245,20.5111,20.5699,20.5111,20.53,20.53358,49,13
1631119250,20.5699,20.5699,20.5,20.5599,20.54137,40,11
1631119255,20.5316,20.6,20.53,20.5956,20.57186,195,43
1631119260,20.6499,20.65,20.5901,20.6499,20.63101,69,10
1631119265,20.649,20.7,20.6488,20.6609,20.67283,109,46
1631119270,20.6501,20.71,20.65,20.68,20.67517,127,42
1631119275,20.6501,20.71,20.65,20.6999,20.68674,53,14
1631119280,20.68,20.7014,20.67,20.6729,20.68315,35,9
1631119285,20.6776,20.68,20.58,20.6496,20.62735,117,29
1631119290,20.56,20.6073,20.55,20.598,20.56527,58,19
1631119295,20.6,20.66,20.6,20.64,20.6387,22,8
1631119300,20.61,20.64,20.6,20.6001,20.60489,61,8
1631119305,20.6001,20.63,20.57,20.6,20.5905,38,12
1631119310,20.59,20.65,20.57,20.6001,20.63259,89,15
1631119315,20.5626,20.65,20.5626,20.6499,20.60794,42,8
1631119320,20.62,20.65,20.6001,20.65,20.63183,55,10
1631119325,20.6499,20.65,20.55,20.58,20.58332,63,26
1631119330,20.53,20.6089,20.47,20.47,20.50333,49,20
1631119335,20.47,20.5599,20.47,20.555,20.53796,12,6
1631119340,20.533,20.533,20.45,20.5329,20.49146,127,30
1631119345,20.5,20.5387,20.46,20.4801,20.51358,91,10
1631119350,20.51,20.51,20.51,20.51,20.51,1,1
1631119355,20.5103,20.5103,20.5103,20.5103,20.5103,1,1
1631119360,20.47,20.47,20.2965,20.3595,20.36274,146,55
1631119365,20.29,20.41,20.27,20.41,20.30742,61,21
1631119370,20.4,20.4,20.3364,20.36,20.37436,9,3
1631119375,20.415,20.415,20.35,20.3913,20.3681,63,8
1631119380,20.3856,20.3856,20.3856,20.3856,20.3856,4,1
1631119385,20.35,20.4,20.32,20.368,20.35933,62,8
1631119390,20.365,20.3815,20.365,20.3815,20.37119,5,3
1631119395,20.38,20.39,20.38,20.3846,20.3859,9,6
1631119400,20.37,20.38,20.365,20.3772,20.37132,13,5
1631119405,20.39,20.435,20.34,20.4,20.38557,94,37
1631119410,20.3967,20.3967,20.3967,20.3967,20.3967,5,1
1631119415,20.3954,20.4,20.35,20.4,20.38105,17,11
1631119420,20.33,20.344,20.31,20.344,20.32123,64,11
1631119425,20.3899,20.3901,20.3758,20.3901,20.38593,3,3
1631119430,20.3683,20.4,20.3683,20.3806,20.38719,22,13
1631119435,20.4195,20.4195,20.4195,20.4195,20.4195,1,1
1631119440,20.4,20.4,20.4,20.4,20.4,3,1
1631119445,20.39,20.39,20.3345,20.3345,20.35061,78,11
1631119450,20.4071,20.4071,20.34,20.34,20.38026,2,2
1631119455,20.3301,20.3666,20.3301,20.365,20.36256,13,4
1631119460,20.365,20.384,20.15,20.19,20.25779,110,53
1631119465,20.2,20.3,20.2,20.3,20.23896,5,4
1631119470,20.2301,20.34,20.2301,20.29,20.26839,31,10
1631119475,20.25,20.285,20.23,20.285,20.24917,6,3
1631119480,20.2907,20.2999,20.2907,20.2936,20.29445,4,3
1631119485,20.2944,20.3,20.25,20.27,20.28379,26,10
1631119490,20.2965,20.2965,20.27,20.27,20.27685,19,5
1631119495,20.2909,20.2999,20.2553,20.2999,20.2709,8,3
1631119500,20.3,20.34,20.27,20.2701,20.29508,59,24
1631119505,20.34,20.34,20.295,20.295,20.3175,2,2
1631119510,20.26,20.26,20.2077,20.21,20.22498,76,36
1631119515,20.209,20.24,20.209,20.211,20.21395,50,22
1631119520,20.21,20.21,20.21,20.21,20.21,20,9
1631119525,20.21,20.21,20.2,20.2052,20.20206,13,3
1631119530,20.21,20.21,20.1001,20.128,20.16248,140,40
1631119535,20.1,20.16,20.1,20.1201,20.11234,39,15
1631119540,20.15,20.21,20.1401,20.155,20.18775,13,7
1631119545,20.155,20.1899,20.155,20.1899,20.17439,9,2
1631119550,20.155,20.155,20.1301,20.1301,20.1467,3,2
1631119555,20.1839,20.1839,20.1834,20.1834,20.18368,9,2
1631119560,20.1583,20.18,20.13,20.18,20.15908,14,11
1631119565,20.19,20.21,20.19,20.21,20.20135,48,21
1631119570,20.21,20.21,20.21,20.21,20.21,2,1
1631119575,20.1901,20.2,20.17,20.17,20.19502,15,5
1631119580,20.185,20.21,20.1715,20.1715,20.18963,26,4
1631119585,20.2033,20.27,20.2,20.27,20.21363,53,21
1631119590,20.26,20.26,20.19,20.22,20.24141,13,4
1631119595,20.2209,20.2209,20.15,20.15,20.16793,10,3
1631119600,20.1501,20.1501,20.1501,20.1501,20.1501,1,1
1631119605,20.15,20.15,20.1,20.1394,20.11642,65,23
1631119610,20.2,20.2,20.05,20.05,20.07764,394,58
1631119615,20.075,20.0953,20.0501,20.06,20.06096,72,17
1631119620,20.06,20.1,20.0582,20.1,20.06873,30,8
1631119625,20.06,20.09,20.0571,20.09,20.0609,30,8
1631119630,20.0601,20.075,20.0601,20.075,20.06427,25,2
1631119635,20.0789,20.08,20.02,20.02,20.05802,191,52
1631119640,20.02,20.03,20.02,20.0204,20.02352,141,27
1631119645,20.06,20.22,20.05,20.0792,20.10034,80,27
1631119650,20.11,20.13,20.1,20.13,20.11778,20,4
1631119655,20.1039,20.1039,20.07,20.07,20.09786,31,9
1631119660,20.08,20.0999,20.0425,20.0425,20.08034,26,6
1631119665,20.0425,20.0425,20.0425,20.0425,20.0425,0,0
1631119670,20.1003,20.1127,20.1003,20.1127,20.10395,17,2
1631119675,20.1299,20.1299,20.1299,20.1299,20.1299,1,1
1631119680,20.11,20.11,20.08,20.1,20.09804,15,8
1631119685,20.13,20.13,20.08,20.08,20.09104,7,2
1631119690,20.08,20.0929,20.07,20.0711,20.07626,23,4
1631119695,20.08,20.13,20.07,20.13,20.09711,14,7
1631119700,20.121,20.121,20.105,20.105,20.109,4,2
1631119705,20.1207,20.1207,20.12,20.12,20.12035,2,2
1631119710,20.1245,20.1245,20.1245,20.1245,20.1245,4,1
1631119715,20.1299,20.1299,20.08,20.08,20.10147,6,4
1631119720,20.12,20.1962,20.12,20.1947,20.14964,70,21
1631119725,20.1867,20.1867,20.1501,20.1501,20.17624,14,2
1631119730,20.1999,20.1999,20.1999,20.1999,20.1999,8,1
1631119735,20.15,20.15,20.13,20.13,20.14,10,3
1631119740,20.13,20.1424,20.13,20.1424,20.1362,2,2
1631119745,20.1424,20.1424,20.1424,20.1424,20.1424,0,0
1631119750,20.1999,20.1999,20.14,20.14,20.18608,13,2
1631119755,20.16,20.16,20.16,20.16,20.16,10,1
1631119760,20.1972,20.31,20.1972,20.284,20.22018,57,19
1631119765,20.2699,20.2699,20.1388,20.21,20.20669,26,22
1631119770,20.175,20.175,20.175,20.175,20.175,25,1
1631119775,20.21,20.21,20.21,20.21,20.21,15,1
1631119780,20.2244,20.2244,20.1742,20.1962,20.19201,17,5
1631119785,20.1957,20.2,20.1823,20.2,20.18954,18,3
1631119790,20.2054,20.23,20.2054,20.23,20.21524,5,3
1631119795,20.2001,20.2586,20.2,20.2586,20.21685,4,4
1631119800,20.2586,20.2586,20.2586,20.2586,20.2586,0,0
1631119805,20.2499,20.2499,20.2101,20.2499,20.23318,25,4
1631119810,20.24,20.24,20.2123,20.2123,20.22047,27,4
1631119815,20.2036,20.2299,20.2036,20.22,20.2171,14,5
1631119820,20.243,20.243,20.243,20.243,20.243,1,1
1631119825,20.2104,20.25,20.21,20.25,20.23408,5,3
1631119830,20.2134,20.2307,20.11,20.11,20.1442,147,32
1631119835,20.16,20.16,20.16,20.16,20.16,1,1
1631119840,20.16,20.16,20.16,20.16,20.16,0,0
1631119845,20.16,20.16,20.16,20.16,20.16,0,0
1631119850,20.16,20.16,20.16,20.16,20.16,0,0
1631119855,20.2019,20.2019,20.1207,20.16,20.17291,11,3
1631119860,20.11,20.12,20.07,20.07,20.09845,84,21
1631119865,20.19,20.19,20.19,20.19,20.19,5,1
1631119870,20.106,20.106,20.07,20.07,20.1,12,2
1631119875,20.07,20.07,20.07,20.07,20.07,0,0
1631119880,20.07,20.07,20.07,20.07,20.07,0,0
1631119885,20.07,20.07,20.07,20.07,20.07,0,0
1631119890,20.071,20.071,20.06,20.06,20.06589,15,9
1631119895,20.115,20.115,20.06,20.0878,20.08844,36,8
1631119900,20.061,20.061,20.061,20.061,20.061,5,1
1631119905,20.0801,20.0801,20.08,20.08,20.08007,3,2
1631119910,20.0781,20.0781,20.0781,20.0781,20.0781,2,1
1631119915,20.0781,20.0781,20.0781,20.0781,20.0781,0,0
1631119920,20.0704,20.0704,20.07,20.07,20.07004,9,3
1631119925,20.07,20.07,20.07,20.07,20.07,0,0
1631119930,20.07,20.07,20.05,20.05,20.056,58,19
1631119935,20.0501,20.0501,20.05,20.05,20.05004,237,24
1631119940,20.05,20.0681,20.05,20.0681,20.05165,121,4
1631119945,20.05,20.06,20.05,20.06,20.05059,51,4
1631119950,20.067,20.067,20.05,20.05,20.05142,12,3
1631119955,20.0672,20.0672,20.0672,20.0672,20.0672,1,1
1631119960,20.06,20.06,19.76,19.76,19.93199,579,148
1631119965,19.76,19.94,19.76,19.89,19.82828,48,32
1631119970,19.88,19.9466,19.84,19.8401,19.85417,24,7
1631119975,19.8915,19.93,19.84,19.8401,19.89689,46,9
1631119980,19.94,19.94,19.89,19.89,19.92,2,2
1631119985,19.89,19.9164,19.84,19.9164,19.8525,129,10
1631119990,19.9084,19.9084,19.9084,19.9084,19.9084,1,1
1631119995,19.8999,19.8999,19.8565,19.8565,19.8689,7,2
1631120000,19.87,19.9333,19.87,19.9333,19.8994,23,4
1631120005,19.9,19.9599,19.9,19.9599,19.90296,20,6
1631120010,19.9599,19.9599,19.9599,19.9599,19.9599,0,0
1631120015,19.9154,19.9154,19.9,19.9,19.90171,11,2
1631120020,19.89,19.9,19.89,19.9,19.89895,9,4
1631120025,19.88,19.9407,19.88,19.9407,19.92908,5,3
1631120030,19.85,19.8699,19.8042,19.8042,19.83493,31,9
1631120035,19.8457,19.8619,19.8457,19.859,19.85417,13,4
1631120040,19.8599,19.8926,19.82,19.8201,19.83351,39,14
1631120045,19.9,19.9431,19.8301,19.875,19.88893,9,6
1631120050,19.85,19.851,19.8,19.82,19.80881,27,11
1631120055,19.8392,19.863,19.82,19.863,19.8436,14,7
1631120060,19.8862,19.89,19.8862,19.89,19.88937,6,2
1631120065,19.89,19.89,19.89,19.89,19.89,0,0
1631120070,19.8791,19.8791,19.872,19.872,19.87318,6,2
1631120075,19.85,19.9,19.85,19.8799,19.86882,74,11
1631120080,19.915,19.915,19.89,19.89,19.90875,8,4
1631120085,19.93,19.93,19.85,19.885,19.88778,11,6
1631120090,19.93,19.93,19.87,19.87,19.9,2,2
1631120095,19.899,19.9299,19.851,19.851,19.89672,7,4
1631120100,19.8709,19.8709,19.8709,19.8709,19.8709,4,1
1631120105,19.8501,19.9238,19.8501,19.916,19.86768,33,3
1631120110,19.8735,19.9,19.8735,19.9,19.89197,3,2
1631120115,19.9,19.9,19.9,19.9,19.9,0,0
1631120120,19.9399,19.9399,19.9399,19.9399,19.9399,3,1
1631120125,19.9,19.94,19.8977,19.94,19.91211,7,3
1631120130,19.94,19.94,19.94,19.94,19.94,0,0
1631120135,19.9303,19.9303,19.86,19.86,19.86549,117,4
1631120140,19.86,19.86,19.86,19.86,19.86,0,0
1631120145,19.86,19.86,19.86,19.86,19.86,44,8
1631120150,19.86,19.86,19.86,19.86,19.86,19,6
1631120155,19.8699,19.9026,19.8699,19.9026,19.88046,33,15
1631120160,19.9026,19.9026,19.9026,19.9026,19.9026,0,0
1631120165,19.92,19.93,19.91,19.926,19.91986,38,7
1631120170,19.946,19.946,19.91,19.91,19.93783,8,3
1631120175,19.905,19.905,19.8801,19.8801,19.89255,2,2
1631120180,19.9315,19.9315,19.8801,19.8801,19.89807,34,3
1631120185,19.9056,19.9056,19.9056,19.9056,19.9056,2,1
1631120190,19.9056,19.9056,19.9056,19.9056,19.9056,0,0
1631120195,19.908,19.908,19.86,19.86,19.87335,20,11
1631120200,19.88,19.88,19.88,19.88,19.88,2,1
1631120205,19.88,19.88,19.88,19.88,19.88,0,0
1631120210,19.8933,19.9057,19.8933,19.9057,19.90363,6,2
1631120215,19.87,19.9,19.8601,19.8601,19.86721,7,3
1631120220,19.8601,19.8601,19.8601,19.8601,19.8601,0,0
1631120225,19.9099,19.9099,19.9099,19.9099,19.9099,40,1
1631120230,19.9,19.9,19.9,19.9,19.9,4,1
1631120235,19.9,19.9,19.9,19.9,19.9,0,0
1631120240,19.9,19.9,19.9,19.9,19.9,0,0
1631120245,19.91,19.91,19.91,19.91,19.91,4,2
1631120250,19.9338,19.9338,19.9338,19.9338,19.9338,2,1
1631120255,19.94,19.94,19.94,19.94,19.94,1,1
1631120260,19.94,19.94,19.94,19.94,19.94,0,0
1631120265,19.93,19.96,19.93,19.96,19.9507,31,10
1631120270,19.96,19.96,19.96,19.96,19.96,1,1
1631120275,19.935,19.935,19.935,19.935,19.935,1,1
1631120280,19.9699,19.9699,19.9068,19.9357,19.95141,14,3
1631120285,19.9399,19.9399,19.87,19.9,19.89629,13,4
1631120290,19.9,19.9,19.8863,19.8863,19.88946,6,2
1631120295,19.87,19.89,19.8606,19.89,19.87353,3,3
1631120300,19.88,19.88,19.88,19.88,19.88,1,1
1631120305,19.88,19.88,19.86,19.86,19.86533,18,5
1631120310,19.87,19.8934,19.87,19.8934,19.8817,4,2
1631120315,19.87,19.8999,19.86,19.86,19.88096,10,3
1631120320,19.88,19.89,19.88,19.885,19.88544,17,4
1631120325,19.8801,19.9,19.8801,19.9,19.89359,37,11
1631120330,19.905,19.905,19.9,19.9,19.9025,2,2
1631120335,19.9,19.9,19.9,19.9,19.9,0,0
1631120340,19.9,19.9,19.9,19.9,19.9,0,0
1631120345,19.905,19.905,19.905,19.905,19.905,10,1
1631120350,19.88,19.88,19.88,19.88,19.88,1,1
1631120355,19.93,19.9689,19.93,19.9689,19.9421,8,5
1631120360,19.9689,19.9689,19.9689,19.9689,19.9689,0,0
1631120365,19.93,19.9599,19.93,19.9599,19.93738,8,2
1631120370,19.96,19.96,19.96,19.96,19.96,1,1
1631120375,19.91,19.95,19.91,19.95,19.93807,5,5
1631120380,19.9499,19.9499,19.9499,19.9499,19.9499,10,1
1631120385,19.9499,19.9499,19.9499,19.9499,19.9499,0,0
1631120390,19.9499,19.9499,19.9499,19.9499,19.9499,0,0
1631120395,19.925,19.925,19.925,19.925,19.925,1,1
1631120400,19.925,19.925,19.925,19.925,19.925,0,0
1631120405,19.94,19.98,19.935,19.98,19.9562,26,16
1631120410,19.98,19.98,19.98,19.98,19.98,0,0
1631120415,19.98,19.98,19.98,19.98,19.98,0,0
1631120420,19.9799,19.98,19.945,19.9532,19.9744,13,5
1631120425,19.945,19.98,19.945,19.98,19.97791,16,2
1631120430,19.9695,19.9695,19.9695,19.9695,19.9695,1,1
1631120435,19.9455,19.9455,19.9101,19.9101,19.92733,8,2
1631120440,19.92,19.945,19.92,19.945,19.92611,4,3
1631120445,19.93,19.9731,19.9101,19.9731,19.93085,17,5
1631120450,19.929,19.929,19.929,19.929,19.929,1,1
1631120455,19.97,19.98,19.97,19.97,19.975,4,4
1631120460,19.97,19.97,19.97,19.97,19.97,0,0
1631120465,19.98,19.98,19.98,19.98,19.98,1,1
1631120470,19.98,19.98,19.98,19.98,19.98,0,0
1631120475,19.97,19.97,19.97,19.97,19.97,3,1
1631120480,19.95,19.989,19.95,19.989,19.96218,17,3
1631120485,19.97,19.97,19.97,19.97,19.97,5,1
1631120490,19.95,19.95,19.9,19.9,19.93712,7,4
1631120495,19.9599,19.9599,19.92,19.95,19.9323,13,3
1631120500,19.95,19.9586,19.9195,19.9195,19.93592,9,3
1631120505,19.9375,19.9536,19.9375,19.9536,19.94122,13,2
1631120510,19.93,19.93,19.93,19.93,19.93,1,1
1631120515,19.93,19.93,19.93,19.93,19.93,1,1
1631120520,19.9281,19.9281,19.9281,19.9281,19.9281,35,1
1631120525,19.938,19.938,19.938,19.938,19.938,1,1
1631120530,19.9768,19.9768,19.945,19.945,19.95772,2,2
1631120535,19.9779,19.9809,19.9779,19.9809,19.98008,5,2
1631120540,19.9767,19.9767,19.94,19.94,19.95414,6,3
1631120545,19.94,19.97,19.94,19.97,19.9477,13,2
1631120550,19.9255,19.9699,19.9255,19.945,19.94325,10,5
1631120555,19.9634,19.9634,19.9001,19.9004,19.93183,4,3
1631120560,19.9,19.9286,19.88,19.9286,19.9023,8,6
1631120565,19.9286,19.9286,19.9286,19.9286,19.9286,0,0
1631120570,19.88,19.88,19.87,19.88,19.87912,11,4
1631120575,19.86,19.86,19.86,19.86,19.86,5,1
1631120580,19.862,19.862,19.862,19.862,19.862,3,1
1631120585,19.88,19.9013,19.8759,19.9013,19.88573,3,3
1631120590,19.93,19.96,19.93,19.96,19.9583,19,2
1631120595,19.934,19.934,19.934,19.934,19.934,3,1
1631120600,19.934,19.934,19.934,19.934,19.934,0,0
1631120605,19.934,19.934,19.934,19.934,19.934,0,0
1631120610,19.935,19.935,19.935,19.935,19.935,2,1
1631120615,19.935,19.935,19.935,19.935,19.935,0,0
1631120620,19.87,19.87,19.87,19.87,19.87,11,1
1631120625,19.9488,19.9488,19.9488,19.9488,19.9488,1,1
1631120630,19.8915,19.91,19.8709,19.91,19.88796,7,4
1631120635,19.91,19.91,19.91,19.91,19.91,0,0
1631120640,19.87,19.87,19.87,19.87,19.87,2,1
1631120645,19.874,19.874,19.874,19.874,19.874,1,1
1631120650,19.91,19.91,19.91,19.91,19.91,1,1
1631120655,19.91,19.91,19.91,19.91,19.91,0,0
1631120660,19.87,19.87,19.87,19.87,19.87,3,1
1631120665,19.8701,19.91,19.8701,19.8884,19.87792,7,3
1631120670,19.8884,19.8884,19.8884,19.8884,19.8884,0,0
1631120675,19.9417,19.9417,19.9417,19.9417,19.9417,3,1
1631120680,19.87,19.87,19.87,19.87,19.87,1,1
1631120685,19.899,19.899,19.899,19.899,19.899,2,1
1631120690,19.87,19.8924,19.86,19.8924,19.87201,14,8
1631120695,19.8924,19.8924,19.8924,19.8924,19.8924,0,0
1631120700,19.9,19.9,19.9,19.9,19.9,15,7
1631120705,19.9,19.9,19.89,19.89,19.89886,8,2
1631120710,19.89,19.92,19.89,19.92,19.90673,3,3
1631120715,19.92,19.92,19.92,19.92,19.92,2,2
1631120720,19.89,19.92,19.89,19.92,19.9,3,2
1631120725,19.87,19.87,19.87,19.87,19.87,2,1
1631120730,19.9,19.95,19.9,19.95,19.9364,66,10
1631120735,19.95,19.95,19.95,19.95,19.95,0,0
1631120740,19.9481,19.9481,19.945,19.945,19.94691,13,2
1631120745,19.9478,19.9478,19.9478,19.9478,19.9478,5,1
1631120750,19.925,19.925,19.925,19.925,19.925,27,1
1631120755,19.925,19.925,19.925,19.925,19.925,0,0
1631120760,19.9418,19.9418,19.915,19.915,19.92624,3,3
1631120765,19.93,19.99,19.925,19.99,19.9551,183,79
1631120770,19.99,19.99,19.99,19.99,19.99,0,0
1631120775,19.9,19.99,19.9,19.99,19.96032,57,3
1631120780,19.9899,19.9899,19.9899,19.9899,19.9899,20,1
1631120785,19.9899,19.9899,19.9899,19.9899,19.9899,0,0
1631120790,19.9899,19.9899,19.9899,19.9899,19.9899,0,0
1631120795,19.9899,19.9899,19.9899,19.9899,19.9899,0,0
1631120800,19.98,19.98,19.98,19.98,19.98,5,1
1631120805,19.98,19.98,19.98,19.98,19.98,0,0
1631120810,19.98,19.98,19.98,19.98,19.98,0,0
1631120815,19.94,19.94,19.94,19.94,19.94,1,1
1631120820,19.94,19.94,19.94,19.94,19.94,0,0
1631120825,19.94,19.94,19.94,19.94,19.94,0,0
1631120830,19.94,19.94,19.94,19.94,19.94,0,0
1631120835,19.94,19.94,19.94,19.94,19.94,0,0
1631120840,19.94,19.95,19.94,19.95,19.945,4,4
1631120845,19.97,19.97,19.97,19.97,19.97,1,1
1631120850,19.9688,19.9688,19.9688,19.9688,19.9688,60,1
1631120855,19.94,19.94,19.94,19.94,19.94,10,2
1631120860,19.94,19.94,19.94,19.94,19.94,0,0
1631120865,19.943,19.9443,19.94,19.9443,19.94342,37,9
1631120870,19.9443,19.9443,19.9443,19.9443,19.9443,0,0
1631120875,19.9443,19.9443,19.9443,19.9443,19.9443,0,0
1631120880,19.9443,19.9443,19.9443,19.9443,19.9443,0,0
1631120885,19.935,19.935,19.935,19.935,19.935,1,1
1631120890,19.935,19.935,19.935,19.935,19.935,0,0
1631120895,19.935,19.935,19.935,19.935,19.935,0,0
1631120900,19.935,19.935,19.935,19.935,19.935,0,0
1631120905,19.935,19.935,19.88,19.88,19.89574,9,6
1631120910,19.88,19.88,19.88,19.88,19.88,0,0
1631120915,19.88,19.88,19.88,19.88,19.88,0,0
1631120920,19.9053,19.9053,19.9053,19.9053,19.9053,2,1
1631120925,19.91,19.91,19.88,19.8804,19.88679,8,4
1631120930,19.9199,19.9199,19.8801,19.8801,19.89254,3,2
1631120935,19.8801,19.8801,19.8801,19.8801,19.8801,4,1
1631120940,19.88,19.88,19.88,19.88,19.88,1,1
1631120945,19.8801,19.9108,19.86,19.86,19.86849,16,9
1631120950,19.85,19.8501,19.83,19.8301,19.84691,32,9
1631120955,19.8306,19.865,19.83,19.83,19.84139,15,4
1631120960,19.83,19.83,19.82,19.82,19.82842,15,6
1631120965,19.8201,19.9099,19.8201,19.9099,19.83961,5,2
1631120970,19.9099,19.9099,19.9099,19.9099,19.9099,1,1
1631120975,19.8999,19.8999,19.8301,19.8301,19.83342,21,2
1631120980,19.8301,19.8301,19.8301,19.8301,19.8301,0,0
1631120985,19.8559,19.8559,19.8559,19.8559,19.8559,5,1
1631120990,19.8559,19.8559,19.8559,19.8559,19.8559,0,0
1631120995,19.8559,19.8559,19.8559,19.8559,19.8559,0,0
1631121000,19.87,19.87,19.87,19.87,19.87,1,1
1631121005,19.87,19.87,19.87,19.87,19.87,0,0
1631121010,19.87,19.87,19.84,19.84,19.86071,14,6
1631121015,19.84,19.84,19.84,19.84,19.84,0,0
1631121020,19.86,19.86,19.86,19.86,19.86,1,1
1631121025,19.8899,19.8899,19.83,19.8301,19.85789,38,5
1631121030,19.83,19.865,19.8285,19.865,19.82933,59,5
1631121035,19.865,19.865,19.865,19.865,19.865,0,0
1631121040,19.855,19.855,19.855,19.855,19.855,1,1
1631121045,19.86,19.86,19.86,19.86,19.86,2,1
1631121050,19.84,19.84,19.84,19.84,19.84,1,1
1631121055,19.8806,19.8806,19.8806,19.8806,19.8806,1,1
1631121060,19.8806,19.8806,19.8806,19.8806,19.8806,0,0
1631121065,19.84,19.84,19.84,19.84,19.84,1,1
1631121070,19.875,19.8894,19.82,19.8661,19.87654,50,7
1631121075,19.8899,19.8899,19.8899,19.8899,19.8899,5,1
1631121080,19.82,19.8613,19.82,19.8303,19.85735,34,3
1631121085,19.8303,19.8303,19.8303,19.8303,19.8303,0,0
1631121090,19.8795,19.8795,19.879,19.879,19.87922,2,2
1631121095,19.83,19.83,19.8,19.8,19.80698,56,22
1631121100,19.8,19.8,19.8,19.8,19.8,0,0
1631121105,19.8515,19.8515,19.8515,19.8515,19.8515,1,1
1631121110,19.8201,19.8201,19.8201,19.8201,19.8201,23,1
1631121115,19.82,19.82,19.8,19.8036,19.80465,10,4
1631121120,19.8713,19.8713,19.8713,19.8713,19.8713,2,1
1631121125,19.84,19.84,19.8,19.8,19.83241,14,3
1631121130,19.87,19.87,19.87,19.87,19.87,18,1
1631121135,19.845,19.845,19.845,19.845,19.845,60,1
1631121140,19.845,19.845,19.845,19.845,19.845,0,0
1631121145,19.8097,19.8097,19.8097,19.8097,19.8097,1,1
1631121150,19.8687,19.8687,19.8077,19.8077,19.85127,14,2
1631121155,19.8077,19.8077,19.8077,19.8077,19.8077,0,0
1631121160,19.88,19.88,19.8075,19.8075,19.82956,16,3
1631121165,19.84,19.8691,19.8072,19.8691,19.82073,10,3
1631121170,19.8691,19.8691,19.8691,19.8691,19.8691,0,0
1631121175,19.842,19.842,19.842,19.842,19.842,5,1
1631121180,19.842,19.842,19.842,19.842,19.842,0,0
1631121185,19.842,19.842,19.842,19.842,19.842,0,0
1631121190,19.842,19.842,19.842,19.842,19.842,0,0
1631121195,19.8138,19.8138,19.8138,19.8138,19.8138,5,1
1631121200,19.8121,19.8121,19.8121,19.8121,19.8121,2,1
1631121205,19.8121,19.8121,19.8121,19.8121,19.8121,0,0
1631121210,19.8121,19.8121,19.8121,19.8121,19.8121,0,0
1631121215,19.8121,19.8121,19.8121,19.8121,19.8121,0,0
1631121220,19.8121,19.8121,19.8121,19.8121,19.8121,0,0
1631121225,19.8699,19.8699,19.8699,19.8699,19.8699,1,1
1631121230,19.8699,19.8699,19.8699,19.8699,19.8699,0,0
1631121235,19.8,19.825,19.8,19.825,19.80607,10,2
1631121240,19.8001,19.8001,19.8001,19.8001,19.8001,3,1
1631121245,19.81,19.8428,19.8,19.8428,19.80707,9,3
1631121250,19.8428,19.8428,19.8428,19.8428,19.8428,0,0
1631121255,19.8101,19.8101,19.81,19.81,19.81003,3,3
1631121260,19.8151,19.8441,19.8151,19.8441,19.8267,5,2
1631121265,19.83,19.83,19.83,19.83,19.83,1,1
1631121270,19.83,19.83,19.83,19.83,19.83,0,0
1631121275,19.8488,19.8488,19.8488,19.8488,19.8488,1,1
1631121280,19.82,19.8333,19.82,19.8333,19.8264,3,2
1631121285,19.8449,19.8449,19.84,19.84,19.84123,4,2
1631121290,19.8201,19.8201,19.8201,19.8201,19.8201,1,1
1631121295,19.8201,19.8201,19.8201,19.8201,19.8201,0,0
1631121300,19.8639,19.8639,19.8639,19.8639,19.8639,3,1
1631121305,19.8639,19.8639,19.8639,19.8639,19.8639,0,0
1631121310,19.8639,19.8639,19.8639,19.8639,19.8639,0,0
1631121315,19.8639,19.8639,19.8639,19.8639,19.8639,0,0
1631121320,19.8639,19.8639,19.8639,19.8639,19.8639,0,0
1631121325,19.8639,19.8639,19.8639,19.8639,19.8639,0,0
1631121330,19.8632,19.95,19.845,19.95,19.89542,80,28
1631121335,19.905,19.905,19.905,19.905,19.905,1,1
1631121340,19.905,19.905,19.905,19.905,19.905,0,0
1631121345,19.9,19.9499,19.8372,19.9499,19.91554,18,5
1631121350,19.836,19.9,19.836,19.9,19.88417,6,2
1631121355,19.88,19.88,19.88,19.88,19.88,1,1
1631121360,19.88,19.88,19.88,19.88,19.88,0,0
1631121365,19.88,19.88,19.88,19.88,19.88,0,0
1631121370,19.88,19.88,19.88,19.88,19.88,0,0
1631121375,19.88,19.88,19.88,19.88,19.88,0,0
1631121380,19.88,19.88,19.88,19.88,19.88,5,1
1631121385,19.885,19.9499,19.885,19.9499,19.92181,47,3
1631121390,19.8201,19.8201,19.8201,19.8201,19.8201,8,1
1631121395,19.8201,19.8201,19.8201,19.8201,19.8201,0,0
1631121400,19.91,19.94,19.91,19.94,19.92297,3,2
1631121405,19.95,19.95,19.95,19.95,19.95,6,1
1631121410,19.95,19.95,19.95,19.95,19.95,0,0
1631121415,19.88,19.8863,19.88,19.8863,19.88162,24,2
1631121420,19.95,19.95,19.88,19.88,19.89199,37,6
1631121425,19.88,19.88,19.88,19.88,19.88,0,0
1631121430,19.88,19.88,19.88,19.88,19.88,0,0
1631121435,19.9299,19.9299,19.92,19.9294,19.92643,3,3
1631121440,19.9294,19.9294,19.9294,19.9294,19.9294,0,0
1631121445,19.9294,19.9294,19.9294,19.9294,19.9294,0,0
1631121450,19.93,19.9342,19.88,19.9342,19.91952,25,10
1631121455,19.8893,19.8893,19.8,19.8,19.82119,62,37
1631121460,19.8,19.8,19.8,19.8,19.8,0,0
1631121465,19.8,19.8,19.8,19.8,19.8,0,0
1631121470,19.865,19.8751,19.8,19.8751,19.84917,9,3
1631121475,19.81,19.81,19.81,19.81,19.81,8,5
1631121480,19.81,19.81,19.81,19.81,19.81,0,0
1631121485,19.81,19.81,19.81,19.81,19.81,0,0
1631121490,19.9176,19.9176,19.9176,19.9176,19.9176,2,1
1631121495,19.8201,19.8201,19.8201,19.8201,19.8201,3,1
1631121500,19.8201,19.8201,19.8201,19.8201,19.8201,0,0
1631121505,19.8201,19.8801,19.8201,19.8801,19.8351,4,2
1631121510,19.8801,19.8801,19.8801,19.8801,19.8801,0,0
1631121515,19.8801,19.8801,19.8801,19.8801,19.8801,0,0
1631121520,19.8799,19.8799,19.8799,19.8799,19.8799,1,1
1631121525,19.8799,19.8799,19.8799,19.8799,19.8799,0,0
1631121530,19.8799,19.8799,19.8799,19.8799,19.8799,1,1
1631121535,19.8799,19.8799,19.8799,19.8799,19.8799,0,0
1631121540,19.8799,19.8799,19.8799,19.8799,19.8799,0,0
1631121545,19.8799,19.8799,19.8799,19.8799,19.8799,0,0
1631121550,19.8799,19.8799,19.8799,19.8799,19.8799,0,0
1631121555,19.8702,19.8702,19.8702,19.8702,19.8702,1,1
1631121560,19.88,19.88,19.8799,19.8799,19.87992,11,2
1631121565,19.8799,19.8799,19.8799,19.8799,19.8799,0,0
1631121570,19.86,19.88,19.86,19.8796,19.87846,48,8
1631121575,19.85,19.85,19.85,19.85,19.85,9,1
1631121580,19.851,19.851,19.8201,19.8201,19.82701,8,2
1631121585,19.8201,19.8201,19.8201,19.8201,19.8201,0,0
1631121590,19.82,19.835,19.8,19.82,19.82592,33,8
1631121595,19.82,19.82,19.82,19.82,19.82,13,2
1631121600,19.83,19.87,19.82,19.87,19.82273,41,19
1631121605,19.835,19.835,19.835,19.835,19.835,1,1
1631121610,19.85,19.85,19.75,19.75,19.78077,127,33
1631121615,19.75,19.75,19.65,19.6501,19.68071,150,64
1631121620,19.6501,19.72,19.6501,19.72,19.6967,3,2
1631121625,19.6761,19.6761,19.65,19.66,19.65554,41,14
1631121630,19.65,19.66,19.65,19.66,19.65378,46,20
1631121635,19.69,19.76,19.6877,19.6877,19.75302,44,4
1631121640,19.6877,19.6877,19.6877,19.6877,19.6877,0,0
1631121645,19.8,19.8,19.77,19.77,19.77804,13,3
1631121650,19.7326,19.7326,19.7326,19.7326,19.7326,1,1
1631121655,19.8,19.8,19.8,19.8,19.8,10,1
1631121660,19.8,19.8,19.8,19.8,19.8,0,0
1631121665,19.7446,19.7446,19.7446,19.7446,19.7446,6,1
1631121670,19.745,19.745,19.7109,19.7109,19.72227,3,2
1631121675,19.7001,19.75,19.7001,19.75,19.7269,8,4
1631121680,19.72,19.72,19.7105,19.7105,19.71663,5,3
1631121685,19.7017,19.7017,19.7017,19.7017,19.7017,2,1
1631121690,19.7017,19.7017,19.7017,19.7017,19.7017,0,0
1631121695,19.76,19.76,19.76,19.76,19.76,1,1
1631121700,19.76,19.76,19.76,19.76,19.76,0,0
1631121705,19.76,19.76,19.76,19.76,19.76,0,0
1631121710,19.76,19.76,19.76,19.76,19.76,0,0
1631121715,19.76,19.76,19.76,19.76,19.76,0,0
1631121720,19.78,19.78,19.74,19.74,19.76003,7,5
1631121725,19.77,19.77,19.75,19.75,19.76178,3,3
1631121730,19.74,19.74,19.74,19.74,19.74,4,1
1631121735,19.74,19.74,19.74,19.74,19.74,0,0
1631121740,19.74,19.74,19.74,19.74,19.74,0,0
1631121745,19.725,19.725,19.725,19.725,19.725,1,1
1631121750,19.725,19.725,19.725,19.725,19.725,0,0
1631121755,19.725,19.725,19.725,19.725,19.725,0,0
1631121760,19.73,19.74,19.73,19.74,19.73094,10,3
1631121765,19.71,19.71,19.71,19.71,19.71,1,1
1631121770,19.7,19.7,19.6788,19.6788,19.69019,19,11
1631121775,19.67,19.68,19.67,19.67,19.67096,18,5
1631121780,19.67,19.67,19.67,19.67,19.67,0,0
1631121785,19.67,19.67,19.67,19.67,19.67,0,0
1631121790,19.675,19.675,19.66,19.66,19.67232,31,4
1631121795,19.66,19.66,19.66,19.66,19.66,0,0
1631121800,19.6699,19.7,19.665,19.67,19.67142,40,11
1631121805,19.72,19.72,19.72,19.72,19.72,36,2
1631121810,19.72,19.72,19.72,19.72,19.72,0,0
1631121815,19.76,19.77,19.76,19.77,19.769,10,3
1631121820,19.77,19.77,19.77,19.77,19.77,0,0
1631121825,19.701,19.78,19.67,19.715,19.71034,17,5
1631121830,19.715,19.715,19.67,19.67,19.68205,5,4
1631121835,19.67,19.67,19.67,19.67,19.67,0,0
1631121840,19.675,19.68,19.6501,19.68,19.65793,7,3
1631121845,19.68,19.68,19.68,19.68,19.68,0,0
1631121850,19.67,19.67,19.65,19.6501,19.65043,124,14
1631121855,19.6585,19.69,19.6585,19.69,19.68653,36,5
1631121860,19.666,19.675,19.66,19.675,19.67157,26,5
1631121865,19.6929,19.6929,19.69,19.69,19.69185,2,2
1631121870,19.68,19.685,19.68,19.685,19.68386,6,2
1631121875,19.685,19.685,19.685,19.685,19.685,0,0
1631121880,19.6882,19.695,19.66,19.695,19.68042,11,4
1631121885,19.697,19.7,19.697,19.7,19.69903,6,5
1631121890,19.69,19.69,19.65,19.65,19.65667,18,6
1631121895,19.685,19.685,19.685,19.685,19.685,5,1
1631121900,19.65,19.65,19.65,19.65,19.65,2,1
1631121905,19.65,19.65,19.65,19.65,19.65,0,0
1631121910,19.65,19.7,19.65,19.7,19.67475,2,2
1631121915,19.6913,19.6913,19.66,19.66,19.66894,3,3
1631121920,19.66,19.66,19.66,19.66,19.66,7,2
1631121925,19.6899,19.6899,19.6885,19.6885,19.68926,11,2
1631121930,19.66,19.69,19.65,19.65,19.65422,16,6
1631121935,19.66,19.6835,19.651,19.6835,19.65927,11,4
1631121940,19.6853,19.6853,19.6814,19.6814,19.68458,5,2
1631121945,19.6899,19.6899,19.67,19.67,19.67332,6,2
1631121950,19.67,19.67,19.66,19.66,19.66103,9,5
1631121955,19.66,19.66,19.66,19.66,19.66,2,1
1631121960,19.6599,19.6599,19.65,19.65,19.65223,5,3
1631121965,19.655,19.655,19.655,19.655,19.655,1,1
1631121970,19.65,19.65,19.62,19.625,19.62615,46,21
1631121975,19.62,19.62,19.61,19.62,19.61707,10,7
1631121980,19.63,19.63,19.6,19.6,19.60721,26,16
1631121985,19.6,19.64,19.6,19.6,19.62703,21,13
1631121990,19.6418,19.6418,19.6418,19.6418,19.6418,1,1
1631121995,19.6418,19.65,19.6418,19.65,19.64672,2,2
1631122000,19.65,19.65,19.65,19.65,19.65,0,0
1631122005,19.6427,19.6427,19.6427,19.6427,19.6427,2,1
1631122010,19.625,19.65,19.6049,19.6049,19.61961,39,8
1631122015,19.6049,19.6049,19.6049,19.6049,19.6049,0,0
1631122020,19.6049,19.6049,19.6049,19.6049,19.6049,0,0
1631122025,19.63,19.659,19.63,19.659,19.65589,11,2
1631122030,19.659,19.659,19.659,19.659,19.659,0,0
1631122035,19.63,19.64,19.63,19.63,19.63286,7,6
1631122040,19.6438,19.6438,19.6438,19.6438,19.6438,1,1
1631122045,19.6438,19.6438,19.6438,19.6438,19.6438,0,0
1631122050,19.638,19.6438,19.638,19.6438,19.63993,3,2
1631122055,19.635,19.65,19.635,19.6499,19.64938,73,10
1631122060,19.6643,19.67,19.6,19.64,19.61369,83,25
1631122065,19.64,19.64,19.64,19.64,19.64,0,0
1631122070,19.67,19.67,19.64,19.64,19.64854,14,4
1631122075,19.62,19.625,19.62,19.625,19.6225,2,2
1631122080,19.6335,19.6335,19.625,19.6329,19.62734,7,3
1631122085,19.6329,19.6329,19.6329,19.6329,19.6329,0,0
1631122090,19.625,19.625,19.625,19.625,19.625,1,1
1631122095,19.6437,19.6437,19.6437,19.6437,19.6437,1,1
1631122100,19.65,19.7,19.65,19.7,19.67936,28,12
1631122105,19.71,19.71,19.6721,19.6721,19.67842,6,2
1631122110,19.65,19.65,19.65,19.65,19.65,2,1
1631122115,19.7099,19.7099,19.7099,19.7099,19.7099,1,1
1631122120,19.6819,19.6819,19.6819,19.6819,19.6819,3,1
1631122125,19.68,19.68,19.68,19.68,19.68,1,1
1631122130,19.68,19.685,19.68,19.685,19.68083,6,2
1631122135,19.68,19.69,19.68,19.69,19.6825,4,2
1631122140,19.685,19.685,19.6843,19.6843,19.68492,9,2
1631122145,19.6601,19.7,19.6601,19.7,19.67123,13,4
1631122150,19.7,19.7,19.7,19.7,19.7,4,1
1631122155,19.67,19.7,19.66,19.66,19.68,8,4
1631122160,19.6604,19.6604,19.6604,19.6604,19.6604,1,1
1631122165,19.66,19.68,19.66,19.68,19.67,2,2
1631122170,19.66,19.66,19.66,19.66,19.66,1,1
1631122175,19.65,19.66,19.62,19.66,19.63443,20,8
1631122180,19.6999,19.7,19.6999,19.7,19.69992,20,2
1631122185,19.665,19.7,19.665,19.7,19.69816,19,2
1631122190,19.6908,19.6908,19.65,19.65,19.6704,4,2
1631122195,19.63,19.65,19.62,19.65,19.63746,13,6
1631122200,19.6912,19.6912,19.6912,19.6912,19.6912,1,1
1631122205,19.6599,19.7,19.6599,19.7,19.66793,7,3
1631122210,19.69,19.7,19.65,19.7,19.6915,34,7
1631122215,19.7,19.7,19.7,19.7,19.7,0,0
1631122220,19.7,19.7,19.7,19.7,19.7,0,0
1631122225,19.6999,19.6999,19.65,19.65,19.67758,13,5
1631122230,19.65,19.65,19.65,19.65,19.65,2,2
1631122235,19.68,19.68,19.65,19.65,19.66545,11,5
1631122240,19.65,19.65,19.65,19.65,19.65,0,0
1631122245,19.66,19.66,19.66,19.66,19.66,1,1
1631122250,19.68,19.68,19.68,19.68,19.68,10,1
1631122255,19.68,19.68,19.68,19.68,19.68,0,0
1631122260,19.669,19.69,19.669,19.69,19.6817,13,5
1631122265,19.69,19.69,19.69,19.69,19.69,0,0
1631122270,19.67,19.67,19.67,19.67,19.67,1,1
1631122275,19.67,19.67,19.65,19.65,19.65223,23,12
1631122280,19.65,19.65,19.65,19.65,19.65,0,0
1631122285,19.65,19.66,19.65,19.66,19.6548,20,7
1631122290,19.66,19.66,19.66,19.66,19.66,1,1
1631122295,19.66,19.66,19.66,19.66,19.66,0,0
1631122300,19.66,19.66,19.66,19.66,19.66,1,1
1631122305,19.6687,19.67,19.66,19.67,19.66396,12,4
1631122310,19.67,19.67,19.67,19.67,19.67,0,0
1631122315,19.67,19.67,19.67,19.67,19.67,0,0
1631122320,19.67,19.8,19.67,19.78,19.75526,102,41
1631122325,19.7497,19.7799,19.7211,19.7211,19.77142,59,3
1631122330,19.7675,19.7675,19.7675,19.7675,19.7675,2,1
1631122335,19.7667,19.7799,19.7644,19.7799,19.77214,5,3
1631122340,19.77,19.77,19.75,19.75,19.75063,63,4
1631122345,19.71,19.71,19.71,19.71,19.71,5,1
1631122350,19.72,19.75,19.72,19.75,19.74782,13,2
1631122355,19.7499,19.7499,19.7499,19.7499,19.7499,3,2
1631122360,19.7413,19.75,19.7413,19.75,19.74903,9,5
1631122365,19.788,19.8,19.788,19.8,19.79943,21,2
1631122370,19.775,19.85,19.775,19.85,19.79887,18,10
1631122375,19.8516,19.86,19.8295,19.8503,19.84686,5,4
1631122380,19.86,19.86,19.83,19.86,19.84978,93,9
1631122385,19.86,19.86,19.86,19.86,19.86,0,0
1631122390,19.9,19.91,19.8921,19.91,19.90238,29,18
1631122395,19.909,19.93,19.89,19.93,19.91187,41,7
1631122400,19.89,19.96,19.87,19.8734,19.93845,115,26
1631122405,19.94,19.94,19.94,19.94,19.94,1,1
1631122410,19.9001,19.9001,19.9001,19.9001,19.9001,10,1
1631122415,19.96,19.99,19.92,19.95,19.95205,20,8
1631122420,19.95,19.95,19.9,19.93,19.92803,57,14
1631122425,19.93,19.93,19.93,19.93,19.93,11,3
1631122430,19.97,20.05,19.97,20.0499,20.01944,46,15
1631122435,20.0,20.02,19.99,19.99,20.00441,34,11
1631122440,19.99,20.03,19.99,19.9946,19.99763,28,6
1631122445,19.99,20.0,19.99,19.9971,19.99517,58,20
1631122450,20.0,20.0,20.0,20.0,20.0,1,1
1631122455,19.9919,20.0,19.9919,20.0,19.99938,20,5
1631122460,19.9918,19.9918,19.95,19.95,19.98273,10,5
1631122465,19.9132,20.0,19.9001,19.9996,19.97976,33,23
1631122470,19.9757,19.99,19.9757,19.99,19.98285,2,2
1631122475,19.989,20.05,19.987,20.025,20.01612,30,14
1631122480,20.0,20.05,19.9501,20.02,20.01738,44,16
1631122485,20.04,20.07,20.0089,20.0499,20.04958,53,19
1631122490,20.07,20.07,20.0233,20.0412,20.05451,32,9
1631122495,20.05,20.05,20.0099,20.0099,20.04639,82,19
1631122500,20.03,20.05,20.0001,20.03,20.01399,74,20
1631122505,20.05,20.1,20.05,20.0709,20.07038,60,30
1631122510,20.0886,20.09,20.0,20.0,20.01225,79,18
1631122515,20.0,20.04,19.95,19.95,19.98784,16,10
1631122520,19.95,20.15,19.95,20.15,20.09684,94,29
1631122525,20.04,20.1,20.04,20.07,20.07237,57,22
1631122530,20.0898,20.1,20.07,20.07,20.082,53,9
1631122535,20.076,20.1186,20.076,20.1186,20.09971,20,6
1631122540,20.115,20.115,20.115,20.115,20.115,5,1
1631122545,20.106,20.14,20.0571,20.14,20.10316,47,19
1631122550,20.1301,20.139,20.13,20.139,20.13253,21,9
1631122555,20.136,20.14,20.136,20.1399,20.1377,22,5
1631122560,20.1369,20.14,20.129,20.129,20.13145,34,17
1631122565,20.13,20.13,20.1,20.1,20.12041,11,7
1631122570,20.085,20.085,20.085,20.085,20.085,7,1
1631122575,20.06,20.06,20.06,20.06,20.06,1,1
1631122580,20.06,20.06,20.06,20.06,20.06,0,0
1631122585,20.0928,20.0948,20.075,20.075,20.08085,23,4
1631122590,20.0933,20.0951,20.05,20.0951,20.05816,41,10
1631122595,20.09,20.09,20.05,20.05,20.06147,10,4
1631122600,20.0504,20.0975,20.0504,20.06,20.07265,7,4
1631122605,20.0903,20.0903,20.0903,20.0903,20.0903,1,1
1631122610,20.07,20.07,20.07,20.07,20.07,3,1
1631122615,20.0501,20.089,20.0501,20.08,20.08213,8,4
1631122620,20.07,20.07,20.07,20.07,20.07,5,2
1631122625,20.07,20.07,20.07,20.07,20.07,0,0
1631122630,20.06,20.0671,20.05,20.0671,20.05348,43,11
1631122635,20.05,20.0507,20.05,20.0507,20.05056,10,3
1631122640,20.05,20.05,20.05,20.05,20.05,4,1
1631122645,20.0501,20.0501,20.0501,20.0501,20.0501,10,1
1631122650,20.05,20.07,20.05,20.055,20.06393,65,21
1631122655,20.0501,20.09,20.0501,20.09,20.07359,12,4
1631122660,20.09,20.09,20.09,20.09,20.09,0,0
1631122665,20.09,20.1,20.0892,20.0892,20.09093,17,9
1631122670,20.1,20.1,20.1,20.1,20.1,4,1
1631122675,20.0905,20.11,20.09,20.09,20.09472,40,7
1631122680,20.11,20.11,20.075,20.075,20.09663,6,5
1631122685,20.099,20.099,20.099,20.099,20.099,1,1
1631122690,20.0943,20.0943,20.0943,20.0943,20.0943,3,1
1631122695,20.05,20.055,20.05,20.055,20.05055,54,19
1631122700,20.0201,20.0201,20.0101,20.0104,20.0129,10,5
1631122705,20.01,20.01,20.01,20.01,20.01,1,1
1631122710,20.015,20.0403,20.01,20.01,20.01716,40,7
1631122715,20.067,20.067,20.067,20.067,20.067,1,1
1631122720,20.067,20.067,20.067,20.067,20.067,0,0
1631122725,20.05,20.05,20.01,20.01,20.02181,15,2
1631122730,20.04,20.05,20.04,20.0497,20.04972,49,6
1631122735,20.0497,20.0497,20.0497,20.0497,20.0497,0,0
1631122740,20.0134,20.0134,20.0134,20.0134,20.0134,5,1
1631122745,20.0134,20.0134,20.0134,20.0134,20.0134,0,0
1631122750,20.0,20.0267,20.0,20.0,20.01197,11,7
1631122755,20.01,20.01,20.01,20.01,20.01,1,1
1631122760,20.01,20.01,20.01,20.01,20.01,0,0
1631122765,20.01,20.01,20.01,20.01,20.01,0,0
1631122770,20.01,20.01,20.01,20.01,20.01,0,0
1631122775,20.0668,20.07,20.0668,20.07,20.06877,13,2
1631122780,20.069,20.1,20.069,20.1,20.08104,19,8
1631122785,20.11,20.13,20.11,20.13,20.12104,33,7
1631122790,20.0851,20.13,20.0851,20.13,20.10846,10,6
1631122795,20.08,20.08,20.08,20.08,20.08,1,1
1631122800,20.0849,20.0849,20.0098,20.0098,20.02649,4,2
1631122805,20.0098,20.0098,20.0098,20.0098,20.0098,0,0
1631122810,20.0457,20.05,20.0457,20.05,20.04857,15,2
1631122815,20.0946,20.0946,20.0946,20.0946,20.0946,10,1
1631122820,20.0474,20.0474,20.0474,20.0474,20.0474,2,1
1631122825,20.09,20.1299,20.06,20.1299,20.09669,110,41
1631122830,20.0608,20.0608,20.0608,20.0608,20.0608,1,1
1631122835,20.0501,20.0501,20.0501,20.0501,20.0501,1,1
1631122840,20.075,20.075,20.075,20.075,20.075,3,2
1631122845,20.075,20.075,20.075,20.075,20.075,0,0
1631122850,20.075,20.075,20.0675,20.0675,20.07125,10,2
1631122855,20.05,20.0515,20.05,20.0515,20.05105,4,2
1631122860,20.045,20.045,19.95,19.95,19.99636,40,14
1631122865,19.95,20.0299,19.9401,20.0299,19.9743,24,7
1631122870,20.0,20.0,20.0,20.0,20.0,1,1
1631122875,20.0,20.0,20.0,20.0,20.0,1,1
1631122880,20.0,20.0,20.0,20.0,20.0,0,0
1631122885,19.95,19.95,19.94,19.9401,19.94206,5,3
1631122890,19.95,19.95,19.95,19.95,19.95,1,1
1631122895,20.0,20.0,19.9924,20.0,19.99673,11,3
1631122900,19.97,19.97,19.97,19.97,19.97,5,1
1631122905,19.96,19.96,19.96,19.96,19.96,2,2
1631122910,19.957,19.957,19.9401,19.9401,19.95418,6,2
1631122915,19.955,19.97,19.955,19.97,19.96,3,2
1631122920,19.97,19.97,19.94,19.95,19.95173,23,10
1631122925,19.9499,19.96,19.945,19.9581,19.95525,22,11
1631122930,19.9503,19.9503,19.95,19.95,19.95015,11,3
1631122935,19.948,19.95,19.91,19.91,19.92371,10,5
1631122940,19.92,19.92,19.81,19.81,19.8709,135,24
1631122945,19.83,19.939,19.83,19.84,19.85684,38,8
1631122950,19.8372,19.8372,19.82,19.82,19.8243,4,2
1631122955,19.8917,19.8917,19.8917,19.8917,19.8917,5,1
1631122960,19.8497,19.8497,19.8497,19.8497,19.8497,6,1
1631122965,19.8401,19.8621,19.8401,19.8621,19.8511,2,2
1631122970,19.9,19.95,19.9,19.95,19.93833,10,4
1631122975,19.8647,19.8647,19.8647,19.8647,19.8647,1,1
1631122980,19.9399,19.9399,19.9399,19.9399,19.9399,1,1
1631122985,19.9399,19.9399,19.9399,19.9399,19.9399,0,0
1631122990,19.9399,19.9399,19.9399,19.9399,19.9399,0,0
1631122995,19.934,19.955,19.934,19.955,19.93901,8,8
1631123000,19.955,19.955,19.955,19.955,19.955,0,0
1631123005,19.9101,19.94,19.9101,19.94,19.93502,36,2
1631123010,19.94,19.94,19.94,19.94,19.94,4,2
1631123015,19.94,19.94,19.94,19.94,19.94,0,0
1631123020,19.95,19.95,19.95,19.95,19.95,4,1
1631123025,19.94,19.945,19.91,19.91,19.92187,55,10
1631123030,19.9528,19.9528,19.9528,19.9528,19.9528,5,1
1631123035,19.9528,19.9528,19.9528,19.9528,19.9528,0,0
1631123040,19.9626,20.0,19.96,20.0,19.96545,50,18
1631123045,20.0,20.0,20.0,20.0,20.0,0,0
1631123050,20.03,20.03,20.0232,20.03,20.02956,46,6
1631123055,20.02,20.03,20.02,20.03,20.02339,14,3
1631123060,20.0299,20.0299,20.0299,20.0299,20.0299,1,1
1631123065,19.9701,19.9806,19.9701,19.9806,19.97378,3,2
1631123070,19.98,19.98,19.98,19.98,19.98,1,1
1631123075,19.98,19.98,19.98,19.98,19.98,0,0
1631123080,19.98,19.98,19.98,19.98,19.98,0,0
1631123085,20.0,20.0199,20.0,20.0199,20.01386,14,5
1631123090,20.01,20.01,20.01,20.01,20.01,1,1
1631123095,20.0284,20.0284,20.0148,20.0148,20.02613,12,2
1631123100,20.0148,20.0148,20.0148,20.0148,20.0148,0,0
1631123105,20.04,20.08,20.0347,20.045,20.05424,50,8
1631123110,20.05,20.05,20.05,20.05,20.05,4,1
1631123115,20.035,20.035,20.035,20.035,20.035,2,1
1631123120,20.035,20.035,20.035,20.035,20.035,0,0
1631123125,20.035,20.035,20.035,20.035,20.035,0,0
1631123130,20.01,20.01,20.0,20.01,20.00667,6,6
1631123135,20.0001,20.0001,20.0001,20.0001,20.0001,20,1
1631123140,20.0304,20.0599,20.03,20.03,20.03456,47,4
1631123145,20.0002,20.0002,20.0002,20.0002,20.0002,6,1
1631123150,20.0001,20.0056,20.0001,20.0056,20.00285,10,2
1631123155,20.0056,20.0056,20.0056,20.0056,20.0056,0,0
1631123160,20.0149,20.0149,20.0149,20.0149,20.0149,3,1
1631123165,20.0149,20.0149,20.0149,20.0149,20.0149,0,0
1631123170,20.02,20.02,20.01,20.01,20.01569,2,2
1631123175,20.02,20.02,20.02,20.02,20.02,5,1
1631123180,20.0,20.0,20.0,20.0,20.0,5,1
1631123185,20.03,20.052,20.02,20.02,20.0351,11,7
1631123190,20.0201,20.0201,20.0201,20.0201,20.0201,5,1
1631123195,20.05,20.06,20.05,20.06,20.05871,9,3
1631123200,20.0287,20.0287,20.0287,20.0287,20.0287,6,1
1631123205,20.0287,20.0287,20.0287,20.0287,20.0287,0,0
1631123210,20.0287,20.0287,20.0287,20.0287,20.0287,0,0
1631123215,20.03,20.03,20.0162,20.0204,20.02552,15,5
1631123220,20.0245,20.05,20.0245,20.05,20.03725,4,2
1631123225,20.05,20.05,20.05,20.05,20.05,0,0
1631123230,20.05,20.05,20.05,20.05,20.05,0,0
1631123235,20.05,20.05,20.05,20.05,20.05,0,0
1631123240,20.0499,20.0499,20.0499,20.0499,20.0499,10,1
1631123245,20.04,20.08,20.0396,20.0799,20.06058,49,18
1631123250,20.08,20.09,20.031,20.031,20.07201,49,17
1631123255,20.0797,20.0797,20.055,20.055,20.05912,6,2
1631123260,20.055,20.055,20.055,20.055,20.055,0,0
1631123265,20.055,20.055,20.055,20.055,20.055,0,0
1631123270,20.055,20.055,20.055,20.055,20.055,0,0
1631123275,20.055,20.055,20.055,20.055,20.055,2,1
1631123280,20.055,20.055,20.055,20.055,20.055,0,0
1631123285,20.026,20.026,20.026,20.026,20.026,10,1
1631123290,20.0315,20.0315,20.0315,20.0315,20.0315,1,1
1631123295,20.0315,20.0315,20.0315,20.0315,20.0315,0,0
1631123300,20.0839,20.0839,20.0839,20.0839,20.0839,5,1
1631123305,20.0301,20.04,19.95,20.04,19.99108,87,15
1631123310,20.0399,20.0399,19.995,20.0317,20.01132,5,3
1631123315,20.0317,20.0317,20.0317,20.0317,20.0317,0,0
1631123320,20.0355,20.0355,19.98,19.98,19.99332,8,3
1631123325,19.984,19.984,19.984,19.984,19.984,10,1
1631123330,19.9836,19.9836,19.9836,19.9836,19.9836,15,1
1631123335,19.99,19.99,19.98,19.99,19.98759,38,6
1631123340,19.99,19.99,19.99,19.99,19.99,0,0
1631123345,19.9801,19.9801,19.97,19.98,19.97605,25,6
1631123350,19.98,19.98,19.98,19.98,19.98,0,0
1631123355,19.98,19.98,19.98,19.98,19.98,0,0
1631123360,19.9662,19.99,19.9662,19.99,19.96875,16,2
1631123365,19.9501,19.9501,19.9501,19.9501,19.9501,50,1
1631123370,19.95,19.95,19.93,19.93,19.93997,19,8
1631123375,19.92,19.9399,19.92,19.9399,19.92826,12,4
1631123380,19.92,19.93,19.91,19.91,19.91228,25,6
1631123385,19.905,19.905,19.9,19.903,19.90127,15,8
1631123390,19.9001,19.9001,19.9,19.9,19.90009,9,2
1631123395,19.9099,19.9099,19.9099,19.9099,19.9099,5,1
1631123400,19.9,19.9,19.86,19.86,19.88412,30,10
1631123405,19.8655,19.8655,19.8655,19.8655,19.8655,2,1
1631123410,19.865,19.865,19.865,19.865,19.865,4,1
1631123415,19.87,19.87,19.865,19.865,19.86667,3,3
1631123420,19.87,19.9099,19.87,19.9099,19.87443,9,5
1631123425,19.9018,19.9018,19.88,19.88,19.8909,2,2
1631123430,19.88,19.88,19.88,19.88,19.88,0,0
1631123435,19.91,19.91,19.91,19.91,19.91,1,1
1631123440,19.9,19.9,19.9,19.9,19.9,2,1
1631123445,19.9,19.9,19.9,19.9,19.9,0,0
1631123450,19.9,19.9,19.9,19.9,19.9,0,0
1631123455,19.9,19.9,19.9,19.9,19.9,3,3
1631123460,19.905,19.905,19.87,19.87,19.89556,4,4
1631123465,19.87,19.87,19.87,19.87,19.87,0,0
1631123470,19.9,19.9,19.9,19.9,19.9,4,1
1631123475,19.8601,19.8601,19.8601,19.8601,19.8601,60,1
1631123480,19.8601,19.8601,19.8601,19.8601,19.8601,0,0
1631123485,19.87,19.87,19.8667,19.8667,19.86768,14,2
1631123490,19.87,19.87,19.86,19.86,19.86902,50,6
1631123495,19.86,19.86,19.86,19.86,19.86,0,0
1631123500,19.8878,19.8878,19.8878,19.8878,19.8878,2,1
1631123505,19.9,19.95,19.88,19.94,19.92043,67,18
1631123510,19.9298,19.9606,19.8842,19.9606,19.94255,8,3
1631123515,19.9606,19.9606,19.9606,19.9606,19.9606,0,0
1631123520,19.969,19.969,19.969,19.969,19.969,2,1
1631123525,19.969,19.969,19.969,19.969,19.969,0,0
1631123530,19.969,19.969,19.969,19.969,19.969,0,0
1631123535,19.92,19.92,19.92,19.92,19.92,4,1
1631123540,19.9119,19.9119,19.9119,19.9119,19.9119,1,1
1631123545,19.9119,19.9119,19.9119,19.9119,19.9119,0,0
1631123550,19.9119,19.9119,19.9119,19.9119,19.9119,0,0
1631123555,19.91,19.955,19.91,19.9522,19.93429,11,3
1631123560,19.9522,19.9522,19.9522,19.9522,19.9522,0,0
1631123565,19.9522,19.9522,19.9522,19.9522,19.9522,0,0
1631123570,19.9522,19.9522,19.9522,19.9522,19.9522,0,0
1631123575,19.9522,19.9522,19.9522,19.9522,19.9522,0,0
1631123580,19.9499,20.019,19.9499,19.99,19.97868,48,21
1631123585,19.99,19.99,19.9899,19.9899,19.98992,6,2
1631123590,19.9899,19.9899,19.9899,19.9899,19.9899,0,0
1631123595,19.9842,19.9842,19.965,19.965,19.97652,5,2
1631123600,19.965,19.965,19.965,19.965,19.965,0,0
1631123605,19.99,20.03,19.99,20.03,20.02627,63,6
1631123610,19.9501,20.066,19.9501,20.066,20.01351,17,10
1631123615,20.03,20.03,20.03,20.03,20.03,1,1
1631123620,20.0014,20.0069,20.0014,20.0069,20.00243,10,3
1631123625,20.0069,20.0069,20.0069,20.0069,20.0069,0,0
1631123630,20.02,20.1,20.02,20.1,20.0874,55,23
1631123635,20.0799,20.08,20.0799,20.08,20.07999,7,3
1631123640,20.0101,20.11,20.0101,20.11,20.08383,11,9
1631123645,20.11,20.11,20.11,20.11,20.11,0,0
1631123650,20.1,20.1,20.0999,20.0999,20.09995,67,14
1631123655,20.1,20.1199,20.1,20.1199,20.10196,20,7
1631123660,20.11,20.15,20.1,20.15,20.14406,34,16
1631123665,20.0541,20.19,20.05,20.12,20.10185,141,28
1631123670,20.139,20.1399,20.0365,20.1159,20.1299,37,6
1631123675,20.1265,20.14,20.095,20.095,20.12214,48,23
1631123680,20.14,20.14,20.14,20.14,20.14,33,4
1631123685,20.14,20.15,20.14,20.1494,20.14891,11,4
1631123690,20.15,20.17,20.1277,20.17,20.13919,39,7
1631123695,20.18,20.19,20.11,20.11,20.17442,33,19
1631123700,20.14,20.17,20.1201,20.1216,20.15386,22,13
1631123705,20.17,20.2,20.1487,20.15,20.1849,92,40
1631123710,20.18,20.3,20.17,20.21,20.20235,151,39
1631123715,20.3,20.39,20.3,20.39,20.33636,203,57
1631123720,20.37,20.38,20.2949,20.315,20.34019,131,31
1631123725,20.2816,20.39,20.2701,20.34,20.35544,123,24
1631123730,20.315,20.4,20.315,20.4,20.38931,97,39
1631123735,20.395,20.45,20.291,20.291,20.39908,60,29
1631123740,20.35,20.4,20.311,20.311,20.34853,63,16
1631123745,20.399,20.45,20.3507,20.39,20.41189,105,45
1631123750,20.3308,20.44,20.3308,20.39,20.40786,46,16
1631123755,20.4363,20.45,20.37,20.45,20.41018,37,10
1631123760,20.449,20.449,20.4076,20.4076,20.43314,30,6
1631123765,20.45,20.45,20.3504,20.357,20.41378,63,17
1631123770,20.39,20.3924,20.31,20.3426,20.3546,33,15
1631123775,20.35,20.389,20.31,20.34,20.3394,62,17
1631123780,20.345,20.3734,20.3001,20.3734,20.35851,21,5
1631123785,20.379,20.379,20.3001,20.3001,20.34471,12,5
1631123790,20.34,20.34,20.3085,20.3085,20.33714,11,2
1631123795,20.3,20.3399,20.2605,20.339,20.30015,18,6
1631123800,20.34,20.38,20.3,20.38,20.33155,54,21
1631123805,20.335,20.335,20.335,20.335,20.335,10,2
1631123810,20.3381,20.3599,20.32,20.32,20.33558,23,9
1631123815,20.3001,20.3399,20.3,20.3283,20.30623,11,7
1631123820,20.3359,20.3359,20.25,20.265,20.28559,36,11
1631123825,20.2688,20.2912,20.23,20.2895,20.24199,45,7
1631123830,20.2309,20.2984,20.2309,20.265,20.25219,24,3
1631123835,20.27,20.3,20.27,20.2999,20.27352,17,5
1631123840,20.2476,20.2842,20.2476,20.2819,20.2702,7,4
1631123845,20.28,20.28,20.2743,20.2799,20.2764,15,5
1631123850,20.28,20.33,20.275,20.33,20.3019,59,16
1631123855,20.33,20.33,20.2707,20.33,20.30344,42,11
1631123860,20.3,20.35,20.28,20.28,20.31303,14,9
1631123865,20.3,20.3202,20.3,20.3202,20.3101,2,2
1631123870,20.33,20.35,20.33,20.35,20.33676,7,3
1631123875,20.33,20.33,20.3,20.3,20.32669,19,4
1631123880,20.349,20.35,20.3001,20.3001,20.33343,8,7
1631123885,20.325,20.325,20.27,20.3133,20.30745,50,11
1631123890,20.261,20.3219,20.261,20.3219,20.29348,7,2
1631123895,20.3299,20.3299,20.2638,20.3299,20.28217,15,5
1631123900,20.26,20.31,20.23,20.2604,20.25619,63,30
1631123905,20.2601,20.2928,20.2601,20.29,20.27592,10,4
1631123910,20.2999,20.2999,20.2999,20.2999,20.2999,10,1
1631123915,20.283,20.3,20.1401,20.1401,20.21399,89,28
1631123920,20.29,20.29,20.2,20.2,20.25398,15,5
1631123925,20.21,20.26,20.19,20.19,20.20644,15,6
1631123930,20.24,20.3,20.191,20.191,20.20863,28,7
1631123935,20.2017,20.29,20.2017,20.27,20.26224,11,5
1631123940,20.29,20.29,20.2,20.2,20.2612,8,4
1631123945,20.2,20.2,20.2,20.2,20.2,0,0
1631123950,20.2172,20.22,20.21,20.21,20.21373,7,6
1631123955,20.2,20.2001,20.2,20.2001,20.20001,15,3
1631123960,20.2573,20.2604,20.2573,20.2604,20.25794,6,2
1631123965,20.2604,20.2604,20.2604,20.2604,20.2604,0,0
1631123970,20.2,20.22,20.101,20.1867,20.14264,35,20
1631123975,20.2,20.2,20.2,20.2,20.2,5,1
1631123980,20.15,20.19,20.1,20.135,20.12633,29,15
1631123985,20.1,20.1,20.1,20.1,20.1,5,2
1631123990,20.13,20.13,20.13,20.13,20.13,1,1
1631123995,20.1,20.1,20.09,20.09,20.0969,3,2
1631124000,20.1,20.15,20.0801,20.15,20.10267,51,7
1631124005,20.15,20.2,20.15,20.16,20.17173,23,9
1631124010,20.15,20.15,20.15,20.15,20.15,2,1
1631124015,20.15,20.15,20.15,20.15,20.15,0,0
1631124020,20.15,20.15,20.15,20.15,20.15,0,0
1631124025,20.15,20.15,20.15,20.15,20.15,2,2
1631124030,20.082,20.082,20.082,20.082,20.082,1,1
1631124035,20.082,20.082,20.082,20.082,20.082,0,0
1631124040,20.082,20.082,20.082,20.082,20.082,0,0
1631124045,20.1,20.1,20.1,20.1,20.1,35,3
1631124050,20.1,20.1,20.1,20.1,20.1,0,0
1631124055,20.1499,20.1499,20.1499,20.1499,20.1499,1,1
1631124060,20.1441,20.1441,20.1441,20.1441,20.1441,10,1
1631124065,20.1441,20.1441,20.1441,20.1441,20.1441,0,0
1631124070,20.1293,20.1293,20.11,20.12,20.11977,3,3
1631124075,20.117,20.1198,20.11,20.11,20.11656,16,5
1631124080,20.14,20.14,20.0701,20.14,20.08955,33,6
1631124085,20.1321,20.1321,20.1321,20.1321,20.1321,1,1
1631124090,20.0701,20.1,20.07,20.1,20.07247,12,4
1631124095,20.1203,20.1203,20.1203,20.1203,20.1203,1,1
1631124100,20.1203,20.1203,20.1203,20.1203,20.1203,0,0
1631124105,20.13,20.16,20.13,20.15,20.138,6,3
1631124110,20.1426,20.1601,20.135,20.135,20.13797,11,3
1631124115,20.17,20.17,20.17,20.17,20.17,1,1
1631124120,20.17,20.17,20.17,20.17,20.17,0,0
1631124125,20.1506,20.1506,20.1434,20.1434,20.14628,5,3
1631124130,20.111,20.12,20.1035,20.11,20.11039,39,7
1631124135,20.135,20.1633,20.1,20.1,20.12341,30,7
1631124140,20.1,20.1,20.1,20.1,20.1,0,0
1631124145,20.1,20.1,20.1,20.1,20.1,0,0
1631124150,20.17,20.17,20.1603,20.1603,20.16601,3,2
1631124155,20.15,20.1659,20.15,20.1659,20.16136,7,2
1631124160,20.13,20.13,20.13,20.13,20.13,2,2
1631124165,20.13,20.13,20.13,20.13,20.13,0,0
1631124170,20.12,20.12,20.11,20.11,20.11458,3,3
1631124175,20.1,20.1,20.1,20.1,20.1,10,1
1631124180,20.1,20.1,20.1,20.1,20.1,0,0
1631124185,20.1447,20.1447,20.05,20.11,20.08381,82,38
1631124190,20.0501,20.105,20.05,20.105,20.05628,16,5
1631124195,20.0501,20.14,20.0501,20.06,20.09336,44,5
1631124200,20.06,20.06,20.05,20.05,20.05066,15,5
1631124205,20.06,20.09,20.05,20.05,20.06108,21,10
1631124210,20.11,20.11,20.11,20.11,20.11,1,1
1631124215,20.1,20.1,20.06,20.06,20.09467,11,8
1631124220,20.06,20.06,20.06,20.06,20.06,0,0
1631124225,20.1,20.13,20.1,20.13,20.11333,3,3
1631124230,20.13,20.13,20.13,20.13,20.13,0,0
1631124235,20.09,20.09,20.09,20.09,20.09,3,1
1631124240,20.06,20.06,20.06,20.06,20.06,10,1
1631124245,20.1001,20.1001,20.1001,20.1001,20.1001,1,1
1631124250,20.09,20.09,20.09,20.09,20.09,1,1
1631124255,20.1145,20.1145,20.06,20.09,20.09715,13,6
1631124260,20.06,20.1163,20.0501,20.1,20.10025,16,4
1631124265,20.1,20.1,20.1,20.1,20.1,0,0
1631124270,20.0606,20.1,20.0606,20.1,20.07788,2,2
1631124275,20.1,20.1,20.1,20.1,20.1,0,0
1631124280,20.1,20.1,20.1,20.1,20.1,0,0
1631124285,20.111,20.111,20.095,20.095,20.09957,3,2
1631124290,20.095,20.095,20.095,20.095,20.095,0,0
1631124295,20.1181,20.1181,20.07,20.07,20.10732,20,4
1631124300,20.07,20.07,20.07,20.07,20.07,0,0
1631124305,20.1132,20.1132,20.1132,20.1132,20.1132,2,1
1631124310,20.0742,20.0742,20.0742,20.0742,20.0742,10,1
1631124315,20.0742,20.0742,20.0742,20.0742,20.0742,0,0
1631124320,20.07,20.08,20.02,20.0201,20.05837,48,19
1631124325,20.0201,20.0512,20.0201,20.0512,20.0341,20,2
1631124330,20.0512,20.0512,20.0512,20.0512,20.0512,0,0
1631124335,20.0291,20.0291,20.0291,20.0291,20.0291,5,1
1631124340,20.0693,20.0693,20.0201,20.0201,20.03074,35,8
1631124345,20.02,20.03,19.97,19.9701,19.99412,70,29
1631124350,19.971,20.02,19.9701,19.9704,19.97274,24,11
1631124355,19.9861,19.995,19.9861,19.995,19.99389,8,2
1631124360,19.98,19.98,19.95,19.9696,19.96235,32,14
1631124365,19.9504,19.9699,19.95,19.95,19.95349,40,6
1631124370,19.95,19.955,19.95,19.955,19.95292,12,2
1631124375,19.9589,19.9589,19.87,19.87,19.90816,41,11
1631124380,19.8698,19.9016,19.86,19.86,19.87455,34,12
1631124385,19.885,19.885,19.85,19.8516,19.86365,74,27
1631124390,19.8501,19.86,19.8501,19.8501,19.85505,12,8
1631124395,19.8501,19.9012,19.85,19.9012,19.85538,16,5
1631124400,19.9,19.954,19.9,19.954,19.91182,13,10
1631124405,19.91,19.9276,19.91,19.918,19.9158,24,5
1631124410,19.88,19.92,19.8726,19.8726,19.88488,17,4
1631124415,19.83,19.84,19.83,19.84,19.83048,21,4
1631124420,19.88,19.9178,19.88,19.9178,19.90408,7,4
1631124425,19.91,19.91,19.8301,19.8301,19.8359,13,2
1631124430,19.84,19.84,19.8314,19.84,19.83789,5,4
1631124435,19.84,19.84,19.84,19.84,19.84,0,0
1631124440,19.86,19.9033,19.82,19.9033,19.84024,46,16
1631124445,19.9033,19.9033,19.9033,19.9033,19.9033,0,0
1631124450,19.8777,19.9049,19.8777,19.9049,19.89642,5,3
1631124455,19.91,19.962,19.91,19.9167,19.95648,34,3
1631124460,19.9489,19.9489,19.9183,19.9183,19.9336,2,2
1631124465,19.88,19.9483,19.88,19.9483,19.92349,18,5
1631124470,19.9386,19.9386,19.9386,19.9386,19.9386,1,1
1631124475,19.96,19.96,19.87,19.88,19.88861,18,8
1631124480,19.936,19.936,19.8801,19.8801,19.88809,7,2
1631124485,19.93,19.93,19.87,19.87,19.88584,4,3
1631124490,19.87,19.87,19.87,19.87,19.87,0,0
1631124495,19.92,19.92,19.92,19.92,19.92,18,1
1631124500,19.92,19.92,19.92,19.92,19.92,0,0
1631124505,19.92,19.92,19.92,19.92,19.92,0,0
1631124510,19.9,19.95,19.9,19.93,19.914,10,6
1631124515,19.895,19.895,19.895,19.895,19.895,1,1
1631124520,19.87,19.87,19.87,19.87,19.87,4,1
1631124525,19.895,19.895,19.895,19.895,19.895,1,1
1631124530,19.895,19.895,19.895,19.895,19.895,1,1
1631124535,19.93,19.93,19.8993,19.8993,19.91153,2,2
1631124540,19.9365,19.9365,19.9365,19.9365,19.9365,5,1
1631124545,19.9362,19.9362,19.9362,19.9362,19.9362,4,1
1631124550,19.94,19.99,19.94,19.97,19.95292,194,44
1631124555,19.97,19.97,19.97,19.97,19.97,0,0
1631124560,20.0499,20.05,20.0499,20.05,20.04996,2,2
1631124565,20.05,20.05,20.05,20.05,20.05,0,0
1631124570,20.03,20.03,20.03,20.03,20.03,19,2
1631124575,20.03,20.03,20.03,20.03,20.03,0,0
1631124580,20.0,20.0,19.97,19.97,19.9944,25,4
1631124585,19.9704,20.0132,19.95,20.0132,19.99256,20,5
1631124590,20.0132,20.0132,20.0132,20.0132,20.0132,0,0
1631124595,19.9855,19.9855,19.9855,19.9855,19.9855,12,1
1631124600,19.9855,19.9855,19.9855,19.9855,19.9855,0,0
1631124605,19.9855,19.9855,19.9855,19.9855,19.9855,0,0
1631124610,19.945,19.945,19.945,19.945,19.945,1,1
1631124615,19.9402,19.9402,19.9402,19.9402,19.9402,7,1
1631124620,19.9401,19.9401,19.9401,19.9401,19.9401,1,1
1631124625,19.9401,19.9401,19.9401,19.9401,19.9401,0,0
1631124630,19.9899,19.99,19.9738,19.99,19.9832,12,3
1631124635,19.97,19.97,19.94,19.94,19.96407,5,2
1631124640,19.94,19.94,19.94,19.94,19.94,0,0
1631124645,19.97,19.97,19.97,19.97,19.97,1,1
1631124650,19.9481,19.9481,19.9481,19.9481,19.9481,1,1
1631124655,19.94,19.9699,19.94,19.9699,19.96393,10,3
1631124660,19.97,20.0,19.955,20.0,19.98682,28,4
1631124665,19.94,19.96,19.94,19.96,19.95846,13,2
1631124670,19.9699,19.9699,19.9699,19.9699,19.9699,5,1
1631124675,19.9233,19.9233,19.9233,19.9233,19.9233,9,1
1631124680,19.95,19.95,19.87,19.93,19.90591,155,25
1631124685,19.91,19.91,19.86,19.86,19.8775,98,25
1631124690,19.85,19.85,19.76,19.77,19.80871,194,76
1631124695,19.81,19.81,19.7801,19.7801,19.79327,18,3
1631124700,19.81,19.81,19.75,19.77,19.77921,23,8
1631124705,19.7799,19.7799,19.75,19.76,19.76573,22,7
1631124710,19.78,19.78,19.78,19.78,19.78,25,13
1631124715,19.78,19.78,19.78,19.78,19.78,0,0
1631124720,19.826,19.826,19.7898,19.81,19.80311,21,4
1631124725,19.84,19.85,19.84,19.85,19.84179,60,26
1631124730,19.83,19.85,19.8154,19.85,19.84148,12,7
1631124735,19.8495,19.8495,19.8495,19.8495,19.8495,4,1
1631124740,19.8466,19.85,19.84,19.85,19.84481,13,7
1631124745,19.84,19.8492,19.82,19.82,19.83301,15,3
1631124750,19.83,19.8499,19.76,19.8499,19.81402,28,16
1631124755,19.8199,19.8199,19.8199,19.8199,19.8199,10,1
1631124760,19.8199,19.8199,19.8199,19.8199,19.8199,0,0
1631124765,19.79,19.809,19.79,19.7994,19.79967,22,4
1631124770,19.81,19.82,19.81,19.82,19.81709,6,2
1631124775,19.82,19.82,19.82,19.82,19.82,0,0
1631124780,19.82,19.82,19.82,19.82,19.82,0,0
1631124785,19.82,19.82,19.82,19.82,19.82,0,0
1631124790,19.8278,19.85,19.8278,19.85,19.84849,14,8
1631124795,19.9095,19.9095,19.9095,19.9095,19.9095,3,1
1631124800,19.9095,19.9095,19.9095,19.9095,19.9095,0,0
1631124805,19.91,19.91,19.91,19.91,19.91,2,1
1631124810,19.91,19.91,19.91,19.91,19.91,0,0
1631124815,19.91,19.91,19.91,19.91,19.91,0,0
1631124820,19.91,19.91,19.91,19.91,19.91,0,0
1631124825,19.8201,19.8201,19.8201,19.8201,19.8201,2,1
1631124830,19.83,19.83,19.79,19.81,19.81567,15,5
1631124835,19.81,19.81,19.81,19.81,19.81,0,0
1631124840,19.809,19.809,19.772,19.772,19.78869,6,4
1631124845,19.77,19.77,19.76,19.76,19.76224,39,11
1631124850,19.81,19.81,19.81,19.81,19.81,1,1
1631124855,19.81,19.81,19.81,19.81,19.81,0,0
1631124860,19.81,19.81,19.81,19.81,19.81,0,0
1631124865,19.81,19.81,19.81,19.81,19.81,0,0
1631124870,19.81,19.81,19.81,19.81,19.81,0,0
1631124875,19.81,19.81,19.81,19.81,19.81,0,0
1631124880,19.81,19.81,19.81,19.81,19.81,0,0
1631124885,19.81,19.81,19.81,19.81,19.81,0,0
1631124890,19.81,19.81,19.81,19.81,19.81,0,0
1631124895,19.81,19.81,19.81,19.81,19.81,0,0
1631124900,19.85,19.85,19.85,19.85,19.85,1,1
1631124905,19.85,19.85,19.85,19.85,19.85,0,0
1631124910,19.85,19.85,19.85,19.85,19.85,0,0
1631124915,19.85,19.85,19.85,19.85,19.85,0,0
1631124920,19.85,19.85,19.85,19.85,19.85,0,0
1631124925,19.8223,19.8223,19.8223,19.8223,19.8223,1,1
1631124930,19.8223,19.8223,19.8223,19.8223,19.8223,0,0
1631124935,19.86,19.86,19.86,19.86,19.86,1,1
1631124940,19.86,19.86,19.86,19.86,19.86,0,0
1631124945,19.86,19.86,19.86,19.86,19.86,1,1
1631124950,19.86,19.86,19.86,19.86,19.86,0,0
1631124955,19.8516,19.8516,19.8516,19.8516,19.8516,1,1
1631124960,19.8516,19.8516,19.8516,19.8516,19.8516,0,0
1631124965,19.8085,19.8085,19.7714,19.7714,19.78851,10,5
1631124970,19.85,19.85,19.85,19.85,19.85,8,1
1631124975,19.7701,19.7701,19.7701,19.7701,19.7701,30,1
1631124980,19.7701,19.7701,19.7701,19.7701,19.7701,0,0
1631124985,19.8043,19.8043,19.8043,19.8043,19.8043,9,1
1631124990,19.8043,19.8043,19.8043,19.8043,19.8043,0,0
1631124995,19.8043,19.8043,19.8043,19.8043,19.8043,0,0
1631125000,19.85,19.85,19.85,19.85,19.85,1,1
1631125005,19.8,19.8,19.76,19.76,19.77945,24,10
1631125010,19.81,19.81,19.81,19.81,19.81,2,1
1631125015,19.7982,19.7982,19.7982,19.7982,19.7982,1,1
1631125020,19.8,19.8,19.77,19.77,19.79143,3,2
1631125025,19.761,19.761,19.76,19.76,19.7602,5,2
1631125030,19.761,19.761,19.761,19.761,19.761,1,1
1631125035,19.761,19.761,19.761,19.761,19.761,0,0
1631125040,19.77,19.8855,19.76,19.8855,19.81588,7,4
1631125045,19.8855,19.8855,19.8855,19.8855,19.8855,0,0
1631125050,19.81,19.8127,19.81,19.8127,19.81096,3,2
1631125055,19.8831,19.8831,19.8136,19.8136,19.84835,2,2
1631125060,19.8136,19.8136,19.8136,19.8136,19.8136,0,0
1631125065,19.8136,19.8136,19.8136,19.8136,19.8136,0,0
1631125070,19.8001,19.8001,19.8001,19.8001,19.8001,3,1
1631125075,19.8001,19.8001,19.8001,19.8001,19.8001,0,0
1631125080,19.8001,19.8001,19.8001,19.8001,19.8001,0,0
1631125085,19.8001,19.8001,19.8001,19.8001,19.8001,0,0
1631125090,19.8001,19.8001,19.8001,19.8001,19.8001,0,0
1631125095,19.8001,19.8001,19.8001,19.8001,19.8001,0,0
1631125100,19.8001,19.8001,19.8001,19.8001,19.8001,0,0
1631125105,19.8001,19.8001,19.8001,19.8001,19.8001,0,0
1631125110,19.8001,19.8001,19.8001,19.8001,19.8001,0,0
1631125115,19.8082,19.8341,19.8082,19.8341,19.82535,7,2
1631125120,19.85,19.8904,19.85,19.8904,19.8702,10,2
1631125125,19.8854,19.8854,19.85,19.85,19.8559,6,2
1631125130,19.85,19.85,19.85,19.85,19.85,0,0
1631125135,19.85,19.85,19.85,19.85,19.85,0,0
1631125140,19.85,19.85,19.85,19.85,19.85,0,0
1631125145,19.81,19.85,19.81,19.85,19.83,2,2
1631125150,19.85,19.85,19.85,19.85,19.85,0,0
1631125155,19.9,19.9,19.84,19.85,19.85275,14,12
1631125160,19.85,19.85,19.85,19.85,19.85,0,0
1631125165,19.85,19.85,19.85,19.85,19.85,0,0
1631125170,19.82,19.82,19.82,19.82,19.82,10,1
1631125175,19.82,19.82,19.82,19.82,19.82,0,0
1631125180,19.82,19.82,19.82,19.82,19.82,0,0
1631125185,19.83,19.83,19.83,19.83,19.83,3,2
1631125190,19.83,19.83,19.83,19.83,19.83,0,0
1631125195,19.8,19.83,19.8,19.82,19.808,15,4
1631125200,19.82,19.82,19.82,19.82,19.82,0,0
1631125205,19.83,19.83,19.815,19.83,19.82644,8,5
1631125210,19.8966,19.8966,19.8966,19.8966,19.8966,1,1
1631125215,19.8999,19.8999,19.8999,19.8999,19.8999,4,1
1631125220,19.87,19.87,19.87,19.87,19.87,1,1
1631125225,19.87,19.87,19.87,19.87,19.87,0,0
1631125230,19.8902,19.8902,19.865,19.865,19.87146,7,3
1631125235,19.87,19.9,19.87,19.8913,19.89227,56,16
1631125240,19.875,19.8999,19.875,19.875,19.88194,10,4
1631125245,19.875,19.875,19.875,19.875,19.875,0,0
1631125250,19.875,19.875,19.875,19.875,19.875,0,0
1631125255,19.875,19.875,19.875,19.875,19.875,0,0
1631125260,19.875,19.875,19.875,19.875,19.875,0,0
1631125265,19.875,19.875,19.875,19.875,19.875,0,0
1631125270,19.87,19.87,19.84,19.84,19.86422,27,2
1631125275,19.84,19.84,19.84,19.84,19.84,0,0
1631125280,19.84,19.84,19.84,19.84,19.84,0,0
1631125285,19.84,19.84,19.84,19.84,19.84,0,0
1631125290,19.84,19.84,19.84,19.84,19.84,0,0
1631125295,19.81,19.81,19.77,19.77,19.79805,18,11
1631125300,19.77,19.77,19.77,19.77,19.77,0,0
1631125305,19.7761,19.7761,19.7761,19.7761,19.7761,5,1
1631125310,19.7761,19.7761,19.7761,19.7761,19.7761,0,0
1631125315,19.7761,19.7761,19.7761,19.7761,19.7761,0,0
1631125320,19.77,19.77,19.77,19.77,19.77,11,4
1631125325,19.84,19.84,19.8,19.8,19.80924,43,7
1631125330,19.8096,19.8412,19.8096,19.8412,19.81299,11,2
1631125335,19.7901,19.81,19.7901,19.81,19.79673,3,2
1631125340,19.8,19.8,19.76,19.76,19.77023,22,12
1631125345,19.7608,19.87,19.7608,19.87,19.8336,7,2
1631125350,19.79,19.79,19.79,19.79,19.79,2,1
1631125355,19.79,19.79,19.79,19.79,19.79,0,0
1631125360,19.79,19.79,19.79,19.79,19.79,0,0
1631125365,19.795,19.795,19.795,19.795,19.795,2,1
1631125370,19.8067,19.8067,19.8067,19.8067,19.8067,8,1
1631125375,19.8067,19.8067,19.8067,19.8067,19.8067,0,0
1631125380,19.8178,19.82,19.8068,19.8068,19.81652,6,3
1631125385,19.81,19.81,19.8,19.8,19.80804,16,9
1631125390,19.8,19.8,19.8,19.8,19.8,0,0
1631125395,19.8,19.8,19.8,19.8,19.8,0,0
1631125400,19.8,19.8,19.8,19.8,19.8,0,0
1631125405,19.8,19.8,19.8,19.8,19.8,0,0
1631125410,19.76,19.78,19.75,19.7601,19.7631,49,16
1631125415,19.7601,19.7601,19.7601,19.7601,19.7601,0,0
1631125420,19.7504,19.7915,19.7501,19.7915,19.7571,6,3
1631125425,19.79,19.79,19.79,19.79,19.79,2,2
1631125430,19.79,19.79,19.79,19.79,19.79,0,0
1631125435,19.79,19.79,19.79,19.79,19.79,0,0
1631125440,19.7999,19.7999,19.7999,19.7999,19.7999,5,1
1631125445,19.79,19.79,19.79,19.79,19.79,1,1
1631125450,19.794,19.7981,19.79,19.7981,19.79235,12,5
1631125455,19.7981,19.7981,19.7981,19.7981,19.7981,0,0
1631125460,19.7943,19.7943,19.7943,19.7943,19.7943,3,1
1631125465,19.7943,19.7943,19.7943,19.7943,19.7943,0,0
1631125470,19.75,19.75,19.75,19.75,19.75,1,1
1631125475,19.75,19.75,19.75,19.75,19.75,0,0
1631125480,19.7557,19.7911,19.7557,19.7911,19.7616,6,2
1631125485,19.79,19.79,19.79,19.79,19.79,1,1
1631125490,19.79,19.79,19.79,19.79,19.79,0,0
1631125495,19.7688,19.7688,19.7688,19.7688,19.7688,5,1
1631125500,19.77,19.78,19.77,19.78,19.77644,10,5
1631125505,19.77,19.77,19.77,19.77,19.77,2,1
1631125510,19.777,19.777,19.777,19.777,19.777,1,1
1631125515,19.77,19.77,19.77,19.77,19.77,3,1
1631125520,19.764,19.764,19.75,19.75,19.7592,9,5
1631125525,19.75,19.75,19.75,19.75,19.75,22,6
1631125530,19.75,19.75,19.75,19.75,19.75,0,0
1631125535,19.765,19.765,19.7501,19.7501,19.75941,24,2
1631125540,19.7501,19.7501,19.7501,19.7501,19.7501,0,0
1631125545,19.75,19.75,19.75,19.75,19.75,1,1
1631125550,19.75,19.75,19.75,19.75,19.75,1,1
1631125555,19.76,19.76,19.76,19.76,19.76,5,1
1631125560,19.75,19.75,19.75,19.75,19.75,1,1
1631125565,19.75,19.75,19.75,19.75,19.75,1,1
1631125570,19.755,19.755,19.75,19.75,19.7525,2,2
1631125575,19.7582,19.7599,19.75,19.7599,19.75399,16,6
1631125580,19.75,19.75,19.75,19.75,19.75,1,1
1631125585,19.75,19.75,19.75,19.75,19.75,0,0
1631125590,19.75,19.75,19.75,19.75,19.75,1,1
1631125595,19.752,19.805,19.752,19.805,19.79448,78,20
1631125600,19.813,19.813,19.8,19.8,19.80433,9,2
1631125605,19.8,19.8,19.8,19.8,19.8,0,0
1631125610,19.8,19.8,19.8,19.8,19.8,0,0
1631125615,19.8399,19.8399,19.8399,19.8399,19.8399,5,1
1631125620,19.8399,19.8399,19.8399,19.8399,19.8399,0,0
1631125625,19.8399,19.8399,19.8399,19.8399,19.8399,0,0
1631125630,19.8391,19.8393,19.8,19.8393,19.83815,40,3
1631125635,19.7925,19.7925,19.7925,19.7925,19.7925,2,1
1631125640,19.7925,19.7925,19.7925,19.7925,19.7925,0,0
1631125645,19.78,19.799,19.78,19.799,19.78112,16,2
1631125650,19.8186,19.8186,19.8186,19.8186,19.8186,1,1
1631125655,19.83,19.83,19.768,19.768,19.78841,6,3
1631125660,19.768,19.768,19.768,19.768,19.768,0,0
1631125665,19.768,19.768,19.768,19.768,19.768,0,0
1631125670,19.8019,19.81,19.8019,19.81,19.80595,2,2
1631125675,19.81,19.81,19.81,19.81,19.81,0,0
1631125680,19.81,19.81,19.81,19.81,19.81,0,0
1631125685,19.81,19.81,19.81,19.81,19.81,0,0
1631125690,19.7648,19.7648,19.7648,19.7648,19.7648,10,1
1631125695,19.7648,19.7648,19.7648,19.7648,19.7648,0,0
1631125700,19.79,19.7937,19.79,19.7937,19.79247,3,2
1631125705,19.8101,19.8101,19.8101,19.8101,19.8101,1,1
1631125710,19.8101,19.8101,19.8101,19.8101,19.8101,0,0
1631125715,19.8101,19.8101,19.8101,19.8101,19.8101,0,0
1631125720,19.81,19.81,19.81,19.81,19.81,1,1
1631125725,19.81,19.81,19.81,19.81,19.81,0,0
1631125730,19.795,19.8199,19.7701,19.8199,19.7853,5,3
1631125735,19.811,19.8142,19.811,19.8142,19.81356,4,2
1631125740,19.8,19.8,19.8,19.8,19.8,3,1
1631125745,19.8065,19.8164,19.8065,19.8164,19.8131,15,2
1631125750,19.8,19.8,19.795,19.795,19.79844,4,2
1631125755,19.795,19.795,19.795,19.795,19.795,0,0
1631125760,19.79,19.81,19.75,19.81,19.76462,23,11
1631125765,19.81,19.81,19.81,19.81,19.81,0,0
1631125770,19.81,19.81,19.81,19.81,19.81,0,0
1631125775,19.82,19.82,19.82,19.82,19.82,5,1
1631125780,19.82,19.82,19.82,19.82,19.82,0,0
1631125785,19.785,19.785,19.785,19.785,19.785,20,1
1631125790,19.78,19.8099,19.78,19.8099,19.79661,4,2
1631125795,19.8099,19.8099,19.8099,19.8099,19.8099,0,0
1631125800,19.77,19.77,19.7524,19.7524,19.7546,8,2
1631125805,19.7524,19.7524,19.7524,19.7524,19.7524,0,0
1631125810,19.7524,19.7524,19.7524,19.7524,19.7524,0,0
1631125815,19.78,19.78,19.78,19.78,19.78,1,1
1631125820,19.8,19.81,19.8,19.8,19.806,7,6
1631125825,19.81,19.96,19.8,19.82,19.88137,157,57
1631125830,19.82,19.82,19.82,19.82,19.82,0,0
1631125835,19.81,19.81,19.81,19.81,19.81,3,1
1631125840,19.892,19.892,19.892,19.892,19.892,2,1
1631125845,19.9336,19.9336,19.861,19.9,19.89374,9,3
1631125850,19.9499,19.9499,19.94,19.94,19.94396,5,2
1631125855,19.93,19.95,19.905,19.905,19.94331,50,7
1631125860,19.941,19.97,19.94,19.94,19.95946,34,13
1631125865,19.9549,19.97,19.9549,19.9689,19.96497,16,6
1631125870,19.95,20.0178,19.95,20.0178,19.99324,19,14
1631125875,20.06,20.0999,20.05,20.05,20.0703,36,7
1631125880,20.05,20.09,19.98,19.98,20.04536,38,27
1631125885,20.081,20.0977,20.081,20.0977,20.09213,30,2
1631125890,20.0977,20.0977,20.0977,20.0977,20.0977,0,0
1631125895,20.0798,20.0798,20.0798,20.0798,20.0798,8,1
1631125900,20.0001,20.08,20.0001,20.0327,20.0282,11,4
1631125905,20.0001,20.07,20.0001,20.069,20.03928,8,6
1631125910,20.04,20.04,20.0009,20.0009,20.01068,4,2
1631125915,20.01,20.2,20.01,20.191,20.1215,173,50
1631125920,20.19,20.22,20.151,20.21,20.20083,146,29
1631125925,20.18,20.2,20.0554,20.2,20.15037,113,15
1631125930,20.2,20.3799,20.2,20.32,20.27236,209,80
1631125935,20.3587,20.37,20.2501,20.33,20.32287,102,29
1631125940,20.38,20.38,20.33,20.3305,20.34125,40,17
1631125945,20.325,20.35,20.25,20.25,20.2975,34,10
1631125950,20.2661,20.29,20.2601,20.29,20.26714,10,5
1631125955,20.28,20.336,20.28,20.336,20.29753,24,16
1631125960,20.339,20.339,20.25,20.26,20.27072,13,7
1631125965,20.25,20.25,20.25,20.25,20.25,1,1
1631125970,20.2087,20.26,20.2087,20.23,20.23273,8,3
1631125975,20.2062,20.2916,20.2004,20.2004,20.22942,47,7
1631125980,20.2018,20.2018,20.2018,20.2018,20.2018,3,1
1631125985,20.2001,20.215,20.2,20.215,20.20844,10,5
1631125990,20.18,20.25,20.16,20.225,20.20026,31,17
1631125995,20.21,20.25,20.21,20.25,20.23963,6,2
1631126000,20.255,20.255,20.21,20.21,20.245,7,3
1631126005,20.1724,20.23,20.17,20.18,20.17631,11,4
1631126010,20.18,20.18,20.18,20.18,20.18,0,0
1631126015,20.2,20.2,20.17,20.17,20.185,2,2
1631126020,20.23,20.2451,20.1701,20.2194,20.2217,57,13
1631126025,20.2194,20.2194,20.2194,20.2194,20.2194,0,0
1631126030,20.205,20.205,20.1736,20.1736,20.18074,22,2
1631126035,20.22,20.24,20.205,20.235,20.2238,44,10
1631126040,20.22,20.2399,20.2,20.201,20.21839,32,9
1631126045,20.2,20.2,20.16,20.1861,20.17478,7,6
1631126050,20.161,20.1907,20.16,20.16,20.17673,28,4
1631126055,20.16,20.16,20.16,20.16,20.16,0,0
1631126060,20.16,20.16,20.16,20.16,20.16,0,0
1631126065,20.1933,20.1933,20.1387,20.1387,20.15862,22,8
1631126070,20.1601,20.1601,20.1601,20.1601,20.1601,1,1
1631126075,20.1681,20.1681,20.05,20.0504,20.10355,120,51
1631126080,20.0501,20.06,20.05,20.055,20.05393,26,9
1631126085,20.06,20.06,20.0501,20.058,20.05389,79,34
1631126090,20.06,20.06,20.0,20.0,20.02091,33,16
1631126095,19.9695,20.0,19.9695,19.9947,19.98863,27,18
1631126100,19.9938,20.05,19.98,20.02,20.02599,19,8
1631126105,20.05,20.05,20.02,20.0495,20.04665,59,11
1631126110,20.0466,20.05,20.0322,20.035,20.04171,15,4
1631126115,20.02,20.05,20.0098,20.0098,20.01525,18,5
1631126120,19.9901,20.0179,19.9901,20.0179,20.00053,16,2
1631126125,20.0179,20.0179,20.0179,20.0179,20.0179,0,0
1631126130,20.0499,20.15,20.025,20.075,20.08162,216,67
1631126135,20.07,20.0818,20.07,20.0818,20.07621,19,2
1631126140,20.12,20.15,20.0675,20.0675,20.12551,46,10
1631126145,20.095,20.095,20.06,20.06,20.0922,12,3
1631126150,20.0501,20.0501,20.0501,20.0501,20.0501,6,1
1631126155,20.0978,20.0978,20.095,20.095,20.09719,4,2
1631126160,20.1201,20.1201,20.1201,20.1201,20.1201,1,1
1631126165,20.1201,20.1201,20.1201,20.1201,20.1201,0,0
1631126170,20.1,20.14,20.0834,20.1,20.10681,30,8
1631126175,20.14,20.15,20.14,20.1421,20.14698,32,4
1631126180,20.1428,20.1428,20.1428,20.1428,20.1428,6,1
1631126185,20.1085,20.1085,20.1085,20.1085,20.1085,1,1
1631126190,20.1,20.1,20.07,20.07,20.08427,7,6
1631126195,20.0501,20.0501,20.0501,20.0501,20.0501,6,1
1631126200,20.0501,20.0501,20.0501,20.0501,20.0501,0,0
1631126205,20.1,20.1,20.1,20.1,20.1,2,1
1631126210,20.1,20.1,20.1,20.1,20.1,0,0
1631126215,20.0501,20.0983,20.0501,20.0983,20.0742,14,2
1631126220,20.0999,20.0999,20.0999,20.0999,20.0999,1,1
1631126225,20.1,20.1,20.075,20.0934,20.08369,8,3
1631126230,20.09,20.1,20.05,20.05,20.07598,18,15
1631126235,20.05,20.05,20.05,20.05,20.05,0,0
1631126240,20.0767,20.0767,20.0767,20.0767,20.0767,1,1
1631126245,20.062,20.062,20.0501,20.0501,20.05605,2,2
1631126250,20.0501,20.0501,20.0501,20.0501,20.0501,0,0
1631126255,20.0576,20.09,20.0576,20.09,20.0738,2,2
1631126260,20.0833,20.09,20.0604,20.0604,20.06955,5,3
1631126265,20.06,20.131,20.06,20.131,20.09041,8,3
1631126270,20.1339,20.1339,20.1339,20.1339,20.1339,1,1
1631126275,20.1339,20.1339,20.1339,20.1339,20.1339,0,0
1631126280,20.1339,20.1339,20.1339,20.1339,20.1339,0,0
1631126285,20.1134,20.1181,20.1134,20.1181,20.11767,33,2
1631126290,20.1181,20.1181,20.1181,20.1181,20.1181,0,0
1631126295,20.1181,20.1181,20.1181,20.1181,20.1181,0,0
1631126300,20.1181,20.1181,20.1181,20.1181,20.1181,0,0
1631126305,20.1,20.195,20.1,20.195,20.14533,80,20
1631126310,20.2,20.2,20.1906,20.2,20.19864,6,3
1631126315,20.2,20.2299,20.2,20.2299,20.20228,32,11
1631126320,20.2399,20.2399,20.2399,20.2399,20.2399,1,1
1631126325,20.215,20.25,20.2,20.2,20.23514,36,16
1631126330,20.1976,20.1976,20.1976,20.1976,20.1976,6,1
1631126335,20.23,20.239,20.22,20.22,20.23372,9,5
1631126340,20.23,20.3,20.23,20.3,20.26506,49,19
1631126345,20.2706,20.34,20.2706,20.3301,20.31032,118,28
1631126350,20.3201,20.38,20.3001,20.3447,20.33243,96,22
1631126355,20.35,20.38,20.3301,20.3784,20.35301,87,11
1631126360,20.355,20.3699,20.2542,20.2542,20.31664,88,30
1631126365,20.2588,20.3399,20.2588,20.2608,20.27451,5,3
1631126370,20.32,20.32,20.26,20.26,20.31701,33,5
1631126375,20.2,20.27,20.2,20.27,20.22144,31,5
1631126380,20.3,20.3,20.21,20.2767,20.22349,11,5
1631126385,20.27,20.27,20.24,20.24,20.26308,6,2
1631126390,20.24,20.2854,20.2,20.2854,20.23037,39,6
1631126395,20.2899,20.2899,20.2001,20.2899,20.28543,23,5
1631126400,20.2787,20.2787,20.2009,20.245,20.20709,39,4
1631126405,20.235,20.2597,20.235,20.2597,20.23984,5,2
1631126410,20.2699,20.2699,20.2699,20.2699,20.2699,2,2
1631126415,20.2699,20.2699,20.2342,20.2499,20.25315,4,4
1631126420,20.2,20.2,20.2,20.2,20.2,8,5
1631126425,20.2,20.2,20.2,20.2,20.2,1,1
1631126430,20.2,20.2,20.2,20.2,20.2,0,0
1631126435,20.2,20.2004,20.2,20.2,20.20001,85,14
1631126440,20.2001,20.2001,20.2001,20.2001,20.2001,1,1
1631126445,20.2001,20.2001,20.2001,20.2001,20.2001,5,2
1631126450,20.2,20.2001,20.2,20.2,20.20004,6,3
1631126455,20.2001,20.2001,20.2001,20.2001,20.2001,2,1
1631126460,20.2056,20.2056,20.16,20.16,20.19671,11,5
1631126465,20.16,20.16,20.16,20.16,20.16,0,0
1631126470,20.16,20.16,20.16,20.16,20.16,0,0
1631126475,20.17,20.18,20.16,20.16,20.16996,19,11
1631126480,20.16,20.16,20.16,20.16,20.16,0,0
1631126485,20.1999,20.1999,20.1999,20.1999,20.1999,23,2
1631126490,20.18,20.18,20.1679,20.1679,20.17735,32,2
1631126495,20.1001,20.112,20.1,20.112,20.10086,14,4
1631126500,20.1078,20.1078,20.06,20.0695,20.07325,31,15
1631126505,20.089,20.1706,20.089,20.1706,20.13954,43,3
1631126510,20.105,20.105,20.105,20.105,20.105,1,1
1631126515,20.105,20.105,20.105,20.105,20.105,0,0
1631126520,20.13,20.13,20.11,20.11,20.12,4,2
1631126525,20.11,20.11,20.01,20.011,20.05133,228,26
1631126530,20.0,20.02,19.81,19.8269,19.87543,338,103
1631126535,19.9,19.9705,19.8,19.9705,19.82198,60,8
1631126540,19.9742,19.9742,19.87,19.8701,19.87999,10,3
1631126545,19.88,19.89,19.88,19.88,19.88031,32,3
1631126550,19.9388,19.9388,19.915,19.915,19.9218,7,3
1631126555,19.92,19.92,19.89,19.89,19.8975,8,3
1631126560,19.91,19.91,19.8801,19.91,19.90402,5,3
1631126565,19.89,19.89,19.89,19.89,19.89,1,1
1631126570,19.89,19.94,19.89,19.94,19.91784,22,4
1631126575,19.9,19.9,19.89,19.89,19.89091,11,2
1631126580,19.945,19.9563,19.945,19.9563,19.95404,5,2
1631126585,19.9078,19.94,19.9078,19.94,19.91073,11,2
1631126590,19.94,19.94,19.94,19.94,19.94,0,0
1631126595,19.94,19.94,19.94,19.94,19.94,1,1
1631126600,19.9599,19.9599,19.9152,19.935,19.93196,12,4
1631126605,19.935,19.97,19.935,19.97,19.96451,26,4
1631126610,19.91,19.91,19.9004,19.9004,19.9052,5,4
1631126615,19.9004,19.9004,19.9004,19.9004,19.9004,0,0
1631126620,19.9268,19.98,19.92,19.92,19.94573,33,17
1631126625,19.945,19.98,19.945,19.98,19.95375,4,2
1631126630,19.97,20.05,19.97,20.05,20.01512,4,4
1631126635,20.05,20.05,20.05,20.05,20.05,0,0
1631126640,20.05,20.05,20.05,20.05,20.05,0,0
1631126645,20.05,20.05,20.05,20.05,20.05,0,0
1631126650,19.995,19.995,19.995,19.995,19.995,3,1
1631126655,19.9999,19.9999,19.98,19.98,19.98663,3,2
1631126660,19.972,19.972,19.93,19.93,19.962,15,4
1631126665,19.93,19.93,19.93,19.93,19.93,6,2
1631126670,19.9301,19.9301,19.87,19.91,19.91903,17,8
1631126675,19.91,19.91,19.91,19.91,19.91,0,0
1631126680,19.9,19.9001,19.87,19.9001,19.89171,26,10
1631126685,19.9001,19.9001,19.9001,19.9001,19.9001,0,0
1631126690,19.9001,19.9001,19.9001,19.9001,19.9001,0,0
1631126695,19.9447,19.9447,19.9447,19.9447,19.9447,5,1
1631126700,19.9447,19.9447,19.9447,19.9447,19.9447,0,0
1631126705,19.935,19.935,19.83,19.83,19.89736,21,11
1631126710,19.88,19.88,19.88,19.88,19.88,5,1
1631126715,19.9006,19.9006,19.8871,19.8871,19.88833,11,2
1631126720,19.8871,19.8871,19.8871,19.8871,19.8871,0,0
1631126725,19.898,19.898,19.83,19.87,19.867,8,4
1631126730,19.9,19.9,19.82,19.855,19.84928,17,6
1631126735,19.855,19.855,19.855,19.855,19.855,0,0
1631126740,19.82,19.82,19.82,19.82,19.82,6,2
1631126745,19.82,19.82,19.82,19.82,19.82,0,0
1631126750,19.82,19.82,19.82,19.82,19.82,0,0
1631126755,19.82,19.82,19.82,19.82,19.82,0,0
1631126760,19.89,19.89,19.8833,19.8833,19.88855,6,2
1631126765,19.8833,19.8833,19.8833,19.8833,19.8833,0,0
1631126770,19.89,19.9,19.89,19.9,19.894,5,3
1631126775,19.9,19.9,19.9,19.9,19.9,0,0
1631126780,19.9,19.9,19.9,19.9,19.9,0,0
1631126785,19.9,19.9,19.9,19.9,19.9,0,0
1631126790,19.9321,19.9321,19.9321,19.9321,19.9321,3,1
1631126795,19.9201,19.9201,19.9201,19.9201,19.9201,1,1
1631126800,19.92,19.9998,19.87,19.9901,19.99161,56,5
1631126805,19.9,19.9892,19.9,19.9892,19.96938,9,2
1631126810,19.9955,19.9955,19.9955,19.9955,19.9955,5,1
1631126815,19.9231,19.9231,19.9231,19.9231,19.9231,1,1
1631126820,19.91,19.9286,19.91,19.9286,19.91325,5,2
1631126825,19.9286,19.9286,19.9286,19.9286,19.9286,0,0
1631126830,19.92,19.92,19.92,19.92,19.92,12,8
1631126835,19.87,19.87,19.87,19.87,19.87,1,1
1631126840,19.98,19.98,19.98,19.98,19.98,3,1
1631126845,19.9,19.9,19.9,19.9,19.9,1,1
1631126850,19.8701,19.987,19.8701,19.935,19.9509,9,3
1631126855,19.935,19.935,19.935,19.935,19.935,0,0
1631126860,19.88,19.88,19.88,19.88,19.88,12,9
1631126865,19.88,19.88,19.88,19.88,19.88,5,4
1631126870,19.88,19.88,19.88,19.88,19.88,0,0
1631126875,19.88,19.88,19.88,19.88,19.88,0,0
1631126880,19.9874,19.9874,19.9874,19.9874,19.9874,2,1
1631126885,19.9725,19.9725,19.9725,19.9725,19.9725,5,1
1631126890,19.94,19.94,19.94,19.94,19.94,3,1
1631126895,19.91,19.91,19.91,19.91,19.91,9,7
1631126900,19.91,19.91,19.91,19.91,19.91,0,0
1631126905,19.976,19.976,19.976,19.976,19.976,1,1
1631126910,19.9692,19.9692,19.9692,19.9692,19.9692,2,1
1631126915,19.92,19.9203,19.81,19.81,19.83814,170,24
1631126920,19.8101,19.82,19.8101,19.82,19.81939,32,24
1631126925,19.8637,19.8637,19.8637,19.8637,19.8637,15,1
1631126930,19.9235,19.9235,19.82,19.82,19.83054,31,24
1631126935,19.82,19.85,19.82,19.8391,19.83571,10,7
1631126940,19.8432,19.8499,19.8104,19.8499,19.81866,38,7
1631126945,19.84,19.8441,19.815,19.8434,19.83191,11,6
1631126950,19.82,19.85,19.82,19.85,19.83161,11,8
1631126955,19.8201,19.893,19.8201,19.893,19.88637,11,2
1631126960,19.83,19.8333,19.8,19.8001,19.80691,157,38
1631126965,19.8025,19.9,19.8025,19.9,19.87666,21,12
1631126970,19.9,19.9,19.9,19.9,19.9,1,1
1631126975,19.9012,19.9012,19.9012,19.9012,19.9012,20,1
1631126980,19.9012,19.9012,19.9012,19.9012,19.9012,0,0
1631126985,19.9012,19.9012,19.9012,19.9012,19.9012,0,0
1631126990,19.9091,19.9091,19.9,19.9,19.90581,4,2
1631126995,19.9092,19.9092,19.85,19.85,19.87111,6,3
1631127000,19.86,19.86,19.86,19.86,19.86,1,1
1631127005,19.86,19.86,19.86,19.86,19.86,0,0
1631127010,19.8564,19.8564,19.8564,19.8564,19.8564,2,1
1631127015,19.86,19.875,19.86,19.875,19.86383,3,3
1631127020,19.875,19.875,19.875,19.875,19.875,0,0
1631127025,19.8565,19.87,19.85,19.86,19.86249,11,4
1631127030,19.9,19.9,19.88,19.88,19.88457,20,2
1631127035,19.86,19.88,19.86,19.88,19.87663,11,2
1631127040,19.858,19.858,19.76,19.785,19.79461,156,37
1631127045,19.761,19.8174,19.7601,19.8174,19.77488,4,3
1631127050,19.8472,19.859,19.81,19.859,19.85015,31,4
1631127055,19.77,19.8475,19.77,19.8475,19.77705,11,2
1631127060,19.8513,19.859,19.77,19.859,19.81241,20,4
1631127065,19.859,19.859,19.859,19.859,19.859,0,0
1631127070,19.77,19.77,19.77,19.77,19.77,1,1
1631127075,19.819,19.819,19.819,19.819,19.819,5,1
1631127080,19.819,19.819,19.819,19.819,19.819,0,0
1631127085,19.819,19.819,19.819,19.819,19.819,0,0
1631127090,19.81,19.81,19.81,19.81,19.81,5,1
1631127095,19.8387,19.8387,19.7822,19.8,19.80299,7,3
1631127100,19.804,19.81,19.804,19.81,19.809,6,2
1631127105,19.81,19.81,19.81,19.81,19.81,0,0
1631127110,19.77,19.77,19.77,19.77,19.77,3,2
1631127115,19.8,19.8146,19.8,19.81,19.8083,10,3
1631127120,19.81,19.81,19.81,19.81,19.81,0,0
1631127125,19.79,19.79,19.79,19.79,19.79,1,1
1631127130,19.79,19.79,19.79,19.79,19.79,0,0
1631127135,19.82,19.82,19.82,19.82,19.82,3,1
1631127140,19.88,19.88,19.85,19.85,19.8575,4,2
1631127145,19.82,19.87,19.82,19.87,19.84612,9,2
1631127150,19.879,19.88,19.8485,19.88,19.87461,6,3
1631127155,19.88,19.88,19.88,19.88,19.88,0,0
1631127160,19.87,19.87,19.85,19.85,19.85993,4,3
1631127165,19.85,19.85,19.85,19.85,19.85,0,0
1631127170,19.88,19.9,19.84,19.9,19.87532,25,14
1631127175,19.9236,19.9236,19.9236,19.9236,19.9236,1,1
1631127180,19.9236,19.9236,19.9236,19.9236,19.9236,0,0
1631127185,19.8512,19.8512,19.8512,19.8512,19.8512,1,1
1631127190,19.8512,19.8512,19.8512,19.8512,19.8512,0,0
1631127195,19.88,19.9136,19.8724,19.9136,19.90191,7,3
1631127200,19.88,19.88,19.88,19.88,19.88,6,2
1631127205,19.9,19.9,19.9,19.9,19.9,9,6
1631127210,19.9182,19.9182,19.906,19.9069,19.91596,10,3
1631127215,19.9199,19.9199,19.9199,19.9199,19.9199,4,1
1631127220,19.9182,19.949,19.91,19.949,19.92658,39,10
1631127225,19.9238,19.9238,19.9238,19.9238,19.9238,3,1
1631127230,19.95,19.95,19.922,19.922,19.946,7,2
1631127235,19.944,19.944,19.9201,19.9371,19.92446,27,7
1631127240,19.94,19.94,19.9288,19.9288,19.93175,19,2
1631127245,19.9288,19.9288,19.9288,19.9288,19.9288,0,0
1631127250,19.9002,19.933,19.9,19.9041,19.90213,26,7
1631127255,19.9041,19.9041,19.9041,19.9041,19.9041,0,0
1631127260,19.92,19.92,19.92,19.92,19.92,8,1
1631127265,19.92,19.92,19.92,19.92,19.92,0,0
1631127270,19.92,19.92,19.92,19.92,19.92,0,0
1631127275,19.92,19.92,19.92,19.92,19.92,0,0
1631127280,19.92,19.92,19.92,19.92,19.92,0,0
1631127285,19.939,19.939,19.939,19.939,19.939,2,1
1631127290,19.939,19.939,19.939,19.939,19.939,0,0
1631127295,19.94,19.94,19.933,19.9399,19.93763,3,3
1631127300,19.9511,19.9511,19.9511,19.9511,19.9511,1,1
1631127305,19.9,19.9,19.8,19.8,19.82505,33,14
1631127310,19.8,19.8,19.8,19.8,19.8,0,0
1631127315,19.8,19.8,19.8,19.8,19.8,0,0
1631127320,19.865,19.8999,19.865,19.8999,19.87793,2,2
1631127325,19.84,19.84,19.84,19.84,19.84,1,1
1631127330,19.84,19.84,19.84,19.84,19.84,0,0
1631127335,19.865,19.865,19.865,19.865,19.865,1,1
1631127340,19.8888,19.8888,19.84,19.84,19.8649,12,3
1631127345,19.85,19.85,19.85,19.85,19.85,3,3
1631127350,19.85,19.85,19.85,19.85,19.85,0,0
1631127355,19.9,19.9,19.88,19.9,19.89798,14,9
1631127360,19.9399,19.9399,19.9399,19.9399,19.9399,1,1
1631127365,19.93,19.93,19.93,19.93,19.93,5,1
1631127370,19.94,19.94,19.94,19.94,19.94,1,1
1631127375,19.9031,19.9399,19.9031,19.9399,19.92763,15,2
1631127380,19.93,19.93,19.93,19.93,19.93,5,1
1631127385,19.93,19.93,19.93,19.93,19.93,0,0
1631127390,19.93,19.93,19.93,19.93,19.93,0,0
1631127395,19.93,19.93,19.93,19.93,19.93,0,0
1631127400,19.9,19.9,19.9,19.9,19.9,5,4
1631127405,19.9,19.9,19.9,19.9,19.9,1,1
1631127410,19.9,19.9,19.9,19.9,19.9,0,0
1631127415,19.9,19.9,19.9,19.9,19.9,0,0
1631127420,19.881,19.94,19.881,19.94,19.91017,13,6
1631127425,19.94,19.94,19.94,19.94,19.94,0,0
1631127430,19.9495,19.98,19.9495,19.98,19.96498,8,5
1631127435,19.966,19.9998,19.96,19.96,19.98089,25,4
1631127440,19.96,19.96,19.96,19.96,19.96,0,0
1631127445,19.96,19.96,19.96,19.96,19.96,0,0
1631127450,19.9567,19.9567,19.9567,19.9567,19.9567,2,1
1631127455,19.975,19.975,19.975,19.975,19.975,1,1
1631127460,19.975,19.975,19.975,19.975,19.975,0,0
1631127465,19.9504,19.9705,19.93,19.9304,19.94872,30,7
1631127470,19.93,20.01,19.93,20.01,19.9897,46,20
1631127475,20.0,20.005,19.88,19.965,19.94814,93,24
1631127480,20.0483,20.0483,19.9001,19.9457,19.9514,6,3
1631127485,20.0356,20.0356,20.0356,20.0356,20.0356,3,1
1631127490,19.901,19.901,19.901,19.901,19.901,10,1
1631127495,19.95,19.95,19.95,19.95,19.95,5,5
1631127500,19.975,19.9999,19.975,19.9999,19.98804,21,3
1631127505,19.9999,19.9999,19.9999,19.9999,19.9999,0,0
1631127510,19.9999,19.9999,19.9999,19.9999,19.9999,0,0
1631127515,19.995,19.995,19.995,19.995,19.995,5,1
1631127520,19.96,19.995,19.96,19.995,19.98431,7,2
1631127525,19.9655,19.9929,19.9655,19.99,19.98645,13,5
1631127530,19.98,20.0,19.98,20.0,19.99414,13,5
1631127535,20.0,20.0,20.0,20.0,20.0,0,0
1631127540,20.04,20.04,20.02,20.0331,20.03573,16,6
1631127545,20.0449,20.0449,20.0049,20.0381,20.02748,15,3
1631127550,20.0031,20.0031,20.0,20.0,20.00052,5,2
1631127555,20.02,20.02,19.9601,19.9696,20.01345,26,3
1631127560,20.0156,20.04,19.9672,20.04,20.01729,33,8
1631127565,20.04,20.07,20.04,20.07,20.04889,10,7
1631127570,20.07,20.07,20.07,20.07,20.07,0,0
1631127575,20.05,20.05,20.05,20.05,20.05,26,25
1631127580,20.0047,20.05,20.0047,20.05,20.02926,21,7
1631127585,20.054,20.054,20.054,20.054,20.054,5,1
1631127590,20.0,20.06,20.0,20.06,20.03,2,2
1631127595,20.0557,20.0557,20.0004,20.0004,20.00712,53,2
1631127600,20.06,20.1399,20.06,20.128,20.09685,54,22
1631127605,20.14,20.14,20.05,20.14,20.12013,62,15
1631127610,20.1245,20.1245,20.115,20.115,20.1169,12,2
1631127615,20.1162,20.14,20.1162,20.1397,20.12738,13,9
1631127620,20.1195,20.1399,20.0967,20.0967,20.11493,9,4
1631127625,20.0901,20.1,20.069,20.069,20.09115,11,7
1631127630,20.0501,20.0501,20.0501,20.0501,20.0501,10,1
1631127635,20.0501,20.0501,20.0501,20.0501,20.0501,5,1
1631127640,20.05,20.0507,20.05,20.0507,20.05035,4,2
1631127645,20.0391,20.05,20.0391,20.05,20.04183,4,2
1631127650,20.05,20.05,20.05,20.05,20.05,1,1
1631127655,20.05,20.05,20.05,20.05,20.05,0,0
1631127660,20.05,20.05,20.05,20.05,20.05,0,0
1631127665,20.0175,20.07,20.0175,20.07,20.05259,7,4
1631127670,20.09,20.1,20.09,20.1,20.09653,11,4
1631127675,20.07,20.07,20.0501,20.0596,20.06126,7,3
1631127680,20.09,20.09,20.0899,20.0899,20.08991,36,2
1631127685,20.0899,20.0899,20.0899,20.0899,20.0899,0,0
1631127690,20.09,20.16,20.08,20.16,20.13162,59,18
1631127695,20.11,20.11,20.09,20.09,20.1025,3,2
1631127700,20.0701,20.0701,20.0701,20.0701,20.0701,20,1
1631127705,20.1183,20.1183,20.1183,20.1183,20.1183,4,1
1631127710,20.16,20.16,20.16,20.16,20.16,2,1
1631127715,20.15,20.16,20.15,20.16,20.155,2,2
1631127720,20.12,20.12,20.12,20.12,20.12,22,3
1631127725,20.08,20.08,20.08,20.08,20.08,1,1
1631127730,20.15,20.15,20.14,20.14,20.14712,6,4
1631127735,20.0977,20.0977,20.095,20.095,20.09585,8,2
1631127740,20.095,20.095,20.095,20.095,20.095,0,0
1631127745,20.12,20.1799,20.1187,20.179,20.16687,22,5
1631127750,20.1423,20.18,20.1423,20.1725,20.17044,11,6
1631127755,20.14,20.18,20.14,20.18,20.16433,10,6
1631127760,20.18,20.21,20.18,20.199,20.19442,50,18
1631127765,20.23,20.23,20.18,20.18,20.1974,9,7
1631127770,20.2,20.3,20.15,20.15,20.27652,232,44
1631127775,20.205,20.2193,20.205,20.2193,20.20668,8,3
1631127780,20.2354,20.2354,20.2,20.2,20.2044,18,5
1631127785,20.2,20.2799,20.2,20.26,20.21955,80,19
1631127790,20.2439,20.27,20.2439,20.245,20.26317,16,5
1631127795,20.27,20.27,20.2532,20.2646,20.26258,8,5
1631127800,20.2255,20.245,20.2255,20.245,20.23525,10,2
1631127805,20.235,20.25,20.235,20.25,20.2425,2,2
1631127810,20.2201,20.235,20.2145,20.2145,20.22019,21,7
1631127815,20.23,20.23,20.23,20.23,20.23,10,1
1631127820,20.21,20.21,20.11,20.2099,20.15007,128,37
1631127825,20.1468,20.1468,20.1105,20.1279,20.12098,35,3
1631127830,20.17,20.18,20.17,20.18,20.175,10,4
1631127835,20.1793,20.1793,20.1793,20.1793,20.1793,5,1
1631127840,20.1795,20.1975,20.1795,20.1975,20.1834,9,5
1631127845,20.1975,20.1975,20.1975,20.1975,20.1975,0,0
1631127850,20.1751,20.1751,20.1751,20.1751,20.1751,3,1
1631127855,20.1751,20.1751,20.1751,20.1751,20.1751,0,0
1631127860,20.2,20.21,20.14,20.14,20.18509,37,25
1631127865,20.14,20.14,20.14,20.14,20.14,0,0
1631127870,20.1329,20.1329,20.1329,20.1329,20.1329,1,1
1631127875,20.11,20.11,20.07,20.11,20.09099,32,14
1631127880,20.14,20.14,20.14,20.14,20.14,1,1
1631127885,20.1495,20.1899,20.1495,20.155,20.16812,11,3
1631127890,20.199,20.199,20.199,20.199,20.199,1,1
1631127895,20.19,20.19,20.18,20.18,20.18327,6,3
1631127900,20.187,20.19,20.1799,20.1799,20.18541,17,9
1631127905,20.175,20.18,20.175,20.18,20.17833,3,2
1631127910,20.175,20.2,20.1701,20.2,20.18542,25,5
1631127915,20.19,20.2,20.19,20.2,20.19318,5,2
1631127920,20.15,20.15,20.15,20.15,20.15,1,1
1631127925,20.153,20.153,20.111,20.15,20.14474,13,5
1631127930,20.1432,20.1432,20.117,20.117,20.13097,3,2
1631127935,20.08,20.1499,20.08,20.1499,20.08247,28,2
1631127940,20.115,20.115,20.1022,20.1022,20.10647,15,2
1631127945,20.115,20.115,20.087,20.087,20.10227,11,3
1631127950,20.15,20.15,20.15,20.15,20.15,10,1
1631127955,20.1032,20.11,20.08,20.08,20.10183,12,3
1631127960,20.15,20.15,20.1384,20.1384,20.14729,4,2
1631127965,20.15,20.15,20.15,20.15,20.15,2,1
1631127970,20.1499,20.1499,20.1499,20.1499,20.1499,1,1
1631127975,20.1418,20.1418,20.1418,20.1418,20.1418,1,1
1631127980,20.15,20.17,20.15,20.17,20.1635,8,5
1631127985,20.1841,20.1856,20.157,20.1837,20.18216,10,4
1631127990,20.1837,20.1837,20.1837,20.1837,20.1837,0,0
1631127995,20.16,20.1618,20.145,20.1618,20.1576,5,5
1631128000,20.1573,20.1573,20.1267,20.1267,20.1318,6,2
1631128005,20.1267,20.1267,20.1267,20.1267,20.1267,0,0
1631128010,20.135,20.135,20.1,20.1,20.1175,2,2
1631128015,20.1126,20.1126,20.1126,20.1126,20.1126,10,1
1631128020,20.11,20.1207,20.1,20.11,20.10845,23,17
1631128025,20.1,20.1,20.1,20.1,20.1,1,1
1631128030,20.1,20.1,20.1,20.1,20.1,0,0
1631128035,20.1,20.1,20.1,20.1,20.1,0,0
1631128040,20.1,20.1,20.1,20.1,20.1,0,0
1631128045,20.1,20.1,20.1,20.1,20.1,0,0
1631128050,20.1,20.1,20.1,20.1,20.1,0,0
1631128055,20.13,20.13,20.13,20.13,20.13,1,1
1631128060,20.11,20.11,20.11,20.11,20.11,5,2
1631128065,20.1799,20.1799,20.13,20.13,20.15218,45,4
1631128070,20.145,20.145,20.145,20.145,20.145,2,1
1631128075,20.12,20.12,20.12,20.12,20.12,1,1
1631128080,20.1061,20.1061,20.1061,20.1061,20.1061,1,1
1631128085,20.12,20.14,20.12,20.1285,20.12994,26,9
1631128090,20.1613,20.1613,20.1613,20.1613,20.1613,2,1
1631128095,20.1,20.1,20.1,20.1,20.1,1,1
1631128100,20.1,20.1,20.1,20.1,20.1,0,0
1631128105,20.1001,20.1001,20.1001,20.1001,20.1001,1,1
1631128110,20.102,20.102,20.0813,20.0813,20.09349,13,6
1631128115,20.1221,20.1221,20.08,20.08,20.09498,36,7
1631128120,20.08,20.09,20.05,20.09,20.07548,75,33
1631128125,20.105,20.105,20.105,20.105,20.105,14,1
1631128130,20.105,20.1285,20.09,20.09,20.1146,4,3
1631128135,20.09,20.09,20.0204,20.03,20.07621,88,27
1631128140,20.0202,20.0455,20.0,20.0094,20.01586,78,13
1631128145,20.0001,20.02,20.0001,20.01,20.00494,26,4
1631128150,20.045,20.045,20.045,20.045,20.045,1,1
1631128155,20.0768,20.0768,20.0768,20.0768,20.0768,9,1
1631128160,20.0768,20.0768,20.0768,20.0768,20.0768,0,0
1631128165,20.01,20.01,20.01,20.01,20.01,1,1
1631128170,20.0504,20.059,20.01,20.01,20.0398,3,3
1631128175,20.0599,20.0599,20.0,20.0522,20.05024,8,3
1631128180,20.0522,20.0522,20.0522,20.0522,20.0522,0,0
1631128185,20.06,20.06,20.05,20.06,20.05913,22,12
1631128190,20.06,20.06,20.06,20.06,20.06,0,0
1631128195,20.0499,20.0499,20.0,20.0,20.02786,12,7
1631128200,20.025,20.025,20.0001,20.025,20.0197,11,3
1631128205,20.0162,20.0162,20.0162,20.0162,20.0162,10,1
1631128210,20.0,20.0,19.92,19.92,19.94295,27,11
1631128215,19.92,19.95,19.92,19.95,19.926,5,5
1631128220,19.9,19.9,19.9,19.9,19.9,3,2
1631128225,19.9001,19.9999,19.9001,19.9101,19.91177,49,4
1631128230,19.955,19.955,19.955,19.955,19.955,1,1
1631128235,19.955,19.955,19.955,19.955,19.955,0,0
1631128240,19.955,19.955,19.955,19.955,19.955,0,0
1631128245,19.955,19.955,19.955,19.955,19.955,0,0
1631128250,19.955,19.955,19.955,19.955,19.955,0,0
1631128255,19.95,19.95,19.94,19.94,19.945,2,2
1631128260,19.92,19.92,19.92,19.92,19.92,6,3
1631128265,19.92,19.92,19.92,19.92,19.92,0,0
1631128270,19.9431,20.0,19.91,19.95,19.95468,201,22
1631128275,19.965,19.9948,19.95,19.95,19.98064,16,7
1631128280,19.94,20.0,19.94,19.95,19.96,4,4
1631128285,19.9897,19.9935,19.95,19.95,19.97242,10,7
1631128290,19.9476,19.9476,19.9476,19.9476,19.9476,1,1
1631128295,19.95,19.95,19.95,19.95,19.95,7,2
1631128300,19.95,19.95,19.95,19.95,19.95,0,0
1631128305,19.9762,19.9762,19.9762,19.9762,19.9762,3,1
1631128310,19.9838,19.9838,19.9838,19.9838,19.9838,5,1
1631128315,19.96,19.96,19.94,19.94,19.95029,5,4
1631128320,19.9894,19.9894,19.921,19.921,19.95608,5,4
1631128325,19.921,19.921,19.921,19.921,19.921,0,0
1631128330,19.9597,19.9597,19.9597,19.9597,19.9597,1,1
1631128335,19.9597,19.9597,19.9597,19.9597,19.9597,0,0
1631128340,19.9597,19.9597,19.9597,19.9597,19.9597,0,0
1631128345,19.9597,19.9597,19.9597,19.9597,19.9597,0,0
1631128350,19.9359,20.05,19.9359,19.98,19.98943,23,9
1631128355,19.98,19.98,19.98,19.98,19.98,0,0
1631128360,19.9379,19.9379,19.9379,19.9379,19.9379,1,1
1631128365,19.9379,19.9379,19.9379,19.9379,19.9379,0,0
1631128370,19.9379,19.9379,19.9379,19.9379,19.9379,0,0
1631128375,19.9379,19.9379,19.9379,19.9379,19.9379,0,0
1631128380,19.9379,19.9379,19.9379,19.9379,19.9379,0,0
1631128385,19.9379,19.9379,19.9379,19.9379,19.9379,0,0
1631128390,19.96,19.96,19.95,19.95,19.955,2,2
1631128395,19.95,19.95,19.95,19.95,19.95,0,0
1631128400,19.95,19.95,19.95,19.95,19.95,0,0
1631128405,19.96,19.96,19.96,19.96,19.96,9,5
1631128410,19.96,19.96,19.96,19.96,19.96,1,1
1631128415,19.96,19.96,19.96,19.96,19.96,0,0
1631128420,19.96,19.96,19.96,19.96,19.96,2,2
1631128425,19.9915,19.9915,19.9915,19.9915,19.9915,1,1
1631128430,19.9915,19.9915,19.9915,19.9915,19.9915,0,0
1631128435,19.96,20.0,19.96,20.0,19.97647,4,4
1631128440,19.96,19.96,19.96,19.96,19.96,3,2
1631128445,19.95,19.95,19.95,19.95,19.95,1,1
1631128450,19.95,19.95,19.95,19.95,19.95,0,0
1631128455,19.9926,19.9926,19.9926,19.9926,19.9926,1,1
1631128460,19.9926,19.9926,19.9926,19.9926,19.9926,0,0
1631128465,19.9926,19.9926,19.9926,19.9926,19.9926,0,0
1631128470,20.0,20.0325,20.0,20.0325,20.0135,12,5
1631128475,20.0325,20.0325,20.0325,20.0325,20.0325,0,0
1631128480,20.0325,20.0325,20.0325,20.0325,20.0325,5,1
1631128485,20.0361,20.0361,20.0361,20.0361,20.0361,1,1
1631128490,20.0042,20.0042,20.0042,20.0042,20.0042,4,1
1631128495,20.01,20.07,20.01,20.05,20.04193,59,24
1631128500,20.015,20.015,20.015,20.015,20.015,1,1
1631128505,20.0371,20.0371,20.0371,20.0371,20.0371,1,1
1631128510,20.0336,20.0336,20.0,20.0065,20.00792,8,5
1631128515,20.0,20.0,19.95,20.0,19.97371,20,11
1631128520,20.0,20.0,20.0,20.0,20.0,0,0
1631128525,19.9573,19.9573,19.9573,19.9573,19.9573,20,1
1631128530,19.95,19.985,19.95,19.985,19.95977,10,4
1631128535,19.9788,19.9788,19.9788,19.9788,19.9788,3,1
1631128540,19.9788,19.9788,19.9788,19.9788,19.9788,0,0
1631128545,19.9788,19.9788,19.9788,19.9788,19.9788,0,0
1631128550,19.9788,19.9788,19.9788,19.9788,19.9788,0,0
1631128555,19.9788,19.9788,19.9788,19.9788,19.9788,0,0
1631128560,19.9701,19.9701,19.9701,19.9701,19.9701,10,2
1631128565,19.9701,19.9701,19.9701,19.9701,19.9701,0,0
1631128570,19.97,19.97,19.95,19.95,19.9564,6,5
1631128575,19.95,19.95,19.95,19.95,19.95,0,0
1631128580,19.95,19.95,19.95,19.95,19.95,0,0
1631128585,19.95,19.95,19.95,19.95,19.95,0,0
1631128590,19.95,19.95,19.95,19.95,19.95,0,0
1631128595,19.95,19.95,19.95,19.95,19.95,0,0
1631128600,19.94,19.94,19.85,19.85,19.89395,109,41
1631128605,19.909,19.909,19.909,19.909,19.909,10,1
1631128610,19.909,19.909,19.909,19.909,19.909,0,0
1631128615,20.0183,20.0183,19.86,19.86,19.95165,5,3
1631128620,19.935,19.935,19.935,19.935,19.935,2,1
1631128625,19.935,19.935,19.935,19.935,19.935,0,0
1631128630,19.935,19.935,19.935,19.935,19.935,0,0
1631128635,19.95,19.95,19.95,19.95,19.95,3,1
1631128640,19.95,19.95,19.95,19.95,19.95,0,0
1631128645,19.95,19.95,19.95,19.95,19.95,0,0
1631128650,19.95,19.95,19.95,19.95,19.95,1,1
1631128655,19.95,19.95,19.95,19.95,19.95,0,0
1631128660,19.9001,19.9001,19.9001,19.9001,19.9001,6,1
1631128665,19.9499,19.9499,19.9499,19.9499,19.9499,1,1
1631128670,19.9499,19.9499,19.9499,19.9499,19.9499,0,0
1631128675,19.9499,19.9499,19.9499,19.9499,19.9499,0,0
1631128680,19.9,19.9,19.9,19.9,19.9,6,2
1631128685,19.9,19.9365,19.9,19.9365,19.91217,3,3
1631128690,19.9001,19.9766,19.9,19.9,19.91148,7,3
1631128695,19.9689,19.9689,19.9689,19.9689,19.9689,1,1
1631128700,19.98,19.98,19.98,19.98,19.98,1,1
1631128705,19.98,19.98,19.98,19.98,19.98,0,0
1631128710,19.98,19.98,19.98,19.98,19.98,0,0
1631128715,19.98,19.98,19.98,19.98,19.98,0,0
1631128720,19.94,19.94,19.94,19.94,19.94,5,1
1631128725,19.94,19.94,19.94,19.94,19.94,0,0
1631128730,19.94,19.94,19.94,19.94,19.94,0,0
1631128735,19.9428,19.9428,19.9428,19.9428,19.9428,1,1
1631128740,19.9431,19.9431,19.91,19.91,19.91066,50,11
1631128745,19.91,19.91,19.91,19.91,19.91,0,0
1631128750,19.89,19.89,19.86,19.87,19.87489,17,9
1631128755,19.87,19.87,19.87,19.87,19.87,1,1
1631128760,19.9464,19.9464,19.9464,19.9464,19.9464,1,1
1631128765,19.956,19.956,19.956,19.956,19.956,1,1
1631128770,19.956,19.956,19.956,19.956,19.956,0,0
1631128775,19.956,19.956,19.956,19.956,19.956,0,0
1631128780,19.956,19.956,19.956,19.956,19.956,0,0
1631128785,19.97,19.97,19.97,19.97,19.97,3,1
1631128790,19.97,19.97,19.97,19.97,19.97,0,0
1631128795,19.97,19.97,19.97,19.97,19.97,0,0
1631128800,19.9699,19.9699,19.9699,19.9699,19.9699,13,1
1631128805,19.925,19.925,19.925,19.925,19.925,4,1
1631128810,19.925,19.925,19.925,19.925,19.925,0,0
1631128815,19.9326,19.9326,19.9326,19.9326,19.9326,1,1
1631128820,19.89,19.9,19.89,19.9,19.89611,12,8
1631128825,19.9485,19.9485,19.9485,19.9485,19.9485,2,1
1631128830,19.9578,19.9578,19.9578,19.9578,19.9578,2,1
1631128835,19.9578,19.9578,19.9578,19.9578,19.9578,0,0
1631128840,19.9583,19.9583,19.9583,19.9583,19.9583,3,1
1631128845,19.9548,19.9548,19.86,19.86,19.8607,150,2
1631128850,19.96,19.96,19.87,19.87,19.9274,4,3
1631128855,19.87,19.87,19.87,19.87,19.87,0,0
1631128860,19.9558,19.9558,19.9558,19.9558,19.9558,1,1
1631128865,19.9181,19.9181,19.9181,19.9181,19.9181,34,1
1631128870,19.9602,19.9602,19.9602,19.9602,19.9602,1,1
1631128875,19.9602,19.9602,19.9602,19.9602,19.9602,0,0
1631128880,19.9602,19.9602,19.9602,19.9602,19.9602,0,0
1631128885,19.97,19.97,19.97,19.97,19.97,1,1
1631128890,19.9602,19.9602,19.9602,19.9602,19.9602,1,1
1631128895,19.97,19.97,19.97,19.97,19.97,1,1
1631128900,19.9349,19.9349,19.9349,19.9349,19.9349,1,1
1631128905,19.9699,19.9699,19.9699,19.9699,19.9699,1,1
1631128910,19.9699,19.9699,19.9699,19.9699,19.9699,0,0
1631128915,19.92,19.92,19.91,19.91,19.915,3,2
1631128920,19.91,19.91,19.91,19.91,19.91,0,0
1631128925,19.935,19.97,19.935,19.9629,19.95285,9,4
1631128930,19.9592,20.0,19.94,20.0,19.98894,78,30
1631128935,20.01,20.11,19.9567,19.9715,20.04302,95,39
1631128940,19.9999,20.0599,19.9999,20.055,20.01277,12,7
1631128945,19.985,20.06,19.985,20.06,20.05581,54,4
1631128950,20.025,20.1,20.025,20.09,20.05618,54,18
1631128955,20.09,20.1,20.0458,20.09,20.09574,105,34
1631128960,20.1,20.12,20.0108,20.12,20.09682,101,53
1631128965,20.13,20.33,20.13,20.25,20.24672,521,185
1631128970,20.33,20.34,20.23,20.3,20.32105,105,29
1631128975,20.22,20.39,20.22,20.39,20.32683,184,23
1631128980,20.39,20.4,20.3316,20.345,20.37482,65,16
1631128985,20.331,20.37,20.32,20.37,20.33065,32,14
1631128990,20.3928,20.4194,20.26,20.2615,20.33154,267,61
1631128995,20.3498,20.406,20.34,20.36,20.36112,13,9
1631129000,20.39,20.4,20.3001,20.4,20.35924,30,9
1631129005,20.31,20.3832,20.22,20.38,20.30921,132,35
1631129010,20.4,20.56,20.35,20.56,20.47293,441,138
1631129015,20.55,20.65,20.5,20.595,20.57305,156,56
1631129020,20.596,20.64,20.5001,20.6,20.58481,132,63
1631129025,20.575,20.65,20.5704,20.5704,20.61647,77,30
1631129030,20.59,20.68,20.58,20.65,20.63985,204,39
1631129035,20.68,20.69,20.6195,20.65,20.67532,129,37
1631129040,20.69,20.69,20.6168,20.6464,20.68044,219,26
1631129045,20.67,20.69,20.65,20.682,20.66508,50,18
1631129050,20.6723,20.69,20.6687,20.6846,20.68447,92,15
1631129055,20.6644,20.69,20.5,20.5569,20.59855,126,30
1631129060,20.5084,20.5841,20.5084,20.5101,20.5354,33,8
1631129065,20.5899,20.5899,20.441,20.4739,20.51174,50,18
1631129070,20.45,20.6,20.4401,20.5,20.5103,37,11
1631129075,20.5884,20.5884,20.4976,20.5307,20.5315,49,13
1631129080,20.4987,20.4987,20.46,20.47,20.47563,17,5
1631129085,20.44,20.4754,20.41,20.45,20.45219,50,20
1631129090,20.4809,20.49,20.44,20.4839,20.46237,22,7
1631129095,20.43,20.4559,20.31,20.3101,20.3803,86,25
1631129100,20.325,20.325,20.31,20.31,20.31893,14,5
1631129105,20.32,20.41,20.32,20.35,20.38064,29,13
1631129110,20.33,20.47,20.33,20.45,20.41531,28,16
1631129115,20.4586,20.4683,20.43,20.43,20.45695,39,9
1631129120,20.4499,20.4499,20.4499,20.4499,20.4499,1,1
1631129125,20.4489,20.4699,20.3799,20.4066,20.42284,16,10
1631129130,20.47,20.47,20.47,20.47,20.47,2,1
1631129135,20.4001,20.4499,20.4,20.4499,20.41895,47,13
1631129140,20.37,20.449,20.32,20.3896,20.39393,106,28
1631129145,20.32,20.3999,20.32,20.36,20.35948,13,7
1631129150,20.3201,20.3201,20.3201,20.3201,20.3201,5,1
1631129155,20.37,20.37,20.37,20.37,20.37,1,1
1631129160,20.33,20.36,20.33,20.36,20.345,2,2
1631129165,20.36,20.3878,20.36,20.38,20.37292,15,4
1631129170,20.38,20.38,20.35,20.35,20.354,15,6
1631129175,20.3201,20.35,20.02,20.05,20.19981,231,68
1631129180,20.08,20.1812,20.0501,20.13,20.09006,72,12
1631129185,20.19,20.2722,20.06,20.195,20.18672,48,24
1631129190,20.19,20.28,20.1607,20.1607,20.19241,19,8
1631129195,20.2,20.24,20.2,20.24,20.22725,37,7
1631129200,20.2297,20.25,20.17,20.238,20.2153,5,5
1631129205,20.21,20.27,20.16,20.21,20.22746,40,15
1631129210,20.215,20.29,20.215,20.245,20.27082,53,12
1631129215,20.247,20.28,20.247,20.28,20.25643,7,2
1631129220,20.22,20.28,20.2,20.2,20.25648,35,14
1631129225,20.26,20.26,20.26,20.26,20.26,5,1
1631129230,20.235,20.26,20.2201,20.26,20.24099,26,9
1631129235,20.2715,20.2715,20.2715,20.2715,20.2715,2,1
1631129240,20.247,20.247,20.247,20.247,20.247,1,1
1631129245,20.2697,20.2697,20.2292,20.23,20.24297,3,3
1631129250,20.2201,20.28,20.2201,20.265,20.25975,44,12
1631129255,20.3,20.45,20.3,20.365,20.38646,97,24
1631129260,20.4232,20.4399,20.36,20.4254,20.3858,27,5
1631129265,20.42,20.49,20.4178,20.44,20.43461,53,19
1631129270,20.415,20.43,20.4001,20.43,20.41577,23,8
1631129275,20.4188,20.4188,20.4188,20.4188,20.4188,1,1
1631129280,20.42,20.4403,20.3642,20.4403,20.39071,18,7
1631129285,20.3688,20.4499,20.3601,20.4499,20.39637,14,4
1631129290,20.3999,20.3999,20.37,20.3999,20.39522,19,4
1631129295,20.3999,20.4,20.36,20.3608,20.37445,44,14
1631129300,20.355,20.355,20.3101,20.3101,20.35092,11,2
1631129305,20.32,20.355,20.32,20.355,20.3375,2,2
1631129310,20.3101,20.36,20.3101,20.32,20.32339,4,4
1631129315,20.39,20.39,20.3101,20.3101,20.36337,3,2
1631129320,20.3101,20.3101,20.3101,20.3101,20.3101,0,0
1631129325,20.3101,20.3101,20.3101,20.3101,20.3101,0,0
1631129330,20.3999,20.3999,20.32,20.356,20.34156,7,7
1631129335,20.355,20.355,20.355,20.355,20.355,1,1
1631129340,20.35,20.38,20.3101,20.3101,20.34932,13,12
1631129345,20.32,20.3688,20.32,20.3688,20.34912,2,2
1631129350,20.3301,20.355,20.3301,20.355,20.33425,6,2
1631129355,20.355,20.355,20.355,20.355,20.355,2,1
1631129360,20.3622,20.3622,20.3622,20.3622,20.3622,25,1
1631129365,20.38,20.38,20.355,20.3747,20.37568,16,6
1631129370,20.355,20.355,20.355,20.355,20.355,1,1
1631129375,20.355,20.355,20.355,20.355,20.355,0,0
1631129380,20.38,20.38,20.375,20.375,20.37587,36,4
1631129385,20.3401,20.3987,20.3401,20.3987,20.3694,10,2
1631129390,20.3999,20.3999,20.37,20.37,20.39207,3,2
1631129395,20.4,20.4,20.3999,20.3999,20.39993,4,2
1631129400,20.3939,20.3939,20.3939,20.3939,20.3939,5,1
1631129405,20.4,20.4,20.4,20.4,20.4,20,1
1631129410,20.37,20.37,20.35,20.37,20.35749,5,3
1631129415,20.3401,20.37,20.3001,20.345,20.32827,55,15
1631129420,20.345,20.345,20.2,20.2505,20.26545,111,17
1631129425,20.19,20.2288,20.16,20.2288,20.18687,12,8
1631129430,20.2246,20.2977,20.185,20.185,20.23838,20,5
1631129435,20.185,20.185,20.185,20.185,20.185,0,0
1631129440,20.26,20.26,20.23,20.23,20.2363,4,3
1631129445,20.2886,20.2886,20.23,20.23,20.25981,7,3
1631129450,20.221,20.24,20.221,20.23,20.23009,11,4
1631129455,20.2254,20.2551,20.2254,20.24,20.24558,5,3
1631129460,20.23,20.24,20.19,20.21,20.20691,85,43
1631129465,20.2,20.2527,20.19,20.19,20.21348,15,9
1631129470,20.205,20.2081,20.19,20.19,20.20332,15,6
1631129475,20.16,20.1999,20.15,20.18,20.15762,36,11
1631129480,20.18,20.18,20.18,20.18,20.18,0,0
1631129485,20.1886,20.2,20.16,20.19,20.17978,6,4
1631129490,20.169,20.2928,20.165,20.2928,20.21649,11,8
1631129495,20.22,20.22,20.22,20.22,20.22,2,1
1631129500,20.16,20.235,20.16,20.22,20.2069,9,6
1631129505,20.2494,20.2494,20.2494,20.2494,20.2494,9,1
1631129510,20.24,20.31,20.24,20.31,20.30363,38,5
1631129515,20.25,20.3399,20.25,20.285,20.33287,23,4
1631129520,20.285,20.34,20.285,20.285,20.32285,32,5
1631129525,20.285,20.285,20.285,20.285,20.285,0,0
1631129530,20.31,20.31,20.31,20.31,20.31,9,2
1631129535,20.2422,20.2422,20.2422,20.2422,20.2422,1,1
1631129540,20.27,20.31,20.23,20.3099,20.29049,52,11
1631129545,20.27,20.27,20.27,20.27,20.27,6,2
1631129550,20.2301,20.26,20.22,20.26,20.22703,27,17
1631129555,20.2999,20.2999,20.2999,20.2999,20.2999,1,1
1631129560,20.26,20.2999,20.26,20.2999,20.2861,9,3
1631129565,20.22,20.22,20.22,20.22,20.22,3,1
1631129570,20.22,20.22,20.22,20.22,20.22,0,0
1631129575,20.29,20.38,20.29,20.38,20.33163,65,22
1631129580,20.38,20.38,20.38,20.38,20.38,0,0
1631129585,20.32,20.3507,20.32,20.3507,20.34047,3,2
1631129590,20.32,20.4,20.26,20.4,20.37971,26,9
1631129595,20.37,20.4,20.37,20.4,20.39887,40,7
1631129600,20.3999,20.52,20.35,20.52,20.44793,292,54
1631129605,20.51,20.52,20.451,20.4776,20.47518,13,9
1631129610,20.475,20.53,20.4501,20.5295,20.50384,30,11
1631129615,20.5,20.53,20.4501,20.4607,20.51005,69,11
1631129620,20.4946,20.5301,20.46,20.52,20.50268,57,10
1631129625,20.5195,20.57,20.49,20.5404,20.53044,50,18
1631129630,20.57,20.5749,20.49,20.51,20.54783,68,22
1631129635,20.5222,20.55,20.51,20.5496,20.54096,90,17
1631129640,20.5422,20.6,20.5399,20.5999,20.57341,142,37
1631129645,20.6,20.6,20.53,20.6,20.55213,96,24
1631129650,20.5368,20.6,20.5301,20.6,20.55012,40,7
1631129655,20.53,20.6,20.51,20.5717,20.56722,81,50
1631129660,20.545,20.6,20.5216,20.6,20.55544,58,16
1631129665,20.5807,20.5807,20.5201,20.5201,20.55482,28,13
1631129670,20.579,20.579,20.5,20.547,20.54738,26,8
1631129675,20.55,20.6,20.51,20.5877,20.55867,53,18
1631129680,20.5836,20.5999,20.51,20.581,20.57015,38,7
1631129685,20.5586,20.59,20.5301,20.5581,20.56874,32,6
1631129690,20.542,20.542,20.54,20.54,20.54143,7,3
1631129695,20.5201,20.559,20.5,20.5001,20.51058,152,32
1631129700,20.4804,20.4804,20.405,20.4501,20.45098,33,8
1631129705,20.45,20.5199,20.45,20.46,20.48438,64,15
1631129710,20.5134,20.5134,20.45,20.45,20.50262,5,2
1631129715,20.5,20.5,20.475,20.475,20.47833,12,3
1631129720,20.4737,20.4737,20.4737,20.4737,20.4737,1,1
1631129725,20.45,20.45,20.35,20.446,20.41263,16,10
1631129730,20.446,20.446,20.39,20.4199,20.40694,19,6
1631129735,20.43,20.4699,20.43,20.4699,20.45876,8,3
1631129740,20.39,20.39,20.331,20.331,20.35366,14,6
1631129745,20.33,20.3899,20.31,20.33,20.35196,10,7
1631129750,20.3499,20.3499,20.3485,20.3485,20.34917,6,2
1631129755,20.3205,20.3659,20.3205,20.3659,20.34596,10,7
1631129760,20.42,20.43,20.3947,20.3947,20.41855,11,9
1631129765,20.4,20.4,20.3665,20.3665,20.38477,11,3
1631129770,20.37,20.3999,20.36,20.3999,20.37671,3,3
1631129775,20.38,20.38,20.354,20.3568,20.36329,3,3
1631129780,20.375,20.4,20.3501,20.3999,20.38069,28,4
1631129785,20.38,20.41,20.38,20.4,20.39966,11,6
1631129790,20.4393,20.4393,20.395,20.395,20.40021,17,2
1631129795,20.395,20.395,20.395,20.395,20.395,0,0
1631129800,20.4,20.41,20.385,20.385,20.3944,16,7
1631129805,20.4199,20.4199,20.36,20.36,20.4061,4,2
1631129810,20.3801,20.3801,20.3801,20.3801,20.3801,20,1
1631129815,20.4132,20.4132,20.4,20.4,20.40566,3,2
1631129820,20.4,20.479,20.4,20.4593,20.43391,79,28
1631129825,20.45,20.45,20.425,20.45,20.44769,19,5
1631129830,20.42,20.4796,20.42,20.47,20.43904,43,5
1631129835,20.4526,20.5,20.4526,20.5,20.46941,47,7
1631129840,20.5,20.55,20.4509,20.4957,20.51938,128,39
1631129845,20.4999,20.549,20.49,20.536,20.51848,43,7
1631129850,20.5,20.55,20.45,20.54,20.50485,37,11
1631129855,20.47,20.55,20.47,20.511,20.53006,47,8
1631129860,20.53,20.58,20.53,20.58,20.55265,23,12
1631129865,20.567,20.5899,20.5339,20.535,20.55689,62,16
1631129870,20.5471,20.6,20.5209,20.59,20.5778,90,28
1631129875,20.5906,20.6,20.5312,20.555,20.58106,36,11
1631129880,20.53,20.5799,20.52,20.5799,20.52864,24,14
1631129885,20.54,20.54,20.54,20.54,20.54,1,1
1631129890,20.53,20.545,20.53,20.5378,20.53767,49,4
1631129895,20.5201,20.5699,20.5201,20.53,20.53628,16,3
1631129900,20.5201,20.5326,20.5201,20.5326,20.52427,15,2
1631129905,20.53,20.53,20.5009,20.501,20.51561,64,17
1631129910,20.51,20.54,20.5001,20.54,20.51663,18,7
1631129915,20.5114,20.52,20.5114,20.52,20.5157,2,2
1631129920,20.5,20.5,20.4601,20.4601,20.4744,39,13
1631129925,20.54,20.54,20.48,20.48,20.51778,36,7
1631129930,20.489,20.54,20.489,20.52,20.52804,72,32
1631129935,20.51,20.525,20.5,20.525,20.51066,11,6
1631129940,20.5236,20.55,20.5045,20.55,20.52505,67,17
1631129945,20.525,20.526,20.5,20.526,20.52432,22,9
1631129950,20.5439,20.5439,20.47,20.47,20.50685,19,15
1631129955,20.519,20.519,20.519,20.519,20.519,10,1
1631129960,20.5117,20.55,20.5068,20.5068,20.53045,105,46
1631129965,20.5068,20.5068,20.5068,20.5068,20.5068,0,0
1631129970,20.54,20.66,20.54,20.6492,20.61753,194,92
1631129975,20.67,20.7,20.61,20.63,20.68283,371,54
1631129980,20.5646,20.65,20.5646,20.65,20.58303,22,9
1631129985,20.5257,20.65,20.5257,20.65,20.62179,79,26
1631129990,20.625,20.625,20.5501,20.6205,20.57783,27,13
1631129995,20.62,20.6886,20.5501,20.645,20.6335,20,6
1631130000,20.65,20.77,20.6001,20.7361,20.74072,365,103
1631130005,20.7699,20.7699,20.71,20.74,20.74553,81,17
1631130010,20.74,20.74,20.7,20.705,20.71985,82,12
1631130015,20.71,20.77,20.705,20.7617,20.74141,59,18
1631130020,20.74,20.77,20.7121,20.7686,20.75369,21,11
1631130025,20.74,20.7722,20.735,20.7672,20.74944,58,17
1631130030,20.74,20.75,20.65,20.6594,20.70492,115,40
1631130035,20.73,20.76,20.7197,20.76,20.73638,32,15
1631130040,20.71,20.77,20.71,20.7628,20.74969,50,20
1631130045,20.7657,20.87,20.72,20.8694,20.80119,334,105
1631130050,20.85,20.88,20.82,20.85,20.85776,140,39
1631130055,20.88,20.9,20.8101,20.8844,20.88251,263,69
1631130060,20.85,20.91,20.845,20.899,20.88686,339,65
1631130065,20.8912,21.22,20.88,21.1212,21.04429,1067,271
1631130070,21.211,21.211,21.03,21.072,21.10718,251,68
1631130075,21.1,21.11,21.031,21.108,21.08123,143,43
1631130080,21.09,21.1092,20.92,21.1,21.03784,166,64
1631130085,21.02,21.11,20.92,21.07,21.02465,104,26
1631130090,21.01,21.17,21.002,21.17,21.10584,210,69
1631130095,21.17,21.18,21.0801,21.1001,21.14905,110,63
1631130100,21.135,21.2,21.12,21.18,21.17205,109,48
1631130105,21.19,21.2,20.78,20.998,20.99662,418,113
1631130110,21.0,21.14,20.8207,21.0402,21.06908,268,76
1631130115,21.09,21.15,20.8701,20.985,21.02871,218,42
1631130120,21.0,21.0899,20.8701,20.975,21.02594,115,25
1631130125,20.95,21.02,20.8701,21.0001,20.97067,104,66
1631130130,21.0983,21.0983,20.91,20.9233,20.99533,152,42
1631130135,21.0062,21.0218,20.91,21.0032,20.9943,65,21
1631130140,20.9916,21.1,20.9501,21.039,21.02904,124,52
1631130145,21.0,21.0499,20.95,21.0184,20.99381,169,49
1631130150,20.985,21.03,20.9501,21.0,20.98491,53,24
1631130155,20.9549,20.9912,20.85,20.925,20.92185,55,28
1631130160,20.9999,20.9999,20.83,20.8556,20.87967,50,21
1631130165,20.87,20.925,20.8501,20.8501,20.8864,55,20
1631130170,20.8512,20.9545,20.8512,20.925,20.91422,7,5
1631130175,20.907,20.9495,20.907,20.9495,20.93959,29,8
1631130180,20.9001,20.9499,20.9001,20.91,20.93066,62,12
1631130185,20.91,20.91,20.83,20.8301,20.85559,152,33
1631130190,20.87,20.8716,20.81,20.8101,20.83495,52,17
1631130195,20.87,21.0,20.827,20.97,20.9347,293,70
1631130200,20.9145,20.98,20.9145,20.9518,20.95595,4,4
1631130205,20.9094,20.96,20.9038,20.9095,20.93458,43,9
1631130210,20.93,20.96,20.9001,20.9101,20.93945,21,5
1631130215,20.95,21.02,20.91,21.0,20.96905,54,26
1631130220,21.0,21.05,20.95,21.05,21.00754,144,56
1631130225,21.0003,21.0414,20.99,21.029,21.01308,72,24
1631130230,21.0424,21.07,20.96,21.0595,21.05307,70,29
1631130235,21.07,21.11,21.0,21.11,21.08741,314,74
1631130240,21.11,21.2,21.1,21.147,21.14864,285,79
1631130245,21.18,21.18,21.1,21.1284,21.14449,186,60
1631130250,21.1284,21.1299,21.08,21.1092,21.09496,111,25
1631130255,21.1052,21.13,21.08,21.1,21.10997,43,24
1631130260,21.0604,21.13,21.01,21.011,21.06632,78,27
1631130265,21.0182,21.0799,21.01,21.01,21.02785,24,8
1631130270,21.0101,21.035,20.9,20.955,20.95129,94,39
1631130275,20.9505,20.955,20.86,20.89,20.90917,64,21
1631130280,20.8992,20.945,20.8501,20.945,20.93383,50,8
1631130285,21.0,21.0,20.93,20.93,20.96917,20,7
1631130290,21.0,21.0,20.9264,20.9264,20.95976,27,10
1631130295,20.9001,21.01,20.9001,20.97,20.98074,94,22
1631130300,20.9301,21.01,20.9301,20.9599,20.97818,87,22
1631130305,20.9501,21.0,20.95,21.0,20.96541,54,13
1631130310,20.9858,21.0,20.91,20.911,20.9829,37,9
1631130315,20.91,20.9784,20.902,20.9784,20.91754,42,12
1631130320,20.99,20.99,20.9245,20.9245,20.94797,78,4
1631130325,20.93,20.9399,20.78,20.81,20.86925,239,52
1631130330,20.9285,20.9285,20.78,20.88,20.83356,139,24
1631130335,20.93,20.93,20.8015,20.86,20.86019,33,10
1631130340,20.84,20.8725,20.838,20.8708,20.85377,22,7
1631130345,20.84,20.88,20.8,20.8711,20.83646,44,17
1631130350,20.8409,20.878,20.81,20.81,20.83686,7,6
1631130355,20.868,20.8722,20.8,20.8006,20.84064,36,12
1631130360,20.8599,20.86,20.834,20.837,20.84246,18,14
1631130365,20.8074,20.873,20.8,20.8673,20.81194,56,10
1631130370,20.8,20.8431,20.8,20.8071,20.80834,44,6
1631130375,20.8097,20.87,20.8097,20.87,20.84966,16,11
1631130380,20.86,20.94,20.8101,20.9228,20.84775,49,20
1631130385,20.865,20.9101,20.82,20.9101,20.85874,57,14
1631130390,20.8426,20.8907,20.8281,20.8281,20.85091,11,6
1631130395,20.8667,20.94,20.8667,20.94,20.92261,55,18
1631130400,20.9068,20.9326,20.8642,20.88,20.89602,26,8
1631130405,20.88,20.9266,20.88,20.92,20.90144,100,15
1631130410,20.9206,20.9206,20.83,20.8941,20.88475,23,14
1631130415,20.865,20.91,20.8301,20.9,20.88952,69,31
1631130420,20.9098,20.92,20.84,20.885,20.89296,35,10
1631130425,20.92,20.92,20.8701,20.89,20.88501,8,5
1631130430,20.87,20.9,20.85,20.9,20.87171,185,21
1631130435,20.875,20.9064,20.8401,20.8401,20.88441,36,5
1631130440,20.909,20.909,20.83,20.87,20.86779,41,25
1631130445,20.8398,20.9,20.831,20.899,20.89408,42,7
1631130450,20.8751,20.98,20.8751,20.94,20.94031,95,19
1631130455,20.94,20.9799,20.9397,20.9799,20.94593,28,5
1631130460,20.944,20.99,20.944,20.9899,20.97722,48,25
1631130465,20.9943,21.0,20.92,20.92,20.96455,158,38
1631130470,20.97,20.99,20.95,20.99,20.95526,64,6
1631130475,20.965,21.0,20.9623,20.99,20.98211,77,17
1631130480,21.0,21.0,20.94,20.98,20.98077,47,23
1631130485,20.91,20.9899,20.8,20.8,20.89009,101,38
1631130490,20.85,20.9,20.8,20.9,20.84403,89,19
1631130495,20.8867,20.8999,20.855,20.88,20.85967,61,8
1631130500,20.8999,20.8999,20.8601,20.88,20.88217,15,6
1631130505,20.89,20.89,20.89,20.89,20.89,5,1
1631130510,20.8615,20.87,20.855,20.855,20.862,26,13
1631130515,20.87,20.9125,20.8301,20.89,20.89027,130,42
1631130520,20.915,20.95,20.915,20.95,20.93944,27,5
1631130525,20.9499,20.9499,20.93,20.9499,20.94421,3,3
1631130530,20.95,20.9899,20.95,20.96,20.95639,79,18
1631130535,20.96,20.9895,20.95,20.9675,20.96686,76,20
1631130540,20.96,20.97,20.9301,20.9628,20.95174,144,22
1631130545,20.9628,20.9628,20.93,20.945,20.95377,31,6
1631130550,20.9299,21.02,20.915,21.0124,20.97575,196,61
1631130555,21.0057,21.07,20.9803,21.035,21.03566,139,38
1631130560,21.07,21.1,21.04,21.0995,21.07929,122,39
1631130565,21.0501,21.14,21.05,21.14,21.09196,176,55
1631130570,21.1399,21.15,21.08,21.1499,21.1155,132,43
1631130575,21.1001,21.25,21.1,21.25,21.17732,361,96
1631130580,21.235,21.28,21.2,21.28,21.2434,417,129
1631130585,21.2717,21.31,21.25,21.251,21.28615,172,72
1631130590,21.274,21.33,21.2,21.33,21.25414,184,77
1631130595,21.33,21.33,21.15,21.22,21.23387,197,82
1631130600,21.2215,21.2878,21.21,21.27,21.24651,149,38
1631130605,21.27,21.29,21.2201,21.26,21.26578,89,30
1631130610,21.2301,21.24,21.12,21.13,21.19688,356,75
1631130615,21.165,21.2,21.14,21.194,21.1706,53,19
1631130620,21.1739,21.23,21.1457,21.19,21.19218,110,59
1631130625,21.1992,21.28,21.1807,21.2796,21.23313,138,42
1631130630,21.28,21.325,21.2386,21.26,21.28023,212,60
1631130635,21.265,21.38,21.2558,21.3504,21.32688,443,104
1631130640,21.37,21.4,21.15,21.2018,21.27545,348,98
1631130645,21.361,21.361,21.17,21.2096,21.24259,116,24
1631130650,21.245,21.3,21.2001,21.2999,21.25276,98,31
1631130655,21.25,21.3,21.2,21.263,21.24822,43,17
1631130660,21.21,21.21,21.12,21.1913,21.17264,181,58
1631130665,21.2,21.2,21.1205,21.1205,21.17528,48,16
1631130670,21.16,21.19,21.08,21.16,21.1199,304,56
1631130675,21.16,21.1784,21.135,21.1784,21.16192,57,22
1631130680,21.1699,21.1699,21.09,21.1599,21.13829,68,30
1631130685,21.16,21.17,21.0,21.0694,21.09626,217,56
1631130690,21.045,21.1516,21.045,21.1365,21.09084,59,30
1631130695,21.0001,21.15,21.0001,21.11,21.04939,234,23
1631130700,21.0572,21.135,21.05,21.1232,21.09483,82,23
1631130705,21.14,21.16,21.1,21.15,21.13121,98,22
1631130710,21.149,21.16,21.11,21.146,21.1408,17,9
1631130715,21.15,21.23,21.14,21.23,21.16293,93,32
1631130720,21.22,21.2205,21.17,21.2199,21.19415,49,21
1631130725,21.2041,21.23,21.16,21.22,21.20663,109,37
1631130730,21.23,21.23,21.17,21.1796,21.19248,60,17
1631130735,21.19,21.2409,21.1601,21.2409,21.1979,56,26
1631130740,21.21,21.25,21.21,21.25,21.24009,63,24
1631130745,21.28,21.3,21.25,21.2999,21.27634,181,46
1631130750,21.2827,21.31,21.24,21.2793,21.27691,171,56
1631130755,21.3048,21.35,21.3,21.33,21.31813,89,28
1631130760,21.315,21.35,21.2701,21.35,21.30787,148,65
1631130765,21.34,21.35,21.28,21.28,21.32635,145,51
1631130770,21.2801,21.339,21.2,21.3,21.28832,132,54
1631130775,21.255,21.3008,21.1701,21.24,21.2631,124,30
1631130780,21.1963,21.2993,21.1963,21.23,21.26156,143,39
1631130785,21.2827,21.29,21.23,21.2468,21.27315,223,42
1631130790,21.29,21.29,21.22,21.29,21.26738,51,18
1631130795,21.27,21.28,21.25,21.26,21.2576,45,10
1631130800,21.26,21.28,21.24,21.28,21.25907,112,29
1631130805,21.2799,21.35,21.26,21.35,21.32038,271,90
1631130810,21.35,21.35,21.3301,21.35,21.34704,121,66
1631130815,21.3301,21.35,21.3301,21.3419,21.34056,142,52
1631130820,21.35,21.47,21.34,21.44,21.40431,382,141
1631130825,21.42,21.48,21.38,21.44,21.42558,300,176
1631130830,21.4394,21.4794,21.4,21.44,21.41585,116,54
1631130835,21.43,21.47,21.42,21.45,21.4509,87,36
1631130840,21.4201,21.49,21.4201,21.48,21.46632,153,44
1631130845,21.4876,21.55,21.46,21.549,21.50805,554,179
1631130850,21.535,21.55,21.47,21.5496,21.52005,272,115
1631130855,21.5499,21.63,21.52,21.61,21.57579,257,95
1631130860,21.61,21.62,21.46,21.5499,21.54085,347,110
1631130865,21.5001,21.55,21.4311,21.489,21.47439,128,47
1631130870,21.44,21.4999,21.3,21.31,21.37216,389,81
1631130875,21.375,21.4399,21.31,21.3897,21.39757,29,9
1631130880,21.35,21.4,21.33,21.3914,21.36764,72,23
1631130885,21.3491,21.48,21.34,21.4799,21.44626,248,63
1631130890,21.4795,21.58,21.42,21.58,21.50116,105,28
1631130895,21.532,21.57,21.4013,21.465,21.48229,181,43
1631130900,21.5219,21.5287,21.4501,21.48,21.49615,51,19
1631130905,21.495,21.58,21.4501,21.54,21.52495,227,79
1631130910,21.6,21.75,21.5301,21.74,21.66632,501,177
1631130915,21.71,21.8199,21.671,21.75,21.74724,387,98
1631130920,21.7878,21.83,21.6,21.7714,21.73504,409,128
1631130925,21.758,21.8,21.66,21.7226,21.68487,120,26
1631130930,21.709,21.75,21.6666,21.75,21.73502,102,29
1631130935,21.7632,21.7999,21.66,21.705,21.73774,157,60
1631130940,21.7,21.7,21.51,21.68,21.59568,357,94
1631130945,21.6709,21.75,21.645,21.71,21.70591,178,53
1631130950,21.6801,21.75,21.6801,21.7396,21.72119,102,24
1631130955,21.75,21.78,21.71,21.7301,21.73803,325,67
1631130960,21.7743,21.7795,21.73,21.77,21.75629,113,36
1631130965,21.7777,21.79,21.755,21.7851,21.77257,157,43
1631130970,21.7801,21.85,21.78,21.8001,21.80696,323,73
1631130975,21.85,21.88,21.7,21.7,21.84314,589,152
1631130980,21.71,21.86,21.64,21.64,21.73246,273,77
1631130985,21.7079,21.77,21.6,21.686,21.67899,119,36
1631130990,21.6999,21.97,21.67,21.97,21.82446,570,201
1631130995,21.97,22.0,21.78,21.93,21.94166,383,166
1631131000,21.91,21.96,21.7901,21.9099,21.9199,134,54
1631131005,21.8415,21.96,21.8371,21.905,21.89594,203,57
1631131010,21.9589,21.96,21.885,21.9272,21.9398,230,98
1631131015,21.9321,21.96,21.9,21.9497,21.94783,279,77
1631131020,21.929,21.95,21.8849,21.929,21.91516,182,84
1631131025,21.897,21.97,21.85,21.96,21.9249,322,96
1631131030,21.97,22.0,21.9001,21.98,21.99112,477,161
1631131035,22.0,22.0,21.9701,21.9706,21.98568,241,58
1631131040,21.99,21.99,21.91,21.94,21.96346,255,79
1631131045,21.9213,21.9783,21.91,21.9699,21.94473,83,25
1631131050,21.945,21.97,21.9283,21.95,21.95588,162,52
1631131055,21.9692,22.0,21.95,22.0,21.99327,370,88
1631131060,21.9912,22.15,21.95,22.07,22.03653,819,206
1631131065,22.085,22.15,22.06,22.1305,22.12199,303,73
1631131070,22.14,22.3,22.1301,22.2929,22.21399,384,150
1631131075,22.3,22.44,22.2401,22.4288,22.34824,598,143
1631131080,22.4419,22.49,22.1907,22.31,22.35752,672,248
1631131085,22.4281,22.45,22.24,22.41,22.33518,169,65
1631131090,22.43,22.45,22.3047,22.34,22.40125,362,90
1631131095,22.345,22.3725,22.25,22.25,22.31637,153,47
1631131100,22.27,22.4,22.22,22.3934,22.30868,316,136
1631131105,22.3717,22.5,22.37,22.4001,22.456,397,101
1631131110,22.4699,22.47,22.35,22.36,22.39867,323,114
1631131115,22.4,22.47,22.2519,22.409,22.43452,394,108
1631131120,22.405,22.56,22.4,22.56,22.46772,705,192
1631131125,22.5387,22.58,22.5,22.52,22.54608,448,196
1631131130,22.5,22.56,22.44,22.5184,22.49,425,140
1631131135,22.505,22.5373,22.46,22.5,22.49195,180,79
1631131140,22.5,22.6093,22.4601,22.5925,22.54831,525,165
1631131145,22.61,22.63,22.55,22.62,22.60067,260,139
1631131150,22.56,22.62,22.5,22.5698,22.54795,389,124
1631131155,22.57,22.7,22.5,22.6367,22.62908,449,131
1631131160,22.64,22.75,22.62,22.747,22.69323,485,167
1631131165,22.7499,22.9,22.67,22.8238,22.79389,812,307
1631131170,22.8069,22.8799,22.58,22.6556,22.7153,788,228
1631131175,22.665,22.92,22.59,22.8501,22.81089,458,162
1631131180,22.861,22.94,22.8,22.8186,22.87711,303,115
1631131185,22.8948,23.0,22.8948,22.9904,22.97687,866,235
1631131190,22.9996,23.15,22.92,23.0783,23.05512,425,135
1631131195,23.15,23.2699,23.0701,23.1647,23.18559,667,155
1631131200,23.25,23.25,23.12,23.12,23.16067,317,8
1631131205,23.15,23.2,22.49,23.2,22.74642,66,36
1631131210,22.64,23.17,22.64,22.77,22.83889,49,15
1631131215,22.95,23.03,22.83,22.98,22.94159,29,18
1631131220,22.89,23.06,22.89,23.0,22.99929,43,18
1631131225,23.0,23.18,22.88,23.18,23.01004,133,31
1631131230,23.18,23.19,23.0,23.19,23.13291,25,13
1631131235,23.2,23.46,23.16,23.21,23.31259,186,53
1631131240,23.22,23.5,23.21,23.5,23.47647,104,38
1631131245,23.44,23.5,23.3,23.5,23.42579,84,31
1631131250,23.49,23.75,23.42,23.66,23.5361,238,65
1631131255,23.53,23.73,23.43,23.43,23.50703,104,49
1631131260,23.44,23.5,23.25,23.32,23.3924,240,36
1631131265,23.36,23.39,23.29,23.35,23.35517,15,10
1631131270,23.34,23.39,23.25,23.35,23.27514,47,23
1631131275,23.26,23.36,23.26,23.35,23.35281,44,19
1631131280,23.35,23.36,23.35,23.35,23.35059,50,24
1631131285,23.355,23.355,23.25,23.25,23.30253,53,34
1631131290,23.26,23.26,23.1,23.1,23.18829,131,20
1631131295,23.08,23.17,23.06,23.17,23.09318,32,24
1631131300,23.11,23.16,23.06,23.06,23.09407,27,11
1631131305,23.11,23.11,23.0,23.0,23.02001,164,48
1631131310,23.005,23.01,23.0,23.0,23.00354,16,7
1631131315,22.99,22.99,22.99,22.99,22.99,19,5
1631131320,22.985,22.99,22.89,22.9,22.9462,47,11
1631131325,22.89,22.8999,22.88,22.885,22.88712,11,6
1631131330,22.89,22.89,22.78,22.78,22.87786,85,21
1631131335,22.79,22.9,22.71,22.73,22.83422,94,41
1631131340,22.79,22.9,22.76,22.8,22.83088,55,23
1631131345,22.88,22.89,22.77,22.77,22.81515,16,11
1631131350,22.85,22.89,22.77,22.78,22.82837,54,22
1631131355,22.77,22.88,22.75,22.77,22.76635,37,11
1631131360,22.79,22.8,22.75,22.75,22.76584,12,7
1631131365,22.77,22.77,22.64,22.64,22.73549,36,20
1631131370,22.64,22.73,22.62,22.7,22.68986,31,12
1631131375,22.75,22.75,22.72,22.74,22.73768,24,10
1631131380,22.75,22.75,22.73,22.75,22.738,6,5
1631131385,22.74,22.75,22.55,22.65,22.69384,148,42
1631131390,22.56,22.6,22.5,22.56,22.55731,34,18
1631131395,22.5,22.55,22.48,22.55,22.51172,59,20
1631131400,22.55,22.75,22.53,22.7,22.60802,92,32
1631131405,22.63,22.65,22.57,22.61,22.6294,18,9
1631131410,22.61,22.64,22.605,22.61,22.62058,13,9
1631131415,22.62,22.75,22.6,22.75,22.67964,123,39
1631131420,22.7,22.75,22.7,22.7,22.73273,43,13
1631131425,22.72,22.72,22.55,22.625,22.62344,47,22
1631131430,22.6,22.6,22.5,22.5,22.51849,59,20
1631131435,22.5,22.55,22.39,22.425,22.48299,31,17
1631131440,22.45,22.45,22.25,22.41,22.37824,188,31
1631131445,22.3101,22.3101,22.3101,22.3101,22.3101,1,1
1631131450,22.4,22.45,22.33,22.45,22.41493,198,37
1631131455,22.45,22.45,22.37,22.43,22.42832,63,24
1631131460,22.4101,22.45,22.39,22.45,22.42133,37,16
1631131465,22.5,22.52,22.41,22.52,22.49307,40,17
1631131470,22.55,22.55,22.5,22.515,22.51935,18,9
1631131475,22.53,22.53,22.5,22.5,22.512,10,6
1631131480,22.5,22.5,22.4501,22.4501,22.49647,35,13
1631131485,22.42,22.5,22.4,22.5,22.42899,58,10
1631131490,22.4,22.5,22.4,22.445,22.46817,24,9
1631131495,22.49,22.49,22.4,22.4,22.41576,22,6
1631131500,22.45,22.5,22.44,22.5,22.4892,46,12
1631131505,22.5,22.53,22.41,22.53,22.49801,60,15
1631131510,22.53,22.56,22.45,22.56,22.52511,37,16
1631131515,22.56,22.56,22.52,22.56,22.54235,17,8
1631131520,22.56,22.59,22.56,22.56,22.56944,12,7
1631131525,22.59,22.59,22.56,22.58,22.5786,8,5
1631131530,22.59,22.7,22.59,22.6,22.6445,56,26
1631131535,22.6,22.7,22.6,22.7,22.67802,27,11
1631131540,22.7,22.73,22.7,22.7,22.70398,41,10
1631131545,22.7,22.74,22.7,22.74,22.71662,23,14
1631131550,22.73,22.75,22.7,22.7,22.74177,38,14
1631131555,22.75,22.83,22.75,22.83,22.77976,71,30
1631131560,22.815,22.815,22.8,22.8,22.80568,16,7
1631131565,22.8,22.83,22.7,22.82,22.78053,67,20
1631131570,22.8,22.83,22.69,22.69,22.74907,66,15
1631131575,22.69,22.75,22.67,22.75,22.70399,9,6
1631131580,22.75,22.79,22.75,22.75,22.75695,11,5
1631131585,22.75,22.77,22.75,22.75,22.7512,49,11
1631131590,22.75,22.8,22.75,22.75,22.75747,19,10
1631131595,22.7,22.75,22.7,22.75,22.74063,6,3
1631131600,22.725,22.77,22.7,22.75,22.74735,16,7
1631131605,22.77,22.77,22.75,22.75,22.754,5,4
1631131610,22.7,22.75,22.6601,22.75,22.69239,9,4
1631131615,22.7,22.7,22.7,22.7,22.7,3,2
1631131620,22.66,22.75,22.66,22.75,22.72604,16,8
1631131625,22.69,22.7,22.69,22.7,22.69824,17,5
1631131630,22.69,22.695,22.69,22.69,22.69167,3,3
1631131635,22.69,22.695,22.69,22.695,22.69215,3,2
1631131640,22.69,22.69,22.65,22.66,22.67275,15,7
1631131645,22.65,22.66,22.19,22.47,22.51118,111,58
1631131650,22.41,22.41,22.41,22.41,22.41,8,7
1631131655,22.4,22.4,22.38,22.38,22.39035,4,4
1631131660,22.38,22.38,22.38,22.38,22.38,8,5
1631131665,22.35,22.41,22.26,22.26,22.3706,35,18
1631131670,22.41,22.5,22.39,22.39,22.42821,23,5
1631131675,22.38,22.5,22.33,22.33,22.38244,17,6
1631131680,22.36,22.5,22.36,22.5,22.39721,22,9
1631131685,22.4,22.41,22.4,22.4,22.40133,15,5
1631131690,22.55,22.55,22.53,22.54,22.544,5,3
1631131695,22.5,22.5,22.5,22.5,22.5,10,2
1631131700,22.48,22.55,22.45,22.55,22.49579,28,7
1631131705,22.56,22.56,22.56,22.56,22.56,2,1
1631131710,22.58,22.65,22.58,22.65,22.602,30,9
1631131715,22.65,22.65,22.65,22.65,22.65,10,6
1631131720,22.65,22.7,22.65,22.65,22.68899,21,11
1631131725,22.7,22.75,22.7,22.75,22.74413,18,5
1631131730,22.74,22.75,22.58,22.75,22.705,4,4
1631131735,22.65,22.65,22.63,22.63,22.64584,10,3
1631131740,22.65,22.65,22.6,22.6,22.62349,9,3
1631131745,22.6,22.6,22.6,22.6,22.6,70,10
1631131750,22.7,22.75,22.58,22.7,22.69459,27,5
1631131755,22.7,22.7,22.7,22.7,22.7,0,0
1631131760,22.61,22.61,22.61,22.61,22.61,9,3
1631131765,22.61,22.61,22.61,22.61,22.61,1,1
1631131770,22.6,22.69,22.6,22.69,22.68609,57,2
1631131775,22.6,22.64,22.6,22.64,22.6069,11,4
1631131780,22.64,22.64,22.64,22.64,22.64,0,0
1631131785,22.61,22.68,22.6,22.68,22.63985,34,6
1631131790,22.69,22.75,22.69,22.75,22.71749,31,13
1631131795,22.73,22.8,22.69,22.8,22.78985,77,20
1631131800,22.78,22.85,22.78,22.85,22.81881,24,13
1631131805,22.8,23.02,22.8,23.02,22.94069,308,69
1631131810,22.99,23.0,22.86,22.94,22.95618,12,6
1631131815,22.95,22.95,22.86,22.91,22.94027,18,6
1631131820,22.91,22.95,22.81,22.91,22.87921,50,21
1631131825,22.85,22.95,22.8,22.95,22.86634,22,7
1631131830,22.94,23.0,22.84,22.95,22.95105,85,30
1631131835,23.0,23.08,22.95,23.08,23.01094,43,23
1631131840,23.06,23.06,22.9,23.0,22.99677,97,20
1631131845,23.02,23.08,22.85,22.9799,22.99483,107,21
1631131850,22.96,22.98,22.876,22.876,22.95949,54,21
1631131855,22.95,22.96,22.69,22.96,22.79714,60,19
1631131860,22.9,22.97,22.9,22.97,22.93201,21,3
1631131865,22.93,22.93,22.8,22.8,22.85591,59,14
1631131870,22.86,22.9,22.8,22.9,22.866,10,7
1631131875,22.85,22.85,22.85,22.85,22.85,25,3
1631131880,22.83,22.9,22.83,22.88,22.88704,7,3
1631131885,22.88,22.9,22.8001,22.8001,22.85767,15,8
1631131890,22.9,22.9,22.8001,22.85,22.8622,26,7
1631131895,22.85,22.88,22.85,22.88,22.8522,42,12
1631131900,22.88,22.88,22.85,22.85,22.8539,15,4
1631131905,22.88,22.88,22.86,22.86,22.86898,3,2
1631131910,22.85,22.9,22.85,22.9,22.88208,32,11
1631131915,22.92,22.96,22.9,22.96,22.92991,22,8
1631131920,22.91,23.0,22.91,23.0,22.99697,81,15
1631131925,23.0,23.05,23.0,23.05,23.01017,43,10
1631131930,23.0,23.1,23.0,23.1,23.06448,41,16
1631131935,23.1,23.15,23.05,23.05,23.10637,63,23
1631131940,23.15,23.16,23.105,23.15,23.14567,22,12
1631131945,23.16,23.3,23.16,23.2,23.21638,139,34
1631131950,23.22,23.45,23.22,23.4,23.35803,111,40
1631131955,23.45,23.55,23.4,23.53,23.47721,172,56
1631131960,23.5,23.69,23.48,23.67,23.57553,101,44
1631131965,23.69,23.7,23.6,23.69,23.65146,99,31
1631131970,23.65,23.66,23.5,23.66,23.61157,206,63
1631131975,23.6,23.75,23.5,23.75,23.65544,93,28
1631131980,23.73,23.81,23.69,23.7,23.76203,73,29
1631131985,23.69,23.77,23.66,23.77,23.72807,131,29
1631131990,23.67,23.85,23.66,23.85,23.77311,96,40
1631131995,23.81,23.81,23.7,23.7,23.7825,25,15
1631132000,23.7,23.7599,23.59,23.72,23.65472,90,35
1631132005,23.63,23.73,23.58,23.72,23.66943,80,30
1631132010,23.62,23.76,23.58,23.76,23.69356,89,31
1631132015,23.66,23.75,23.6,23.69,23.65488,18,14
1631132020,23.665,23.7,23.6,23.6,23.68183,36,7
1631132025,23.665,23.7,23.6,23.7,23.68,58,22
1631132030,23.7,23.7,23.6,23.68,23.66104,41,13
1631132035,23.7,23.7,23.63,23.65,23.66066,27,10
1631132040,23.65,23.65,23.55,23.55,23.58274,69,18
1631132045,23.555,23.555,22.92,23.17,23.32468,127,53
1631132050,23.37,23.37,23.08,23.35,23.27,20,6
1631132055,23.17,23.37,23.13,23.2,23.23705,37,14
1631132060,23.22,23.3,23.22,23.25,23.25974,14,10
1631132065,23.25,23.33,23.25,23.33,23.27888,25,7
1631132070,23.34,23.3999,23.3,23.33,23.37078,24,10
1631132075,23.35,23.47,23.3,23.3,23.31998,37,9
1631132080,23.35,23.35,23.3,23.3,23.3125,8,3
1631132085,23.34,23.4,23.34,23.4,23.36289,45,10
1631132090,23.42,23.44,23.36,23.4,23.40521,34,10
1631132095,23.4,23.5,23.4,23.5,23.47204,43,19
1631132100,23.5,23.5,23.45,23.45,23.48012,16,5
1631132105,23.44,23.5,23.44,23.49,23.48183,70,9
1631132110,23.4,23.46,23.4,23.46,23.41599,11,6
1631132115,23.435,23.435,23.435,23.435,23.435,5,2
1631132120,23.41,23.46,23.4,23.46,23.43527,12,5
1631132125,23.4,23.45,23.4,23.4,23.40401,13,3
1631132130,23.45,23.45,23.4,23.44,23.408,20,11
1631132135,23.45,23.46,23.45,23.46,23.4518,5,2
1631132140,23.42,23.42,23.42,23.42,23.42,4,2
1631132145,23.42,23.49,23.3,23.3,23.38333,65,19
1631132150,23.3,23.3,23.3,23.3,23.3,8,1
1631132155,23.32,23.3201,23.32,23.3201,23.32009,11,2
1631132160,23.32,23.32,23.31,23.32,23.31821,5,3
1631132165,23.32,23.35,23.3,23.32,23.31302,43,4
1631132170,23.35,23.44,23.33,23.44,23.39658,40,14
1631132175,23.43,23.43,23.38,23.43,23.42231,13,3
1631132180,23.42,23.42,23.4,23.4,23.40488,4,3
1631132185,23.44,23.44,23.32,23.32,23.34182,11,2
1631132190,23.4,23.42,23.4,23.42,23.41134,27,6
1631132195,23.4,23.42,23.4,23.42,23.41,4,4
1631132200,23.42,23.42,23.42,23.42,23.42,0,0
1631132205,23.3401,23.3401,23.3401,23.3401,23.3401,2,1
1631132210,23.35,23.35,23.34,23.34,23.34406,3,2
1631132215,23.32,23.32,23.32,23.32,23.32,5,1
1631132220,23.32,23.35,23.32,23.35,23.33638,33,5
1631132225,23.33,23.42,23.32,23.4,23.35332,59,13
1631132230,23.4,23.4,23.4,23.4,23.4,3,1
1631132235,23.42,23.47,23.4,23.47,23.41765,187,35
1631132240,23.47,23.49,23.42,23.47,23.47968,29,7
1631132245,23.49,23.55,23.48,23.55,23.49849,253,46
1631132250,23.545,23.63,23.545,23.63,23.59503,18,12
1631132255,23.64,23.66,23.57,23.57,23.62713,58,25
1631132260,23.67,23.67,23.55,23.55,23.59288,16,10
1631132265,23.63,23.65,23.51,23.55,23.57178,57,23
1631132270,23.55,23.64,23.55,23.64,23.61119,83,23
1631132275,23.64,23.73,23.6,23.73,23.69462,96,33
1631132280,23.75,23.75,23.67,23.75,23.72341,90,20
1631132285,23.72,23.8,23.68,23.8,23.72444,149,26
1631132290,23.8,23.8,23.76,23.8,23.77949,42,12
1631132295,23.76,23.8,23.7,23.7,23.74231,28,13
1631132300,23.735,23.79,23.65,23.71,23.75,77,21
1631132305,23.7001,23.7001,23.65,23.67,23.66099,46,18
1631132310,23.65,23.7,23.635,23.7,23.6592,91,17
1631132315,23.8,23.85,23.71,23.85,23.77718,158,41
1631132320,23.87,24.1,23.85,24.1,23.96752,477,143
1631132325,24.08,24.11,23.96,24.0,24.0607,85,39
1631132330,24.03,24.08,23.96,24.0,24.0021,70,31
1631132335,24.0,24.11,23.99,24.1,24.06659,147,35
1631132340,24.11,24.11,24.08,24.09,24.0929,44,17
1631132345,24.09,24.14,24.03,24.13,24.10387,72,24
1631132350,24.12,24.15,24.11,24.15,24.13749,53,27
1631132355,24.15,24.16,23.77,24.0,24.03183,308,81
1631132360,23.85,24.0,23.8,24.0,23.93925,56,22
1631132365,24.08,24.08,23.95,24.06,24.02457,40,13
1631132370,24.0,24.0,23.9,23.98,23.99054,42,11
1631132375,23.99,24.02,23.95,24.02,23.99,18,8
1631132380,23.95,24.06,23.95,24.0,24.00622,26,17
1631132385,24.0,24.1,23.98,24.08,24.02272,105,24
1631132390,24.07,24.1,24.01,24.01,24.06974,54,15
1631132395,24.09,24.1,24.01,24.1,24.08354,90,22
1631132400,24.12,24.14,24.07,24.11,24.089,41,14
1631132405,24.1,24.11,24.08,24.1,24.09854,38,14
1631132410,24.11,24.11,24.08,24.08,24.09875,52,14
1631132415,24.09,24.2,24.09,24.11,24.13945,135,34
1631132420,24.11,24.15,24.11,24.11,24.12951,39,10
1631132425,24.11,24.2,24.05,24.2,24.12352,196,29
1631132430,24.17,24.35,24.17,24.3499,24.24131,161,49
1631132435,24.23,24.4,24.22,24.4,24.33878,36,17
1631132440,24.41,24.45,24.4,24.4,24.40796,65,25
1631132445,24.4,24.45,24.4,24.43,24.4349,96,20
1631132450,24.45,24.5,24.43,24.5,24.49241,432,72
1631132455,24.49,24.59,24.43,24.55,24.5064,125,35
1631132460,24.56,24.59,24.5,24.57,24.54288,89,32
1631132465,24.54,24.7,24.53,24.7,24.59316,145,49
1631132470,24.6,24.7,24.5,24.5,24.54876,323,60
1631132475,24.5,24.56,24.5,24.53,24.52435,53,25
1631132480,24.59,24.7,24.5,24.7,24.58356,107,32
1631132485,24.59,24.69,24.55,24.55,24.56614,147,20
1631132490,24.56,24.56,24.45,24.45,24.49184,343,81
1631132495,24.45,24.46,24.38,24.38,24.44117,115,25
1631132500,24.46,24.46,24.3,24.38,24.37626,100,23
1631132505,24.38,24.4,24.33,24.4,24.34659,24,7
1631132510,24.34,24.49,24.34,24.4,24.45566,100,21
1631132515,24.41,24.49,24.38,24.44,24.42411,38,10
1631132520,24.44,24.44,24.44,24.44,24.44,3,2
1631132525,24.44,24.5,24.38,24.42,24.45354,90,27
1631132530,24.49,24.6,24.49,24.6,24.55449,130,44
1631132535,24.6,24.7,24.58,24.6,24.62594,65,20
1631132540,24.67,24.69,24.58,24.69,24.62483,32,12
1631132545,24.66,24.7,24.66,24.66,24.68146,89,26
1631132550,24.66,24.7,24.6,24.64,24.64883,104,29
1631132555,24.64,24.67,24.5,24.67,24.62444,82,18
1631132560,24.59,24.62,24.5801,24.6,24.60701,45,9
1631132565,24.62,24.62,24.55,24.55,24.59495,42,17
1631132570,24.5501,24.57,24.54,24.54,24.5491,43,13
1631132575,24.5,24.5,24.45,24.45,24.49609,40,21
1631132580,24.46,24.46,24.4,24.4,24.44658,40,12
1631132585,24.42,24.45,24.38,24.38,24.41259,22,13
1631132590,24.35,24.38,24.01,24.11,24.2341,121,33
1631132595,24.12,24.27,24.12,24.18,24.22814,15,7
1631132600,24.18,24.27,24.03,24.08,24.11555,63,20
1631132605,24.05,24.2,24.02,24.2,24.10157,32,11
1631132610,24.09,24.14,24.06,24.14,24.08937,13,8
1631132615,24.0701,24.15,24.06,24.0601,24.08951,58,12
1631132620,24.03,24.1,24.03,24.03,24.0467,23,8
1631132625,24.1,24.1,24.0,24.0,24.00767,155,33
1631132630,24.0,24.06,24.0,24.01,24.00807,41,16
1631132635,24.04,24.15,24.04,24.1,24.09125,54,16
1631132640,24.06,24.11,24.06,24.1,24.09198,16,9
1631132645,24.1,24.1,24.02,24.1,24.0804,18,11
1631132650,24.1,24.15,24.07,24.1,24.103,35,8
1631132655,24.15,24.15,24.1,24.1,24.12273,2,2
1631132660,24.15,24.17,24.1,24.1,24.1265,20,6
1631132665,24.15,24.16,24.15,24.16,24.15212,9,5
1631132670,24.1599,24.1599,24.15,24.15,24.15198,5,4
1631132675,24.15,24.25,24.1499,24.25,24.16996,91,17
1631132680,24.28,24.3,24.17,24.3,24.24677,33,20
1631132685,24.29,24.29,24.22,24.27,24.26617,7,4
1631132690,24.29,24.35,24.24,24.24,24.29264,40,18
1631132695,24.29,24.36,24.24,24.24,24.27873,40,12
1631132700,24.3,24.34,24.25,24.25,24.27698,21,7
1631132705,24.27,24.39,24.27,24.3,24.31448,31,12
1631132710,24.35,24.39,24.34,24.37,24.36348,16,8
1631132715,24.39,24.39,24.25,24.38,24.3211,52,21
1631132720,24.25,24.39,24.24,24.39,24.28826,16,5
1631132725,24.38,24.38,24.24,24.24,24.28285,17,5
1631132730,24.35,24.39,24.35,24.39,24.38332,10,5
1631132735,24.35,24.39,24.35,24.39,24.37286,7,3
1631132740,24.3,24.32,24.24,24.24,24.26365,38,10
1631132745,24.24,24.27,24.2,24.2,24.23956,22,11
1631132750,24.19,24.2,24.12,24.12,24.187,12,7
1631132755,24.12,24.12,24.11,24.11,24.11156,9,6
1631132760,24.11,24.15,24.1,24.15,24.12529,5,5
1631132765,24.15,24.2,24.11,24.11,24.16115,19,9
1631132770,24.1,24.2,24.1,24.11,24.12216,43,7
1631132775,24.15,24.17,24.15,24.15,24.16026,19,6
1631132780,24.15,24.17,24.15,24.17,24.15916,21,3
1631132785,24.17,24.2,24.15,24.15,24.17634,30,8
1631132790,24.16,24.19,24.16,24.19,24.1818,13,3
1631132795,24.18,24.18,24.18,24.18,24.18,19,2
1631132800,24.1601,24.2,24.1601,24.2,24.16479,34,3
1631132805,24.24,24.26,24.21,24.22,24.25427,52,12
1631132810,24.23,24.25,24.23,24.23,24.234,5,4
1631132815,24.24,24.39,24.23,24.39,24.35629,310,23
1631132820,24.39,24.44,24.39,24.44,24.39678,71,13
1631132825,24.41,24.55,24.4,24.5,24.50215,76,35
1631132830,24.53,24.65,24.53,24.56,24.61759,120,34
1631132835,24.66,24.67,24.56,24.67,24.56958,68,6
1631132840,24.664,24.68,24.56,24.68,24.64881,69,31
1631132845,24.68,24.72,24.68,24.72,24.70329,149,40
1631132850,24.68,24.84,24.68,24.8,24.74727,244,61
1631132855,24.84,24.86,24.77,24.81,24.8358,46,20
1631132860,24.78,24.78,24.7,24.78,24.76606,156,44
1631132865,24.8,24.8,24.7,24.77,24.7643,35,12
1631132870,24.78,24.7999,24.74,24.75,24.76231,57,11
1631132875,24.77,24.78,24.75,24.77,24.77044,20,9
1631132880,24.77,24.78,24.5,24.51,24.70086,185,38
1631132885,24.6,24.63,24.6,24.6,24.60629,17,10
1631132890,24.64,24.65,24.6,24.6,24.61735,37,18
1631132895,24.6,24.64,24.55,24.55,24.58497,9,4
1631132900,24.65,24.65,24.6,24.63,24.63092,21,11
1631132905,24.6,24.65,24.57,24.57,24.60914,17,6
1631132910,24.57,24.6,24.5,24.5,24.51335,124,37
1631132915,24.5,24.5,24.45,24.5,24.48155,49,22
1631132920,24.51,24.51,24.46,24.46,24.48534,40,15
1631132925,24.49,24.49,24.45,24.45,24.46897,24,5
1631132930,24.45,24.49,24.4,24.4,24.46234,23,10
1631132935,24.46,24.46,24.4,24.4,24.45,6,2
1631132940,24.49,24.49,24.39,24.39,24.41351,7,4
1631132945,24.39,24.42,24.3,24.42,24.34053,43,15
1631132950,24.39,24.39,24.3001,24.31,24.30621,62,8
1631132955,24.31,24.39,24.3,24.3,24.31948,48,17
1631132960,24.37,24.37,24.3,24.35,24.35232,9,6
1631132965,24.33,24.35,24.15,24.31,24.31641,34,14
1631132970,24.3,24.35,24.3,24.31,24.31838,8,4
1631132975,24.35,24.35,24.2,24.2,24.25669,33,14
1631132980,24.2,24.37,24.16,24.16,24.2408,32,13
1631132985,24.2,24.2,24.18,24.19,24.18625,8,4
1631132990,24.19,24.2,24.16,24.16,24.1834,23,10
1631132995,24.17,24.2,24.13,24.13,24.1706,48,15
1631133000,24.13,24.3,24.12,24.18,24.20357,73,28
1631133005,24.1301,24.24,24.1301,24.24,24.21043,22,8
1631133010,24.3,24.32,24.24,24.24,24.29173,21,12
1631133015,24.3,24.36,24.3,24.36,24.33234,25,9
1631133020,24.37,24.37,24.36,24.37,24.3685,6,5
1631133025,24.37,24.37,24.3,24.3,24.34358,5,5
1631133030,24.3,24.4,24.3,24.4,24.37845,66,13
1631133035,24.37,24.46,24.32,24.41,24.3899,27,13
1631133040,24.37,24.46,24.37,24.41,24.4009,24,11
1631133045,24.45,24.45,24.41,24.41,24.42628,9,4
1631133050,24.46,24.46,24.37,24.37,24.444,10,5
1631133055,24.38,24.38,24.38,24.38,24.38,25,7
1631133060,24.38,24.38,24.37,24.37,24.37236,10,3
1631133065,24.37,24.38,24.37,24.38,24.37439,2,2
1631133070,24.39,24.4,24.33,24.4,24.38391,22,11
1631133075,24.4,24.5,24.38,24.38,24.42623,74,16
1631133080,24.43,24.49,24.43,24.43,24.45419,35,8
1631133085,24.48,24.49,24.4,24.41,24.41882,12,7
1631133090,24.42,24.42,24.4,24.42,24.40515,11,3
1631133095,24.46,24.5,24.44,24.49,24.48121,19,9
1631133100,24.49,24.5,24.46,24.5,24.49794,62,16
1631133105,24.5,24.53,24.5,24.52,24.51431,32,15
1631133110,24.5,24.94,24.43,24.57,24.70548,177,68
1631133115,24.57,24.7,24.55,24.59,24.61341,32,16
1631133120,24.69,24.69,24.59,24.63,24.61451,27,12
1631133125,24.69,24.73,24.61,24.61,24.67339,23,13
1631133130,24.7,24.7,24.61,24.61,24.6471,31,14
1631133135,24.6,24.6,24.5,24.53,24.53976,41,8
1631133140,24.68,24.68,24.53,24.6,24.5882,10,6
1631133145,24.644,24.68,24.55,24.56,24.65612,15,7
1631133150,24.65,24.68,24.6,24.6,24.67241,18,8
1631133155,24.6,24.79,24.6,24.79,24.72285,145,29
1631133160,24.79,24.84,24.7,24.84,24.78997,65,24
1631133165,24.84,24.88,24.72,24.72,24.81215,72,19
1631133170,24.72,24.9,24.68,24.79,24.73382,128,26
1631133175,24.79,24.8,24.66,24.8,24.74737,14,10
1631133180,24.82,24.82,24.7,24.7,24.77133,15,6
1631133185,24.7,24.8,24.7,24.75,24.74589,40,11
1631133190,24.71,24.75,24.71,24.75,24.73647,17,6
1631133195,24.72,24.75,24.6,24.7,24.7106,107,28
1631133200,24.6,24.75,24.6,24.7,24.71971,19,4
1631133205,24.7,24.8,24.7,24.7,24.72279,63,23
1631133210,24.8,24.84,24.74,24.74,24.8296,66,9
1631133215,24.7301,24.76,24.7301,24.76,24.74339,2,2
1631133220,24.78,24.8,24.75,24.77,24.77794,32,9
1631133225,24.75,24.8,24.7,24.79,24.7426,64,12
1631133230,24.7,24.77,24.676,24.77,24.74638,24,11
1631133235,24.71,24.81,24.71,24.81,24.77137,122,24
1631133240,24.82,24.82,24.7,24.8,24.77172,31,7
1631133245,24.71,24.8,24.71,24.8,24.7613,22,5
1631133250,24.7,24.71,24.68,24.68,24.7031,84,22
1631133255,24.7,24.75,24.69,24.75,24.71135,18,7
1631133260,24.8,24.8,24.8,24.8,24.8,28,11
1631133265,24.82,24.83,24.8,24.82,24.81647,31,14
1631133270,24.82,24.82,24.8,24.8,24.81111,4,3
1631133275,24.8,24.81,24.71,24.72,24.74864,75,15
1631133280,24.78,25.06,24.78,24.99,24.94217,708,177
1631133285,25.06,25.3,25.05,25.25,25.13093,186,55
1631133290,25.27,25.3,25.1,25.3,25.21017,74,35
1631133295,25.31,25.45,25.25,25.38,25.35646,125,38
1631133300,25.44,25.45,25.34,25.45,25.41454,85,30
1631133305,25.4,25.46,25.28,25.36,25.35441,115,38
1631133310,25.36,25.37,25.23,25.37,25.32652,52,19
1631133315,25.3,25.37,25.27,25.28,25.32085,15,11
1631133320,25.25,25.35,25.0,25.18,25.20782,294,56
1631133325,25.02,25.25,25.0,25.25,25.16551,61,33
1631133330,25.29,25.29,25.11,25.11,25.16745,37,18
1631133335,25.18,25.25,25.18,25.2,25.20428,23,8
1631133340,25.2,25.3,25.2,25.25,25.24479,31,14
1631133345,25.3,25.32,25.22,25.27,25.27564,32,17
1631133350,25.24,25.27,24.84,25.2,25.04366,135,53
1631133355,25.23,25.25,25.07,25.07,25.11731,23,15
1631133360,25.06,25.12,25.05,25.09,25.07838,32,14
1631133365,25.07,25.07,25.0,25.07,25.0325,24,13
1631133370,25.0,25.09,25.0,25.09,25.04578,70,22
1631133375,25.09,25.15,25.07,25.12,25.11228,23,13
1631133380,25.14,25.17,25.04,25.1,25.0701,63,16
1631133385,25.15,25.15,25.0,25.0,25.04328,62,21
1631133390,25.0,25.07,24.72,24.81,24.95612,97,36
1631133395,24.81,25.0,24.81,25.0,24.887,53,20
1631133400,24.97,25.2,24.9101,24.9401,25.01649,80,30
1631133405,25.0,25.06,25.0,25.06,25.0403,13,5
1631133410,25.01,25.06,25.0,25.0,25.01393,17,9
1631133415,25.04,25.13,25.04,25.1,25.10861,45,15
1631133420,25.15,25.2,25.06,25.15,25.14899,31,12
1631133425,25.15,25.25,25.09,25.2,25.22757,135,37
1631133430,25.22,25.3,25.21,25.3,25.26184,21,15
1631133435,25.21,25.3,25.2,25.2,25.23449,35,20
1631133440,25.21,25.28,25.21,25.28,25.25433,17,8
1631133445,25.28,25.4,25.25,25.4,25.36203,175,37
1631133450,25.4,25.4,25.31,25.36,25.36931,41,21
1631133455,25.39,25.4,25.3,25.4,25.35932,54,18
1631133460,25.38,25.38,25.3,25.32,25.32237,19,11
1631133465,25.32,25.4,25.18,25.19,25.28228,164,51
1631133470,25.18,25.29,25.13,25.29,25.17846,34,16
1631133475,25.2,25.25,25.2,25.25,25.2064,18,9
1631133480,25.2,25.2,25.2,25.2,25.2,1,1
1631133485,25.18,25.2,25.08,25.08,25.13869,58,17
1631133490,25.1,25.19,25.1,25.13,25.1372,12,8
1631133495,25.2,25.4,25.2,25.3,25.28692,59,27
1631133500,25.29,25.4,25.2,25.2,25.30955,30,13
1631133505,25.29,25.3,25.24,25.29,25.28914,15,9
1631133510,25.35,25.35,25.2,25.29,25.20921,30,12
1631133515,25.25,25.36,25.2,25.36,25.30829,26,8
1631133520,25.36,25.36,25.23,25.24,25.27422,41,6
1631133525,25.26,25.26,25.22,25.22,25.2464,18,7
1631133530,25.29,25.31,25.2,25.31,25.24776,14,10
1631133535,25.3,25.37,25.2,25.2001,25.303,58,12
1631133540,25.27,25.27,25.27,25.27,25.27,3,2
1631133545,25.27,25.29,25.24,25.24,25.2617,13,7
1631133550,25.25,25.27,25.13,25.13,25.18721,78,24
1631133555,25.24,25.24,25.19,25.19,25.21424,3,3
1631133560,25.18,25.2,25.18,25.2,25.19086,11,4
1631133565,25.16,25.3,25.16,25.29,25.25171,52,24
1631133570,25.3,25.31,25.17,25.29,25.2481,32,15
1631133575,25.25,25.45,25.25,25.45,25.39774,163,43
1631133580,25.46,25.49,25.3,25.47,25.4432,218,41
1631133585,25.45,25.45,25.36,25.4,25.40316,15,8
1631133590,25.39,25.4,25.32,25.36,25.37153,16,10
1631133595,25.36,25.4,25.18,25.25,25.30482,186,44
1631133600,25.18,25.25,25.15,25.24,25.19099,45,14
1631133605,25.23,25.24,25.18,25.18,25.21848,8,5
1631133610,25.18,25.25,25.17,25.19,25.20718,45,19
1631133615,25.15,25.2,25.08,25.13,25.13177,80,35
1631133620,25.13,25.13,25.08,25.09,25.10754,30,9
1631133625,25.09,25.09,25.01,25.01,25.06797,76,16
1631133630,25.0,25.04,25.0,25.0,25.01668,50,22
1631133635,25.02,25.06,25.0,25.0,25.0143,12,8
1631133640,25.0,25.0,24.88,24.93,24.97068,120,46
1631133645,24.89,25.0,24.89,24.97,24.93575,20,15
1631133650,24.97,24.97,24.89,24.94,24.93857,108,5
1631133655,24.89,24.89,24.88,24.88,24.88752,4,2
1631133660,24.94,24.94,24.89,24.93,24.91121,18,8
1631133665,24.9,24.95,24.81,24.92,24.88011,41,24
1631133670,24.81,24.93,24.81,24.83,24.89226,11,6
1631133675,24.88,24.88,24.84,24.84,24.87113,22,9
1631133680,24.85,24.89,24.83,24.83,24.87194,18,7
1631133685,24.88,24.88,24.88,24.88,24.88,2,1
1631133690,24.88,24.88,24.81,24.81,24.84487,9,7
1631133695,24.81,24.82,24.75,24.8,24.79021,9,7
1631133700,24.81,24.88,24.8,24.88,24.8241,26,13
1631133705,24.82,24.82,24.78,24.78,24.79184,39,9
1631133710,24.83,25.0,24.77,24.77,24.82487,24,13
1631133715,24.78,24.82,24.77,24.82,24.79426,33,13
1631133720,24.85,24.85,24.76,24.76,24.7887,20,13
1631133725,24.75,24.76,24.75,24.75,24.75069,57,10
1631133730,24.76,24.76,24.75,24.75,24.75128,164,34
1631133735,24.76,24.76,24.75,24.75,24.75422,36,7
1631133740,24.75,24.76,24.66,24.67,24.69805,34,11
1631133745,24.7,24.8,24.68,24.8,24.74461,56,22
1631133750,24.8,24.8,24.68,24.7,24.72268,44,12
1631133755,24.76,24.8,24.7,24.7,24.74832,41,12
1631133760,24.71,24.8,24.66,24.66,24.71061,41,21
1631133765,24.7,24.7,24.62,24.66,24.6642,47,16
1631133770,24.65,24.72,24.62,24.72,24.67514,40,18
1631133775,24.73,24.8,24.72,24.8,24.7425,33,12
1631133780,24.8,24.88,24.72,24.72,24.78508,120,28
1631133785,24.72,24.72,24.71,24.71,24.71387,4,3
1631133790,24.75,24.85,24.75,24.77,24.81389,16,9
1631133795,24.75,24.75,24.75,24.75,24.75,74,3
1631133800,24.78,24.79,24.7501,24.7501,24.77813,13,3
1631133805,24.76,24.81,24.76,24.8,24.7917,19,10
1631133810,24.85,24.85,24.75,24.77,24.77084,27,7
1631133815,24.85,24.87,24.81,24.81,24.85533,12,6
1631133820,24.8,24.8,24.8,24.8,24.8,10,7
1631133825,24.8,24.8,24.8,24.8,24.8,3,3
1631133830,24.8,24.83,24.8,24.83,24.80429,7,4
1631133835,24.79,24.8,24.78,24.78,24.786,10,6
1631133840,24.78,24.78,24.7,24.7,24.75642,219,52
1631133845,24.7,24.71,24.7,24.7,24.7038,25,9
1631133850,24.7,24.7,24.66,24.66,24.67387,8,4
1631133855,24.66,24.66,24.65,24.65,24.6572,14,9
1631133860,24.61,24.65,24.61,24.61,24.61753,13,5
1631133865,24.65,24.65,24.52,24.55,24.56805,21,11
1631133870,24.52,24.55,24.51,24.52,24.51585,33,8
1631133875,24.51,24.55,24.51,24.55,24.53834,17,8
1631133880,24.52,24.55,24.5,24.52,24.52137,38,16
1631133885,24.46,24.5,24.42,24.42,24.42788,26,7
1631133890,24.48,24.5,24.4,24.4,24.44401,17,13
1631133895,24.41,24.5,24.22,24.22,24.34922,99,25
1631133900,24.41,24.41,24.27,24.4,24.33677,28,12
1631133905,24.3,24.4,24.24,24.3,24.30637,29,14
1631133910,24.3,24.4,24.3,24.4,24.32161,68,13
1631133915,24.36,24.41,24.33,24.35,24.38625,23,9
1631133920,24.4,24.4,24.35,24.36,24.36291,28,7
1631133925,24.36,24.42,24.36,24.38,24.39696,34,11
1631133930,24.4,24.5,24.37,24.42,24.42327,31,13
1631133935,24.49,24.49,24.49,24.49,24.49,4,1
1631133940,24.49,24.49,24.42,24.42,24.43832,8,6
1631133945,24.41,24.47,24.41,24.47,24.43111,9,5
1631133950,24.47,24.51,24.47,24.51,24.49386,25,12
1631133955,24.5,24.51,24.47,24.47,24.49768,4,4
1631133960,24.47,24.47,24.47,24.47,24.47,7,4
1631133965,24.45,24.5,24.45,24.48,24.46836,7,3
1631133970,24.5,24.51,24.5,24.51,24.50611,8,7
1631133975,24.54,24.54,24.5,24.5,24.52154,24,7
1631133980,24.54,24.54,24.5,24.5,24.53464,16,8
1631133985,24.54,24.6,24.5,24.6,24.55606,35,15
1631133990,24.6,24.63,24.55,24.6,24.59718,29,16
1631133995,24.55,24.58,24.55,24.58,24.57278,12,6
1631134000,24.6,24.65,24.6,24.62,24.62504,14,6
1631134005,24.62,24.62,24.62,24.62,24.62,0,0
1631134010,24.68,24.68,24.64,24.64,24.65544,34,6
1631134015,24.68,24.68,24.6,24.63,24.64824,46,14
1631134020,24.68,24.74,24.66,24.74,24.69667,56,8
1631134025,24.68,24.75,24.68,24.75,24.72684,47,18
1631134030,24.7,24.75,24.7,24.75,24.73404,16,6
1631134035,24.75,24.79,24.75,24.78,24.77415,11,6
1631134040,24.77,24.77,24.74,24.74,24.75717,6,4
1631134045,24.77,24.77,24.5,24.7,24.59885,145,29
1631134050,24.55,24.69,24.55,24.69,24.57426,5,2
1631134055,24.53,24.72,24.53,24.72,24.6051,2,2
1631134060,24.6,24.6,24.6,24.6,24.6,7,3
1631134065,24.6,24.6,24.6,24.6,24.6,1,1
1631134070,24.6,24.6,24.6,24.6,24.6,0,0
1631134075,24.65,24.67,24.55,24.6,24.62725,10,9
1631134080,24.6,24.63,24.54,24.63,24.598,5,4
1631134085,24.54,24.54,24.54,24.54,24.54,4,3
1631134090,24.59,24.6,24.5,24.5,24.53482,26,7
1631134095,24.51,24.54,24.5,24.51,24.50806,12,7
1631134100,24.5,24.5,24.5,24.5,24.5,5,5
1631134105,24.44,24.44,24.44,24.44,24.44,5,1
1631134110,24.46,24.5999,24.4,24.47,24.52344,11,6
1631134115,24.47,24.47,24.47,24.47,24.47,4,2
1631134120,24.4,24.6,24.4,24.6,24.5,2,2
1631134125,24.6,24.6,24.6,24.6,24.6,0,0
1631134130,24.5,24.5,24.42,24.42,24.45526,12,7
1631134135,24.55,24.55,24.51,24.51,24.53,2,2
1631134140,24.53,24.55,24.5001,24.5001,24.51283,7,3
1631134145,24.5,24.5,24.5,24.5,24.5,6,2
1631134150,24.5,24.5,24.5,24.5,24.5,0,0
1631134155,24.5,24.5,24.5,24.5,24.5,0,0
1631134160,24.5,24.5,24.5,24.5,24.5,3,1
1631134165,24.5,24.5,24.5,24.5,24.5,14,4
1631134170,24.48,24.48,24.48,24.48,24.48,4,1
1631134175,24.5,24.51,24.5,24.51,24.50734,14,8
1631134180,24.5,24.5,24.5,24.5,24.5,1,1
1631134185,24.54,24.6,24.54,24.6,24.59666,41,11
1631134190,24.6,24.62,24.6,24.62,24.60318,12,5
1631134195,24.63,24.63,24.6299,24.6299,24.62992,10,2
1631134200,24.63,24.63,24.63,24.63,24.63,2,2
1631134205,24.65,24.65,24.63,24.63,24.6475,8,5
1631134210,24.65,24.7,24.6,24.6,24.68626,30,9
1631134215,24.59,24.59,24.5,24.5,24.541,4,3
1631134220,24.5,24.5,24.5,24.5,24.5,0,0
1631134225,24.5,24.5,24.5,24.5,24.5,0,0
1631134230,24.59,24.59,24.59,24.59,24.59,1,1
1631134235,24.58,24.65,24.58,24.65,24.61987,20,7
1631134240,24.65,24.65,24.65,24.65,24.65,0,0
1631134245,24.65,24.65,24.65,24.65,24.65,0,0
1631134250,24.59,24.59,24.59,24.59,24.59,3,2
1631134255,24.59,24.65,24.54,24.54,24.59113,13,10
1631134260,24.53,24.53,24.53,24.53,24.53,51,2
1631134265,24.53,24.53,24.53,24.53,24.53,2,1
1631134270,24.53,24.53,24.53,24.53,24.53,0,0
1631134275,24.53,24.53,24.53,24.53,24.53,0,0
1631134280,24.53,24.55,24.53,24.55,24.54286,3,2
1631134285,24.55,24.55,24.55,24.55,24.55,2,1
1631134290,24.54,24.54,24.5,24.5,24.5319,6,2
1631134295,24.5,24.53,24.47,24.53,24.49919,37,12
1631134300,24.5,24.5,24.5,24.5,24.5,1,1
1631134305,24.5,24.5,24.46,24.46,24.47466,42,7
1631134310,24.46,24.46,24.46,24.46,24.46,3,2
1631134315,24.46,24.46,24.45,24.46,24.45692,13,5
1631134320,24.45,24.46,24.45,24.46,24.45724,5,2
1631134325,24.45,24.46,24.45,24.46,24.45545,5,4
1631134330,24.45,24.45,24.45,24.45,24.45,7,1
1631134335,24.45,24.46,24.45,24.46,24.45204,31,7
1631134340,24.45,24.45,24.19,24.41,24.32184,130,33
1631134345,24.41,24.42,24.41,24.41,24.41153,13,7
1631134350,24.41,24.5,24.41,24.44,24.42689,136,40
1631134355,24.43,24.43,24.41,24.41,24.41439,39,12
1631134360,24.42,24.42,24.35,24.35,24.40102,169,37
1631134365,24.39,24.39,24.39,24.39,24.39,1,1
1631134370,24.39,24.39,24.3201,24.35,24.35325,9,5
1631134375,24.37,24.37,24.35,24.35,24.36,2,2
1631134380,24.33,24.33,24.25,24.3,24.31018,36,18
1631134385,24.3,24.32,24.26,24.32,24.30372,17,5
1631134390,24.26,24.27,24.22,24.27,24.25115,17,10
1631134395,24.27,24.27,24.27,24.27,24.27,0,0
1631134400,24.3,24.3,24.25,24.3,24.28667,15,6
1631134405,24.21,24.21,24.2,24.2,24.20567,4,3
1631134410,24.2499,24.2499,24.2499,24.2499,24.2499,2,1
1631134415,24.2,24.21,24.19,24.19,24.2,8,6
1631134420,24.165,24.17,24.165,24.17,24.16833,3,3
1631134425,24.17,24.17,24.17,24.17,24.17,0,0
1631134430,24.18,24.18,24.17,24.17,24.17212,7,5
1631134435,24.16,24.17,24.04,24.11,24.1026,35,21
1631134440,24.12,24.12,24.0,24.02,24.0276,81,28
1631134445,24.03,24.1,24.0,24.1,24.0277,20,6
1631134450,24.11,24.11,24.0,24.11,24.03518,22,13
1631134455,24.02,24.06,24.0,24.06,24.00965,77,30
1631134460,24.01,24.04,23.91,23.91,23.98315,31,16
1631134465,23.98,24.0,23.9,23.9,23.9888,40,12
1631134470,23.9699,23.97,23.9699,23.97,23.96997,13,6
1631134475,23.9,23.97,23.88,23.89,23.89662,20,12
1631134480,23.89,23.9,23.85,23.85,23.89016,31,12
1631134485,23.89,23.9,23.85,23.89,23.89436,60,12
1631134490,23.89,23.9,23.86,23.86,23.87786,17,8
1631134495,23.87,23.87,23.83,23.83,23.84024,30,16
1631134500,23.83,23.84,23.8,23.8,23.82548,9,5
1631134505,23.83,23.85,23.8,23.8,23.80629,19,6
1631134510,23.8,23.85,23.79,23.79,23.79512,22,6
1631134515,23.79,23.8,23.78,23.8,23.79232,39,15
1631134520,23.79,23.8,23.77,23.8,23.78646,71,17
1631134525,23.78,23.85,23.78,23.81,23.80581,91,25
1631134530,23.86,23.86,23.84,23.86,23.8534,18,10
1631134535,23.88,23.9,23.8,23.81,23.85733,26,14
1631134540,23.8,23.84,23.8,23.82,23.81358,14,5
1631134545,23.84,23.88,23.77,23.77,23.8294,33,14
1631134550,23.86,23.86,23.78,23.78,23.79976,23,5
1631134555,23.8,23.81,23.76,23.76,23.78611,18,6
1631134560,23.75,23.75,23.7,23.74,23.72701,24,9
1631134565,23.71,23.74,23.7,23.74,23.70294,17,15
1631134570,23.71,23.73,23.71,23.73,23.72422,13,7
1631134575,23.75,23.8,23.7,23.75,23.7595,67,22
1631134580,23.73,23.77,23.7,23.7,23.7031,166,22
1631134585,23.68,23.72,23.66,23.7,23.69373,16,8
1631134590,23.69,23.69,23.69,23.69,23.69,10,1
1631134595,23.66,23.7,23.63,23.7,23.68633,52,10
1631134600,23.65,23.65,23.65,23.65,23.65,2,1
1631134605,23.69,23.7,23.65,23.7,23.69565,21,8
1631134610,23.7,23.75,23.7,23.72,23.74407,94,12
1631134615,23.7001,23.84,23.7001,23.84,23.7617,145,29
1631134620,23.8,23.85,23.8,23.85,23.82172,29,10
1631134625,23.86,23.86,23.8,23.8,23.83041,13,9
1631134630,23.8,23.85,23.75,23.82,23.79499,15,8
1631134635,23.84,23.85,23.84,23.85,23.84756,35,6
1631134640,23.86,23.88,23.85,23.88,23.87496,16,6
1631134645,23.85,23.88,23.85,23.87,23.8575,30,6
1631134650,23.86,23.86,23.81,23.81,23.81455,11,2
1631134655,23.89,23.89,23.88,23.88,23.88434,5,2
1631134660,23.89,23.89,23.83,23.83,23.84072,6,3
1631134665,23.83,23.83,23.83,23.83,23.83,0,0
1631134670,23.85,23.89,23.85,23.89,23.878,5,4
1631134675,23.89,23.94,23.89,23.94,23.90874,38,14
1631134680,23.95,23.97,23.89,23.89,23.9467,14,8
1631134685,23.96,23.97,23.96,23.97,23.96231,6,4
1631134690,23.9,23.9,23.9,23.9,23.9,7,2
1631134695,23.89,23.97,23.85,23.97,23.89757,16,10
1631134700,23.97,24.0,23.95,24.0,23.98493,24,14
1631134705,24.0,24.07,24.0,24.07,24.01743,21,9
1631134710,24.06,24.07,24.0,24.0,24.05296,11,7
1631134715,24.0,24.07,24.0,24.01,24.0332,16,6
1631134720,24.08,24.08,24.05,24.05,24.07375,16,6
1631134725,24.04,24.04,24.04,24.04,24.04,2,2
1631134730,24.07,24.07,24.04,24.07,24.05506,58,10
1631134735,24.02,24.02,24.01,24.01,24.01191,16,6
1631134740,24.02,24.02,24.01,24.01,24.01111,9,2
1631134745,24.07,24.07,24.01,24.07,24.05756,28,6
1631134750,24.02,24.07,24.02,24.02,24.05315,15,4
1631134755,24.07,24.12,24.05,24.07,24.07017,38,17
1631134760,24.11,24.11,24.1,24.1,24.10071,28,4
1631134765,24.1,24.15,24.1,24.1,24.10889,13,7
1631134770,24.06,24.06,24.06,24.06,24.06,1,1
1631134775,24.08,24.1,24.08,24.1,24.09773,8,5
1631134780,24.1,24.19,24.1,24.19,24.14203,47,10
1631134785,24.16,24.17,24.16,24.17,24.16608,5,2
1631134790,24.17,24.17,24.17,24.17,24.17,7,2
1631134795,24.17,24.19,24.11,24.17,24.15443,11,9
1631134800,24.15,24.17,24.1,24.1,24.14538,6,4
1631134805,24.12,24.12,24.12,24.12,24.12,5,1
1631134810,24.15,24.17,24.12,24.12,24.15259,22,12
1631134815,24.18,24.18,24.17,24.18,24.17535,21,3
1631134820,24.17,24.1799,24.15,24.17,24.16245,14,8
1631134825,24.18,24.18,24.17,24.17,24.175,8,3
1631134830,24.15,24.17,24.15,24.17,24.15354,13,6
1631134835,24.12,24.12,24.09,24.09,24.09912,19,8
1631134840,24.09,24.15,24.09,24.15,24.12429,3,2
1631134845,24.12,24.12,24.1,24.12,24.11,4,3
1631134850,24.12,24.12,24.0,24.0,24.05578,40,15
1631134855,24.0,24.01,24.0,24.01,24.00261,4,2
1631134860,24.05,24.05,24.05,24.05,24.05,5,1
1631134865,24.0101,24.0101,24.01,24.01,24.01003,3,2
1631134870,24.01,24.01,24.01,24.01,24.01,4,2
1631134875,24.01,24.01,24.0,24.0,24.00244,20,3
1631134880,24.0,24.0,23.95,23.95,23.98596,17,7
1631134885,23.91,23.91,23.9,23.9,23.90097,10,7
1631134890,24.0,24.0,24.0,24.0,24.0,2,1
1631134895,23.91,23.91,23.91,23.91,23.91,7,2
1631134900,23.91,23.91,23.91,23.91,23.91,0,0
1631134905,23.92,23.92,23.92,23.92,23.92,2,1
1631134910,23.92,23.95,23.9,23.9,23.93121,13,4
1631134915,23.91,23.95,23.91,23.95,23.94468,118,2
1631134920,23.91,23.95,23.86,23.86,23.9068,6,5
1631134925,23.81,23.9,23.8,23.8,23.81273,22,8
1631134930,23.9,23.9,23.8,23.8,23.81385,8,6
1631134935,23.8,23.8,23.8,23.8,23.8,16,3
1631134940,23.8,23.8,23.8,23.8,23.8,0,0
1631134945,23.8,23.8,23.8,23.8,23.8,1,1
1631134950,23.8,23.8,23.8,23.8,23.8,0,0
1631134955,23.85,23.92,23.85,23.92,23.88482,14,6
1631134960,23.85,23.85,23.81,23.81,23.82333,6,2
1631134965,23.86,23.86,23.82,23.82,23.82612,9,6
1631134970,23.8201,23.85,23.8201,23.85,23.84168,6,4
1631134975,23.8499,23.9,23.8499,23.9,23.85911,10,3
1631134980,23.83,23.83,23.83,23.83,23.83,1,1
1631134985,23.83,23.83,23.83,23.83,23.83,0,0
1631134990,23.82,23.82,23.82,23.82,23.82,2,2
1631134995,23.9,23.9,23.8,23.82,23.83417,16,8
1631135000,23.82,23.82,23.82,23.82,23.82,3,1
1631135005,23.82,23.82,23.82,23.82,23.82,1,1
1631135010,23.81,23.9,23.81,23.81,23.822,7,4
1631135015,23.81,23.81,23.81,23.81,23.81,0,0
1631135020,23.81,23.81,23.81,23.81,23.81,0,0
1631135025,23.8799,23.8799,23.8799,23.8799,23.8799,5,1
1631135030,23.8799,23.8799,23.8799,23.8799,23.8799,0,0
1631135035,23.85,23.85,23.85,23.85,23.85,1,1
1631135040,23.81,23.81,23.81,23.81,23.81,1,1
1631135045,23.82,23.82,23.82,23.82,23.82,4,1
1631135050,23.82,23.82,23.82,23.82,23.82,7,2
1631135055,23.82,23.82,23.81,23.81,23.81351,18,6
1631135060,23.87,23.87,23.87,23.87,23.87,1,1
1631135065,23.87,23.87,23.87,23.87,23.87,0,0
1631135070,23.87,23.87,23.87,23.87,23.87,0,0
1631135075,23.88,23.88,23.84,23.84,23.85548,3,3
1631135080,23.81,23.81,23.81,23.81,23.81,2,1
1631135085,23.84,23.84,23.84,23.84,23.84,1,1
1631135090,23.83,23.83,23.83,23.83,23.83,1,1
1631135095,23.83,23.83,23.83,23.83,23.83,0,0
1631135100,23.85,23.88,23.85,23.88,23.865,2,2
1631135105,23.8201,23.8201,23.82,23.82,23.82009,17,2
1631135110,23.82,23.82,23.82,23.82,23.82,0,0
1631135115,23.83,23.83,23.66,23.66,23.75178,143,30
1631135120,23.65,23.65,23.62,23.62,23.64312,40,9
1631135125,23.62,23.62,23.62,23.62,23.62,0,0
1631135130,23.6,23.65,23.6,23.61,23.62097,6,5
1631135135,23.61,23.61,23.61,23.61,23.61,0,0
1631135140,23.65,23.7,23.6,23.7,23.65361,46,11
1631135145,23.7,23.7,23.6201,23.7,23.67524,103,7
1631135150,23.64,23.65,23.6101,23.63,23.62121,11,6
1631135155,23.7,23.7,23.61,23.67,23.66125,8,4
1631135160,23.67,23.68,23.66,23.66,23.66777,12,4
1631135165,23.68,23.68,23.67,23.67,23.6751,9,3
1631135170,23.68,23.68,23.68,23.68,23.68,2,1
1631135175,23.68,23.69,23.65,23.65,23.68141,11,5
1631135180,23.68,23.7,23.68,23.7,23.69533,15,6
1631135185,23.75,23.75,23.72,23.72,23.73299,23,4
1631135190,23.8,23.8,23.8,23.8,23.8,5,1
1631135195,23.8,23.8,23.8,23.8,23.8,0,0
1631135200,23.73,23.7699,23.7,23.7,23.70201,49,3
1631135205,23.7,23.7,23.6999,23.6999,23.69997,3,3
1631135210,23.7,23.7,23.7,23.7,23.7,1,1
1631135215,23.7,23.7,23.67,23.67,23.685,2,2
1631135220,23.68,23.68,23.67,23.67,23.67475,4,2
1631135225,23.75,23.75,23.75,23.75,23.75,1,1
1631135230,23.75,23.77,23.7,23.77,23.7544,13,6
1631135235,23.75,23.75,23.75,23.75,23.75,1,1
1631135240,23.7,23.7,23.66,23.66,23.69038,58,5
1631135245,23.7,23.7,23.7,23.7,23.7,1,1
1631135250,23.7,23.78,23.66,23.66,23.73312,12,7
1631135255,23.66,23.66,23.66,23.66,23.66,0,0
1631135260,23.66,23.66,23.66,23.66,23.66,0,0
1631135265,23.67,23.67,23.67,23.67,23.67,8,2
1631135270,23.7,23.7,23.66,23.66,23.68667,3,2
1631135275,23.7,23.7,23.6,23.6,23.63704,28,15
1631135280,23.6,23.6,23.6,23.6,23.6,1,1
1631135285,23.61,23.61,23.61,23.61,23.61,1,1
1631135290,23.62,23.62,23.6,23.6,23.60099,20,4
1631135295,23.6,23.6,23.56,23.6,23.59711,20,9
1631135300,23.5501,23.65,23.5501,23.65,23.63002,5,2
1631135305,23.55,23.55,23.55,23.55,23.55,25,2
1631135310,23.55,23.6,23.5301,23.6,23.53954,28,8
1631135315,23.55,23.55,23.55,23.55,23.55,4,2
1631135320,23.55,23.55,23.5,23.54,23.52495,16,9
1631135325,23.54,23.54,23.54,23.54,23.54,2,2
1631135330,23.53,23.55,23.53,23.55,23.54229,11,5
1631135335,23.55,23.55,23.55,23.55,23.55,0,0
1631135340,23.53,23.53,23.5,23.5,23.50673,28,8
1631135345,23.53,23.53,23.5,23.5,23.51667,4,2
1631135350,23.5,23.5,23.5,23.5,23.5,1,1
1631135355,23.52,23.52,23.5,23.5,23.50449,4,4
1631135360,23.54,23.54,23.54,23.54,23.54,5,5
1631135365,23.54,23.54,23.54,23.54,23.54,0,0
1631135370,23.5,23.5,23.5,23.5,23.5,2,1
1631135375,23.57,23.6,23.57,23.6,23.59267,7,6
1631135380,23.6,23.65,23.6,23.65,23.6275,12,4
1631135385,23.65,23.7,23.62,23.65,23.63947,18,13
1631135390,23.65,23.68,23.65,23.68,23.66765,8,3
1631135395,23.67,23.67,23.66,23.66,23.66502,8,4
1631135400,23.65,23.65,23.65,23.65,23.65,5,3
1631135405,23.64,23.67,23.62,23.67,23.63052,29,6
1631135410,23.67,23.68,23.67,23.68,23.67732,3,2
1631135415,23.65,23.7,23.6,23.7,23.64863,12,8
1631135420,23.7,23.7,23.69,23.69,23.69392,5,4
1631135425,23.69,23.7,23.69,23.7,23.69391,11,7
1631135430,23.7,23.7,23.7,23.7,23.7,7,2
1631135435,23.64,23.64,23.63,23.63,23.635,2,2
1631135440,23.63,23.63,23.63,23.63,23.63,0,0
1631135445,23.63,23.63,23.63,23.63,23.63,0,0
1631135450,23.63,23.63,23.63,23.63,23.63,2,1
1631135455,23.63,23.63,23.63,23.63,23.63,25,1
1631135460,23.63,23.63,23.63,23.63,23.63,0,0
1631135465,23.69,23.69,23.69,23.69,23.69,2,1
1631135470,23.68,23.68,23.68,23.68,23.68,3,2
1631135475,23.65,23.68,23.65,23.65,23.6588,8,4
1631135480,23.65,23.65,23.63,23.63,23.64568,18,2
1631135485,23.64,23.64,23.64,23.64,23.64,1,1
1631135490,23.64,23.64,23.64,23.64,23.64,0,0
1631135495,23.62,23.62,23.61,23.61,23.615,2,2
1631135500,23.61,23.61,23.6,23.6,23.60075,26,7
1631135505,23.58,23.58,23.55,23.55,23.56707,3,2
1631135510,23.55,23.55,23.55,23.55,23.55,0,0
1631135515,23.55,23.55,23.55,23.55,23.55,0,0
1631135520,23.55,23.6,23.55,23.55,23.56386,13,3
1631135525,23.52,23.56,23.52,23.56,23.54,2,2
1631135530,23.56,23.56,23.56,23.56,23.56,0,0
1631135535,23.56,23.56,23.56,23.56,23.56,0,0
1631135540,23.56,23.56,23.56,23.56,23.56,0,0
1631135545,23.5999,23.61,23.5999,23.61,23.6046,21,3
1631135550,23.61,23.61,23.61,23.61,23.61,7,4
1631135555,23.6,23.65,23.55,23.65,23.62954,10,7
1631135560,23.65,23.65,23.65,23.65,23.65,0,0
1631135565,23.65,23.65,23.65,23.65,23.65,0,0
1631135570,23.59,23.6,23.59,23.6,23.59026,71,2
1631135575,23.63,23.63,23.63,23.63,23.63,10,6
1631135580,23.63,23.66,23.63,23.66,23.6575,12,2
1631135585,23.66,23.7,23.65,23.7,23.69277,33,8
1631135590,23.72,23.72,23.72,23.72,23.72,6,3
1631135595,23.73,23.75,23.73,23.75,23.746,5,3
1631135600,23.8,23.84,23.8,23.84,23.80529,17,4
1631135605,23.81,23.81,23.81,23.81,23.81,1,1
1631135610,23.9,23.9,23.85,23.85,23.884,5,3
1631135615,23.9,23.9,23.85,23.85,23.875,2,2
1631135620,23.85,23.87,23.84,23.87,23.85928,18,10
1631135625,23.9,23.9,23.88,23.88,23.88901,14,2
1631135630,23.84,23.9,23.8,23.8,23.88583,12,3
1631135635,23.84,23.84,23.77,23.77,23.79812,21,8
1631135640,23.79,23.84,23.79,23.84,23.83328,21,3
1631135645,23.84,23.88,23.84,23.85,23.85975,29,6
1631135650,23.85,23.88,23.85,23.88,23.86422,10,6
1631135655,23.85,23.95,23.85,23.95,23.89982,28,11
1631135660,23.99,24.0,23.92,24.0,23.99733,33,8
1631135665,24.0,24.1,24.0,24.03,24.01123,69,19
1631135670,24.08,24.1,24.0,24.08,24.0734,15,8
1631135675,24.1,24.1001,24.1,24.1,24.10001,15,8
1631135680,24.1,24.1,24.1,24.1,24.1,0,0
1631135685,24.09,24.1,24.09,24.1,24.09667,3,2
1631135690,24.08,24.08,24.08,24.08,24.08,9,4
1631135695,24.08,24.08,24.08,24.08,24.08,0,0
1631135700,24.03,24.09,24.0,24.09,24.03676,33,10
1631135705,24.09,24.09,24.09,24.09,24.09,5,1
1631135710,24.09,24.09,24.09,24.09,24.09,0,0
1631135715,24.0,24.06,24.0,24.01,24.03987,11,5
1631135720,24.08,24.09,24.06,24.09,24.07923,20,8
1631135725,24.09,24.09,24.09,24.09,24.09,0,0
1631135730,24.07,24.09,24.03,24.09,24.05986,26,4
1631135735,24.03,24.06,24.03,24.03,24.04035,14,3
1631135740,24.0,24.0,23.95,23.95,23.98756,22,5
1631135745,23.95,23.95,23.95,23.95,23.95,0,0
1631135750,24.01,24.01,24.01,24.01,24.01,2,1
1631135755,24.02,24.02,24.02,24.02,24.02,1,1
1631135760,24.02,24.02,24.02,24.02,24.02,0,0
1631135765,23.9,23.9,23.9,23.9,23.9,4,1
1631135770,23.9,23.9,23.9,23.9,23.9,0,0
1631135775,23.94,23.95,23.9,23.9,23.93118,8,5
1631135780,23.9,23.9,23.88,23.88,23.89333,3,2
1631135785,23.88,23.88,23.88,23.88,23.88,16,2
1631135790,23.88,23.9,23.88,23.9,23.89333,3,2
1631135795,23.88,23.9,23.88,23.9,23.89543,4,3
1631135800,23.9,23.9,23.9,23.9,23.9,8,2
1631135805,23.92,23.92,23.9,23.9,23.90904,9,4
1631135810,23.9,23.9,23.9,23.9,23.9,0,0
1631135815,23.93,23.93,23.93,23.93,23.93,3,1
1631135820,24.0,24.0,24.0,24.0,24.0,1,1
1631135825,23.93,23.93,23.93,23.93,23.93,7,2
1631135830,23.89,23.89,23.89,23.89,23.89,1,1
1631135835,23.9,23.9,23.9,23.9,23.9,10,3
1631135840,23.93,23.93,23.9,23.9,23.90962,21,5
1631135845,23.93,23.93,23.9,23.9,23.9075,4,4
1631135850,23.96,23.96,23.91,23.91,23.95167,12,2
1631135855,23.91,23.91,23.91,23.91,23.91,0,0
1631135860,23.94,23.94,23.94,23.94,23.94,1,1
1631135865,23.9,23.91,23.88,23.88,23.88558,18,10
1631135870,23.8,23.8,23.8,23.8,23.8,3,3
1631135875,23.8,23.8,23.8,23.8,23.8,0,0
1631135880,23.8,23.8,23.75,23.75,23.7602,14,5
1631135885,23.8,23.8,23.8,23.8,23.8,2,1
1631135890,23.85,23.89,23.85,23.89,23.88229,46,3
1631135895,23.8,23.8,23.8,23.8,23.8,2,2
1631135900,23.8,23.8,23.8,23.8,23.8,0,0
1631135905,23.8,23.8,23.8,23.8,23.8,0,0
1631135910,23.8,23.8,23.8,23.8,23.8,0,0
1631135915,23.87,23.87,23.87,23.87,23.87,3,1
1631135920,23.76,23.76,23.76,23.76,23.76,1,1
1631135925,23.8,23.8,23.8,23.8,23.8,5,1
1631135930,23.8,23.86,23.8,23.8,23.81143,6,3
1631135935,23.8,23.87,23.8,23.87,23.82148,26,5
1631135940,23.87,23.87,23.87,23.87,23.87,0,0
1631135945,23.87,23.87,23.87,23.87,23.87,0,0
1631135950,23.8,23.8,23.8,23.8,23.8,1,1
1631135955,23.85,23.85,23.8,23.85,23.825,12,4
1631135960,23.8,23.85,23.8,23.85,23.8286,10,5
1631135965,23.85,23.85,23.85,23.85,23.85,0,0
1631135970,23.8,23.8,23.8,23.8,23.8,1,1
1631135975,23.76,23.76,23.75,23.75,23.75208,4,2
1631135980,23.75,23.75,23.75,23.75,23.75,6,1
1631135985,23.8,23.8,23.8,23.8,23.8,1,1
1631135990,23.8,23.8,23.7501,23.7501,23.76188,13,3
1631135995,23.7501,23.7501,23.7501,23.7501,23.7501,0,0
1631136000,23.7501,23.7501,23.7501,23.7501,23.7501,0,0
1631136005,23.79,23.79,23.79,23.79,23.79,3,1
1631136010,23.8,23.8,23.8,23.8,23.8,15,4
1631136015,23.85,23.85,23.85,23.85,23.85,6,2
1631136020,23.85,23.85,23.85,23.85,23.85,0,0
1631136025,23.85,23.85,23.85,23.85,23.85,0,0
1631136030,23.93,23.93,23.93,23.93,23.93,1,1
1631136035,23.93,23.93,23.9,23.9,23.91429,2,2
1631136040,23.94,23.94,23.94,23.94,23.94,10,1
1631136045,23.94,23.94,23.93,23.93,23.9367,14,5
1631136050,23.94,23.99,23.94,23.99,23.987,17,4
1631136055,23.93,24.05,23.93,24.0,24.00866,14,7
1631136060,24.0,24.05,24.0,24.05,24.03254,10,7
1631136065,24.0,24.03,24.0,24.0,24.00393,13,6
1631136070,24.0,24.0,24.0,24.0,24.0,1,1
1631136075,24.0,24.0,24.0,24.0,24.0,0,0
1631136080,24.0,24.09,24.0,24.09,24.07155,28,6
1631136085,24.09,24.09,24.09,24.09,24.09,1,1
1631136090,24.06,24.1,24.04,24.1,24.08078,18,8
1631136095,24.12,24.12,24.12,24.12,24.12,10,2
1631136100,24.11,24.11,24.11,24.11,24.11,1,1
1631136105,24.12,24.12,24.12,24.12,24.12,5,1
1631136110,24.12,24.18,24.1,24.18,24.13812,11,7
1631136115,24.15,24.18,24.15,24.18,24.16,3,3
1631136120,24.18,24.18,24.11,24.11,24.14355,27,9
1631136125,24.1,24.12,24.1,24.12,24.1056,3,2
1631136130,24.11,24.11,24.11,24.11,24.11,2,1
1631136135,24.12,24.12,24.12,24.12,24.12,10,1
1631136140,24.12,24.12,24.12,24.12,24.12,0,0
1631136145,24.17,24.17,24.17,24.17,24.17,2,2
1631136150,24.15,24.18,24.15,24.18,24.175,6,2
1631136155,24.18,24.18,24.18,24.18,24.18,2,1
1631136160,24.18,24.18,24.18,24.18,24.18,0,0
1631136165,24.2,24.2,24.2,24.2,24.2,11,4
1631136170,24.17,24.17,24.15,24.15,24.16349,15,5
1631136175,24.15,24.17,24.15,24.15,24.15125,16,9
1631136180,24.15,24.15,24.15,24.15,24.15,0,0
1631136185,24.15,24.15,24.15,24.15,24.15,1,1
1631136190,24.12,24.15,24.12,24.15,24.13399,17,9
1631136195,24.12,24.15,24.12,24.15,24.125,6,2
1631136200,24.15,24.15,24.15,24.15,24.15,0,0
1631136205,24.15,24.15,24.15,24.15,24.15,0,0
1631136210,24.07,24.07,24.07,24.07,24.07,3,1
1631136215,24.13,24.13,24.13,24.13,24.13,1,1
1631136220,24.13,24.13,24.07,24.07,24.1,2,2
1631136225,24.09,24.09,24.09,24.09,24.09,10,1
1631136230,24.09,24.15,24.01,24.01,24.09539,44,8
1631136235,24.01,24.01,24.01,24.01,24.01,0,0
1631136240,24.0,24.0,23.99,23.99,23.99857,10,6
1631136245,23.99,23.99,23.91,23.92,23.93025,21,20
1631136250,23.92,23.92,23.91,23.91,23.91417,12,4
1631136255,23.91,23.91,23.81,23.9,23.85407,44,7
1631136260,23.9,23.9,23.9,23.9,23.9,0,0
1631136265,23.9,23.9,23.9,23.9,23.9,0,0
1631136270,23.9,23.9,23.9,23.9,23.9,0,0
1631136275,23.85,24.0,23.8,24.0,23.81848,75,14
1631136280,24.0,24.0,24.0,24.0,24.0,0,0
1631136285,24.02,24.02,24.0,24.02,24.015,4,4
1631136290,24.02,24.02,24.02,24.02,24.02,0,0
1631136295,24.02,24.02,24.02,24.02,24.02,0,0
1631136300,24.02,24.02,24.02,24.02,24.02,0,0
1631136305,24.02,24.02,24.02,24.02,24.02,2,2
1631136310,24.02,24.02,24.01,24.01,24.01336,7,4
1631136315,24.02,24.05,24.02,24.05,24.04571,14,3
1631136320,24.05,24.05,24.05,24.05,24.05,0,0
1631136325,24.05,24.05,24.03,24.03,24.04741,19,5
1631136330,24.02,24.03,24.0,24.03,24.021,20,5
1631136335,24.03,24.03,24.03,24.03,24.03,4,2
1631136340,24.08,24.08,24.08,24.08,24.08,3,1
1631136345,24.04,24.04,24.0,24.0,24.02835,14,5
1631136350,24.0,24.0,23.94,23.94,23.95692,13,5
1631136355,23.98,23.98,23.94,23.94,23.96,2,2
1631136360,23.94,23.94,23.94,23.94,23.94,0,0
1631136365,23.94,23.94,23.94,23.94,23.94,0,0
1631136370,23.9,23.9,23.86,23.8999,23.89665,12,8
1631136375,23.88,24.0,23.88,24.0,23.92225,13,6
1631136380,24.01,24.05,24.0,24.0,24.01909,11,4
1631136385,24.0,24.0,24.0,24.0,24.0,5,1
1631136390,24.05,24.09,24.05,24.09,24.06333,3,3
1631136395,24.09,24.09,24.0,24.05,24.01,17,5
1631136400,24.05,24.05,24.05,24.05,24.05,4,2
1631136405,24.05,24.05,24.05,24.05,24.05,2,1
1631136410,24.05,24.05,24.05,24.05,24.05,0,0
1631136415,24.05,24.05,24.05,24.05,24.05,10,2
1631136420,24.05,24.05,24.05,24.05,24.05,1,1
1631136425,24.05,24.05,24.01,24.05,24.03104,21,4
1631136430,24.01,24.01,24.01,24.01,24.01,1,1
1631136435,24.01,24.01,24.01,24.01,24.01,1,1
1631136440,24.02,24.05,24.02,24.05,24.03,7,2
1631136445,24.05,24.05,24.05,24.05,24.05,0,0
1631136450,24.06,24.07,24.06,24.07,24.06417,5,3
1631136455,24.08,24.1,24.08,24.1,24.09352,10,5
1631136460,24.1,24.1,24.04,24.04,24.09625,15,6
1631136465,24.05,24.1,24.05,24.1,24.06689,2,2
1631136470,24.12,24.15,24.12,24.15,24.12329,45,5
1631136475,24.15,24.15,24.15,24.15,24.15,0,0
1631136480,24.15,24.15,24.15,24.15,24.15,2,1
1631136485,24.15,24.15,24.15,24.15,24.15,5,1
1631136490,24.15,24.15,24.15,24.15,24.15,6,1
1631136495,24.18,24.18,24.15,24.15,24.168,3,2
1631136500,24.15,24.15,24.15,24.15,24.15,0,0
1631136505,24.15,24.15,24.15,24.15,24.15,1,1
1631136510,24.15,24.15,24.15,24.15,24.15,0,0
1631136515,24.15,24.15,24.15,24.15,24.15,0,0
1631136520,24.18,24.18,24.18,24.18,24.18,16,2
1631136525,24.18,24.18,24.15,24.17,24.1712,8,4
1631136530,24.15,24.15,24.1,24.1,24.1162,9,3
1631136535,24.1,24.16,24.1,24.16,24.1152,5,4
1631136540,24.16,24.16,24.16,24.16,24.16,0,0
1631136545,24.15,24.15,24.15,24.15,24.15,7,1
1631136550,24.1499,24.1499,24.1499,24.1499,24.1499,13,1
1631136555,24.1499,24.1499,24.1499,24.1499,24.1499,0,0
1631136560,24.11,24.11,24.1,24.1,24.10233,6,2
1631136565,24.15,24.15,24.15,24.15,24.15,1,1
1631136570,24.07,24.07,24.07,24.07,24.07,1,1
1631136575,24.06,24.1,24.06,24.1,24.09476,18,4
1631136580,24.1,24.1,24.05,24.05,24.06,5,2
1631136585,24.1,24.1,24.06,24.06,24.08769,5,3
1631136590,24.15,24.15,24.1,24.1,24.12985,3,2
1631136595,24.1,24.1,24.1,24.1,24.1,0,0
1631136600,24.11,24.11,24.11,24.11,24.11,1,1
1631136605,24.11,24.11,24.11,24.11,24.11,6,3
1631136610,24.15,24.15,24.11,24.11,24.12633,24,4
1631136615,24.11,24.11,24.11,24.11,24.11,0,0
1631136620,24.13,24.13,24.13,24.13,24.13,1,1
1631136625,24.14,24.17,24.14,24.17,24.15631,27,9
1631136630,24.18,24.18,24.18,24.18,24.18,1,1
1631136635,24.16,24.16,24.16,24.16,24.16,7,2
1631136640,24.16,24.16,24.16,24.16,24.16,0,0
1631136645,24.16,24.16,24.16,24.16,24.16,0,0
1631136650,24.18,24.18,24.18,24.18,24.18,20,1
1631136655,24.16,24.17,24.03,24.17,24.09242,28,8
1631136660,24.17,24.18,24.17,24.18,24.17815,10,2
1631136665,24.0401,24.0401,24.0401,24.0401,24.0401,10,1
1631136670,24.0401,24.0401,24.0401,24.0401,24.0401,0,0
1631136675,24.15,24.15,24.15,24.15,24.15,1,1
1631136680,24.15,24.16,24.15,24.16,24.15636,9,5
1631136685,24.16,24.16,24.16,24.16,24.16,0,0
1631136690,24.15,24.15,24.15,24.15,24.15,8,1
1631136695,24.08,24.08,24.08,24.08,24.08,2,1
1631136700,24.09,24.09,24.09,24.09,24.09,2,1
1631136705,24.1,24.1,24.1,24.1,24.1,15,1
1631136710,24.15,24.15,24.15,24.15,24.15,1,1
1631136715,24.15,24.15,24.15,24.15,24.15,0,0
1631136720,24.17,24.17,24.17,24.17,24.17,1,1
1631136725,24.12,24.12,24.05,24.11,24.07226,6,4
1631136730,24.16,24.16,24.16,24.16,24.16,1,1
1631136735,24.16,24.16,24.12,24.16,24.15714,14,5
1631136740,24.15,24.15,24.15,24.15,24.15,1,1
1631136745,24.15,24.15,24.15,24.15,24.15,5,2
1631136750,24.15,24.15,24.15,24.15,24.15,0,0
1631136755,24.15,24.15,24.15,24.15,24.15,0,0
1631136760,24.17,24.17,24.17,24.17,24.17,1,1
1631136765,24.17,24.17,24.17,24.17,24.17,0,0
1631136770,24.17,24.17,24.17,24.17,24.17,0,0
1631136775,24.17,24.17,24.16,24.16,24.16813,6,2
1631136780,24.16,24.16,24.12,24.12,24.14762,7,3
1631136785,24.1,24.15,24.1,24.15,24.10594,19,4
1631136790,24.1001,24.1001,24.1001,24.1001,24.1001,10,1
1631136795,24.15,24.15,24.15,24.15,24.15,3,1
1631136800,24.16,24.16,24.16,24.16,24.16,1,1
1631136805,24.16,24.16,24.16,24.16,24.16,0,0
1631136810,24.16,24.16,24.16,24.16,24.16,0,0
1631136815,24.16,24.16,24.16,24.16,24.16,0,0
1631136820,24.12,24.12,24.12,24.12,24.12,1,1
1631136825,24.12,24.12,24.12,24.12,24.12,1,1
1631136830,24.12,24.12,24.12,24.12,24.12,0,0
1631136835,24.12,24.12,24.12,24.12,24.12,1,1
1631136840,24.12,24.12,24.12,24.12,24.12,0,0
1631136845,24.15,24.15,24.15,24.15,24.15,6,2
1631136850,24.1,24.1,24.1,24.1,24.1,3,1
1631136855,24.1,24.1,24.1,24.1,24.1,0,0
1631136860,24.1,24.1,24.1,24.1,24.1,0,0
1631136865,24.11,24.11,24.11,24.11,24.11,1,1
1631136870,24.15,24.15,24.15,24.15,24.15,1,1
1631136875,24.11,24.11,24.11,24.11,24.11,2,2
1631136880,24.11,24.11,24.11,24.11,24.11,0,0
1631136885,24.1499,24.1499,24.1499,24.1499,24.1499,10,1
1631136890,24.1499,24.1499,24.1499,24.1499,24.1499,0,0
1631136895,24.14,24.14,24.12,24.12,24.13107,2,2
1631136900,24.1,24.14,24.1,24.14,24.12316,12,2
1631136905,24.14,24.14,24.14,24.14,24.14,0,0
1631136910,24.14,24.14,24.14,24.14,24.14,0,0
1631136915,24.14,24.14,24.14,24.14,24.14,0,0
1631136920,24.11,24.14,24.1,24.14,24.1326,18,3
1631136925,24.13,24.13,24.12,24.12,24.12242,6,2
1631136930,24.1,24.1,24.1,24.1,24.1,2,2
1631136935,24.1,24.1,24.1,24.1,24.1,1,1
1631136940,24.1,24.1,24.1,24.1,24.1,0,0
1631136945,24.11,24.11,24.11,24.11,24.11,1,1
1631136950,24.11,24.11,24.11,24.11,24.11,1,1
1631136955,24.11,24.11,24.1,24.11,24.10583,12,6
1631136960,24.11,24.11,24.11,24.11,24.11,0,0
1631136965,24.12,24.12,24.12,24.12,24.12,4,2
1631136970,24.1,24.1001,24.1,24.1001,24.10005,20,2
1631136975,24.1001,24.1001,24.1001,24.1001,24.1001,0,0
1631136980,24.1001,24.1001,24.1001,24.1001,24.1001,0,0
1631136985,24.11,24.11,24.11,24.11,24.11,1,1
1631136990,24.1,24.1,24.1,24.1,24.1,1,1
1631136995,24.1,24.1,24.1,24.1,24.1,3,1
1631137000,24.11,24.11,24.11,24.11,24.11,10,1
1631137005,24.11,24.11,24.11,24.11,24.11,0,0
1631137010,24.1,24.1,24.1,24.1,24.1,91,27
1631137015,24.04,24.04,24.04,24.04,24.04,2,1
1631137020,24.04,24.11,24.02,24.02,24.06774,34,8
1631137025,24.11,24.11,24.03,24.03,24.05667,3,3
1631137030,24.11,24.11,24.03,24.03,24.03992,9,4
1631137035,24.03,24.03,24.03,24.03,24.03,0,0
1631137040,24.02,24.02,24.02,24.02,24.02,2,1
1631137045,24.02,24.02,24.02,24.02,24.02,10,1
1631137050,24.02,24.02,24.02,24.02,24.02,0,0
1631137055,24.0,24.0,24.0,24.0,24.0,5,1
1631137060,24.0,24.0,23.92,23.92,23.99002,60,22
1631137065,23.9,23.9,23.9,23.9,23.9,4,1
1631137070,23.9,23.9001,23.9,23.9001,23.90005,4,2
1631137075,23.9001,23.9001,23.9,23.9,23.90005,13,5
1631137080,23.9,23.9,23.9,23.9,23.9,13,5
1631137085,23.84,23.84,23.84,23.84,23.84,1,1
1631137090,23.89,23.97,23.89,23.97,23.9023,17,6
1631137095,23.97,23.97,23.97,23.97,23.97,0,0
1631137100,23.8501,23.8501,23.8501,23.8501,23.8501,1,1
1631137105,23.95,23.95,23.95,23.95,23.95,3,1
1631137110,23.95,23.95,23.95,23.95,23.95,1,1
1631137115,23.95,23.95,23.95,23.95,23.95,0,0
1631137120,23.85,23.9,23.85,23.9,23.88333,3,3
1631137125,23.9,23.9,23.86,23.86,23.87462,18,5
1631137130,23.86,23.86,23.86,23.86,23.86,0,0
1631137135,23.93,23.95,23.93,23.94,23.9387,10,4
1631137140,23.94,23.94,23.94,23.94,23.94,1,1
1631137145,23.95,23.95,23.95,23.95,23.95,4,1
1631137150,23.95,24.0,23.95,24.0,23.96899,27,5
1631137155,23.95,24.0,23.95,24.0,23.99091,5,2
1631137160,23.96,23.96,23.96,23.96,23.96,1,1
1631137165,23.96,23.96,23.96,23.96,23.96,0,0
1631137170,23.9601,23.9601,23.9601,23.9601,23.9601,30,1
1631137175,23.9601,23.9601,23.9601,23.9601,23.9601,0,0
1631137180,23.9601,23.9601,23.9601,23.9601,23.9601,0,0
1631137185,23.9601,23.9601,23.9601,23.9601,23.9601,0,0
1631137190,24.0,24.0,24.0,24.0,24.0,8,3
1631137195,24.0,24.0,24.0,24.0,24.0,0,0
1631137200,24.0,24.0,24.0,24.0,24.0,1,1
1631137205,23.98,23.98,23.96,23.96,23.96149,13,2
1631137210,23.98,23.98,23.98,23.98,23.98,11,2
1631137215,23.96,23.96,23.96,23.96,23.96,2,1
1631137220,23.96,23.96,23.96,23.96,23.96,0,0
1631137225,23.96,23.96,23.96,23.96,23.96,2,1
1631137230,23.96,23.96,23.96,23.96,23.96,0,0
1631137235,23.94,24.04,23.94,24.04,24.00089,7,4
1631137240,24.04,24.04,24.04,24.04,24.04,0,0
1631137245,24.04,24.04,24.04,24.04,24.04,0,0
1631137250,24.05,24.05,24.05,24.05,24.05,1,1
1631137255,24.05,24.05,24.05,24.05,24.05,0,0
1631137260,24.05,24.05,24.05,24.05,24.05,0,0
1631137265,24.05,24.05,24.05,24.05,24.05,0,0
1631137270,24.05,24.05,24.05,24.05,24.05,0,0
1631137275,24.05,24.05,24.05,24.05,24.05,0,0
1631137280,24.04,24.1,24.04,24.1,24.06389,11,6
1631137285,24.1,24.1,24.1,24.1,24.1,8,2
1631137290,24.1,24.1,24.1,24.1,24.1,0,0
1631137295,24.1,24.1,24.1,24.1,24.1,0,0
1631137300,24.1,24.1,24.1,24.1,24.1,0,0
1631137305,24.1,24.1,24.1,24.1,24.1,0,0
1631137310,24.0999,24.0999,24.0999,24.0999,24.0999,6,1
1631137315,24.0999,24.0999,24.0999,24.0999,24.0999,0,0
1631137320,24.0999,24.0999,24.0999,24.0999,24.0999,0,0
1631137325,24.07,24.07,24.07,24.07,24.07,1,1
1631137330,24.07,24.07,24.07,24.07,24.07,0,0
1631137335,24.07,24.07,24.07,24.07,24.07,0,0
1631137340,24.07,24.07,24.07,24.07,24.07,0,0
1631137345,24.07,24.07,24.07,24.07,24.07,0,0
1631137350,24.07,24.07,24.07,24.07,24.07,0,0
1631137355,24.05,24.07,24.0,24.07,24.05133,7,3
1631137360,24.0,24.0,24.0,24.0,24.0,1,1
1631137365,24.0,24.0,24.0,24.0,24.0,0,0
1631137370,24.0,24.0,24.0,24.0,24.0,0,0
1631137375,24.0,24.0,24.0,24.0,24.0,0,0
1631137380,24.0,24.0,24.0,24.0,24.0,11,2
1631137385,24.0,24.0,24.0,24.0,24.0,0,0
1631137390,24.0,24.0,24.0,24.0,24.0,0,0
1631137395,24.0,24.0,24.0,24.0,24.0,0,0
1631137400,24.0,24.0,24.0,24.0,24.0,0,0
1631137405,24.0,24.0,24.0,24.0,24.0,0,0
1631137410,24.0,24.0,24.0,24.0,24.0,0,0
1631137415,24.0,24.0,24.0,24.0,24.0,0,0
1631137420,24.0,24.0,24.0,24.0,24.0,0,0
1631137425,23.95,23.95,23.95,23.95,23.95,1,1
1631137430,23.95,23.95,23.95,23.95,23.95,0,0
1631137435,23.9999,23.9999,23.9999,23.9999,23.9999,12,1
1631137440,23.95,23.95,23.95,23.95,23.95,4,1
1631137445,23.95,23.95,23.95,23.95,23.95,0,0
1631137450,23.95,23.95,23.95,23.95,23.95,1,1
1631137455,23.95,23.95,23.95,23.95,23.95,0,0
1631137460,23.95,23.95,23.95,23.95,23.95,4,1
1631137465,23.95,23.95,23.95,23.95,23.95,7,3
1631137470,23.95,23.95,23.95,23.95,23.95,0,0
1631137475,23.91,23.91,23.91,23.91,23.91,1,1
1631137480,23.9,23.9,23.9,23.9,23.9,1,1
1631137485,23.9,23.9,23.9,23.9,23.9,0,0
1631137490,23.87,23.87,23.87,23.87,23.87,1,1
1631137495,23.87,23.87,23.87,23.87,23.87,0,0
1631137500,23.87,23.87,23.87,23.87,23.87,0,0
1631137505,23.87,23.87,23.87,23.87,23.87,2,1
1631137510,23.87,23.87,23.85,23.85,23.8508,24,3
1631137515,23.85,23.85,23.85,23.85,23.85,0,0
1631137520,23.85,23.85,23.85,23.85,23.85,0,0
1631137525,23.85,23.85,23.85,23.85,23.85,0,0
1631137530,23.85,23.85,23.85,23.85,23.85,0,0
1631137535,23.83,23.83,23.8,23.8,23.81,3,2
1631137540,23.8,23.8,23.8,23.8,23.8,2,2
1631137545,23.8,23.8,23.8,23.8,23.8,0,0
1631137550,23.8,23.8,23.8,23.8,23.8,1,1
1631137555,23.8,23.8,23.8,23.8,23.8,0,0
1631137560,23.78,23.78,23.75,23.75,23.765,2,2
1631137565,23.75,23.78,23.75,23.78,23.76947,2,2
1631137570,23.75,23.75,23.7,23.7,23.7268,9,7
1631137575,23.7,23.7,23.7,23.7,23.7,0,0
1631137580,23.7,23.7,23.7,23.7,23.7,3,1
1631137585,23.71,23.76,23.71,23.76,23.74483,6,2
1631137590,23.75,23.75,23.7,23.7,23.73868,5,2
1631137595,23.7,23.7,23.7,23.7,23.7,0,0
1631137600,23.7,23.7,23.7,23.7,23.7,1,1
1631137605,23.75,23.75,23.7,23.7,23.70327,15,3
1631137610,23.7,23.7,23.7,23.7,23.7,5,1
1631137615,23.7,23.7,23.7,23.7,23.7,0,0
1631137620,23.74,23.75,23.72,23.72,23.74396,13,6
1631137625,23.72,23.72,23.72,23.72,23.72,0,0
1631137630,23.75,23.75,23.75,23.75,23.75,5,1
1631137635,23.75,23.75,23.75,23.75,23.75,0,0
1631137640,23.75,23.75,23.75,23.75,23.75,0,0
1631137645,23.75,23.75,23.75,23.75,23.75,0,0
1631137650,23.82,23.82,23.82,23.82,23.82,1,1
1631137655,23.77,23.77,23.77,23.77,23.77,1,1
1631137660,23.77,23.77,23.77,23.77,23.77,0,0
1631137665,23.77,23.77,23.77,23.77,23.77,0,0
1631137670,23.71,23.71,23.71,23.71,23.71,1,1
1631137675,23.71,23.71,23.71,23.71,23.71,0,0
1631137680,23.8,23.8,23.8,23.8,23.8,1,1
1631137685,23.8,23.8,23.8,23.8,23.8,0,0
1631137690,23.8,23.8,23.8,23.8,23.8,0,0
1631137695,23.8,23.8,23.8,23.8,23.8,0,0
1631137700,23.75,23.75,23.75,23.75,23.75,13,3
1631137705,23.75,23.75,23.75,23.75,23.75,0,0
1631137710,23.75,23.75,23.75,23.75,23.75,0,0
1631137715,23.75,23.75,23.75,23.75,23.75,0,0
1631137720,23.75,23.75,23.75,23.75,23.75,0,0
1631137725,23.75,23.75,23.75,23.75,23.75,0,0
1631137730,23.75,23.75,23.75,23.75,23.75,0,0
1631137735,23.79,23.79,23.79,23.79,23.79,9,1
1631137740,23.81,23.83,23.81,23.83,23.82333,3,3
1631137745,23.83,23.84,23.83,23.84,23.83333,3,2
1631137750,23.85,23.85,23.85,23.85,23.85,4,1
1631137755,23.85,23.85,23.85,23.85,23.85,3,1
1631137760,23.87,23.95,23.87,23.95,23.89065,7,3
1631137765,23.95,23.95,23.95,23.95,23.95,0,0
1631137770,23.95,23.95,23.95,23.95,23.95,0,0
1631137775,23.88,23.88,23.88,23.88,23.88,1,1
1631137780,23.88,23.88,23.88,23.88,23.88,0,0
1631137785,23.92,23.93,23.92,23.93,23.92597,2,2
1631137790,23.95,23.95,23.95,23.95,23.95,9,1
1631137795,23.95,23.95,23.95,23.95,23.95,0,0
1631137800,23.95,23.95,23.95,23.95,23.95,0,0
1631137805,23.95,23.95,23.95,23.95,23.95,0,0
1631137810,23.95,23.95,23.95,23.95,23.95,0,0
1631137815,23.95,23.95,23.95,23.95,23.95,0,0
1631137820,23.95,23.95,23.95,23.95,23.95,0,0
1631137825,23.95,23.95,23.95,23.95,23.95,0,0
1631137830,23.95,23.95,23.95,23.95,23.95,0,0
1631137835,23.95,23.95,23.95,23.95,23.95,0,0
1631137840,23.95,23.95,23.95,23.95,23.95,0,0
1631137845,23.95,23.95,23.95,23.95,23.95,0,0
1631137850,23.9,23.95,23.9,23.95,23.94474,9,2
1631137855,23.98,23.98,23.95,23.95,23.96822,4,4
1631137860,23.95,23.95,23.95,23.95,23.95,0,0
1631137865,23.9899,23.99,23.9899,23.99,23.98993,3,2
1631137870,23.99,23.99,23.99,23.99,23.99,0,0
1631137875,24.0,24.03,24.0,24.03,24.00319,9,6
1631137880,24.03,24.03,24.03,24.03,24.03,0,0
1631137885,24.03,24.03,24.03,24.03,24.03,0,0
1631137890,24.04,24.04,24.03,24.03,24.03667,3,3
1631137895,24.03,24.04,24.03,24.04,24.03076,13,5
1631137900,24.04,24.04,24.04,24.04,24.04,0,0
1631137905,24.03,24.03,24.03,24.03,24.03,2,2
1631137910,24.03,24.03,24.0,24.0,24.01676,8,2
1631137915,24.0,24.0,24.0,24.0,24.0,0,0
1631137920,24.0,24.0,24.0,24.0,24.0,0,0
1631137925,24.0,24.0,24.0,24.0,24.0,0,0
1631137930,24.0,24.0,24.0,24.0,24.0,2,1
1631137935,24.0,24.0,24.0,24.0,24.0,0,0
1631137940,24.0,24.0,24.0,24.0,24.0,0,0
1631137945,24.0,24.0,24.0,24.0,24.0,0,0
1631137950,24.0,24.0,23.95,23.95,23.95902,18,6
1631137955,23.95,23.95,23.95,23.95,23.95,0,0
1631137960,23.95,23.95,23.95,23.95,23.95,0,0
1631137965,23.95,24.0,23.95,24.0,23.98253,11,2
1631137970,24.0,24.0,24.0,24.0,24.0,0,0
1631137975,24.0,24.0,24.0,24.0,24.0,2,1
1631137980,24.0,24.0,24.0,24.0,24.0,0,0
1631137985,24.0,24.0,24.0,24.0,24.0,0,0
1631137990,24.0,24.0,24.0,24.0,24.0,4,1
1631137995,23.95,23.95,23.95,23.95,23.95,4,1
1631138000,23.95,23.95,23.95,23.95,23.95,0,0
1631138005,23.95,23.95,23.95,23.95,23.95,0,0
1631138010,24.0001,24.0001,24.0001,24.0001,24.0001,2,1
1631138015,24.0001,24.0001,24.0001,24.0001,24.0001,0,0
1631138020,24.0001,24.0001,24.0001,24.0001,24.0001,0,0
1631138025,24.01,24.01,24.01,24.01,24.01,2,2
1631138030,24.01,24.01,24.0,24.0,24.00059,16,3
1631138035,24.0,24.0,24.0,24.0,24.0,0,0
1631138040,24.0,24.0,24.0,24.0,24.0,0,0
1631138045,24.0,24.0,24.0,24.0,24.0,0,0
1631138050,24.0,24.0,24.0,24.0,24.0,0,0
1631138055,24.0,24.01,24.0,24.01,24.00475,9,2
1631138060,24.01,24.01,24.01,24.01,24.01,0,0
1631138065,24.05,24.05,24.05,24.05,24.05,5,3
1631138070,24.05,24.05,24.05,24.05,24.05,1,1
1631138075,24.05,24.05,24.05,24.05,24.05,0,0
1631138080,24.05,24.05,24.05,24.05,24.05,0,0
1631138085,24.05,24.05,24.05,24.05,24.05,0,0
1631138090,24.06,24.06,24.06,24.06,24.06,4,2
1631138095,23.96,23.96,23.96,23.96,23.96,3,1
1631138100,23.96,23.96,23.96,23.96,23.96,0,0
1631138105,24.0,24.0,24.0,24.0,24.0,1,1
1631138110,24.0,24.0,24.0,24.0,24.0,0,0
1631138115,24.0,24.0,24.0,24.0,24.0,0,0
1631138120,24.0,24.0,24.0,24.0,24.0,0,0
1631138125,24.0,24.0,24.0,24.0,24.0,0,0
1631138130,24.0,24.0,24.0,24.0,24.0,1,1
1631138135,24.0,24.0,24.0,24.0,24.0,0,0
1631138140,24.0,24.0,24.0,24.0,24.0,0,0
1631138145,24.0,24.0,24.0,24.0,24.0,0,0
1631138150,24.0,24.0,24.0,24.0,24.0,0,0
1631138155,24.0,24.0,24.0,24.0,24.0,0,0
1631138160,24.0,24.0,24.0,24.0,24.0,0,0
1631138165,24.0,24.0,24.0,24.0,24.0,0,0
1631138170,24.0,24.0,24.0,24.0,24.0,2,1
1631138175,24.0,24.0,24.0,24.0,24.0,0,0
1631138180,24.0,24.0,24.0,24.0,24.0,0,0
1631138185,24.0,24.0,24.0,24.0,24.0,4,2
1631138190,24.0,24.0,24.0,24.0,24.0,1,1
1631138195,23.95,23.95,23.95,23.95,23.95,2,1
1631138200,23.95,23.95,23.95,23.95,23.95,2,2
1631138205,23.95,23.95,23.95,23.95,23.95,0,0
1631138210,23.98,24.0,23.98,24.0,23.99523,4,3
1631138215,24.0,24.0,24.0,24.0,24.0,0,0
1631138220,24.0,24.0,24.0,24.0,24.0,55,1
1631138225,24.0,24.0,24.0,24.0,24.0,0,0
1631138230,24.0,24.0,24.0,24.0,24.0,0,0
1631138235,24.0,24.0,24.0,24.0,24.0,0,0
1631138240,24.0,24.0,24.0,24.0,24.0,0,0
1631138245,24.0,24.0,24.0,24.0,24.0,0,0
1631138250,24.0,24.0,24.0,24.0,24.0,0,0
1631138255,24.0,24.0,24.0,24.0,24.0,0,0
1631138260,24.0,24.0,24.0,24.0,24.0,0,0
1631138265,24.0,24.0,24.0,24.0,24.0,0,0
1631138270,24.0,24.0,24.0,24.0,24.0,0,0
1631138275,24.0,24.0,24.0,24.0,24.0,0,0
1631138280,24.0,24.0,24.0,24.0,24.0,0,0
1631138285,24.0,24.0,24.0,24.0,24.0,1,1
1631138290,24.0,24.0,24.0,24.0,24.0,0,0
1631138295,23.98,23.98,23.95,23.95,23.97,3,2
1631138300,24.0,24.0,23.95,23.95,23.97131,7,2
1631138305,23.95,23.95,23.95,23.95,23.95,4,2
1631138310,23.95,23.95,23.95,23.95,23.95,0,0
1631138315,23.95,23.95,23.95,23.95,23.95,0,0
1631138320,23.95,23.95,23.95,23.95,23.95,0,0
1631138325,23.95,23.95,23.95,23.95,23.95,0,0
1631138330,23.95,23.95,23.95,23.95,23.95,0,0
1631138335,23.95,23.95,23.95,23.95,23.95,0,0
1631138340,23.95,23.95,23.95,23.95,23.95,0,0
1631138345,23.9,23.9,23.9,23.9,23.9,5,1
1631138350,23.95,23.95,23.95,23.95,23.95,2,1
1631138355,23.95,23.95,23.95,23.95,23.95,0,0
1631138360,23.9,23.9,23.89,23.89,23.898,5,2
1631138365,23.89,23.89,23.87,23.87,23.878,2,2
1631138370,23.89,23.89,23.89,23.89,23.89,5,1
1631138375,23.87,23.87,23.85,23.85,23.864,14,2
1631138380,23.85,23.85,23.85,23.85,23.85,0,0
1631138385,23.85,23.85,23.85,23.85,23.85,0,0
1631138390,23.85,23.85,23.85,23.85,23.85,0,0
1631138395,23.85,23.85,23.85,23.85,23.85,0,0
1631138400,23.85,23.85,23.85,23.85,23.85,0,0
1631138405,23.85,23.85,23.85,23.85,23.85,0,0
1631138410,23.89,23.89,23.89,23.89,23.89,4,1
1631138415,23.89,23.89,23.89,23.89,23.89,0,0
1631138420,23.89,23.89,23.89,23.89,23.89,0,0
1631138425,23.89,23.89,23.89,23.89,23.89,1,1
1631138430,23.89,23.89,23.89,23.89,23.89,0,0
1631138435,23.89,23.89,23.89,23.89,23.89,0,0
1631138440,23.89,23.89,23.89,23.89,23.89,0,0
1631138445,23.89,23.89,23.89,23.89,23.89,0,0
1631138450,23.89,23.89,23.89,23.89,23.89,0,0
1631138455,23.9,23.9,23.9,23.9,23.9,2,1
1631138460,23.9899,24.0,23.9899,24.0,23.99712,14,6
1631138465,24.0,24.0,24.0,24.0,24.0,0,0
1631138470,24.0,24.0,24.0,24.0,24.0,0,0
1631138475,24.0,24.0,24.0,24.0,24.0,0,0
1631138480,24.0,24.0,24.0,24.0,24.0,0,0
1631138485,24.0,24.0,24.0,24.0,24.0,0,0
1631138490,24.0,24.0,24.0,24.0,24.0,0,0
1631138495,24.0,24.0,24.0,24.0,24.0,0,0
1631138500,24.0,24.0,24.0,24.0,24.0,0,0
1631138505,24.0,24.0,24.0,24.0,24.0,0,0
1631138510,24.0,24.0,24.0,24.0,24.0,0,0
1631138515,24.0,24.0,24.0,24.0,24.0,0,0
1631138520,24.0,24.0,24.0,24.0,24.0,0,0
1631138525,23.96,23.96,23.96,23.96,23.96,1,1
1631138530,23.95,23.95,23.95,23.95,23.95,1,1
1631138535,23.95,23.95,23.95,23.95,23.95,0,0
1631138540,23.95,23.95,23.95,23.95,23.95,0,0
1631138545,23.95,23.95,23.95,23.95,23.95,0,0
1631138550,23.95,23.95,23.95,23.95,23.95,1,1
1631138555,23.95,23.95,23.95,23.95,23.95,0,0
1631138560,23.95,23.95,23.95,23.95,23.95,0,0
1631138565,23.95,23.95,23.95,23.95,23.95,0,0
1631138570,23.95,23.95,23.95,23.95,23.95,0,0
1631138575,23.95,23.95,23.95,23.95,23.95,0,0
1631138580,23.95,23.95,23.95,23.95,23.95,0,0
1631138585,23.95,23.95,23.95,23.95,23.95,0,0
1631138590,23.95,23.95,23.95,23.95,23.95,0,0
1631138595,23.95,23.95,23.95,23.95,23.95,0,0
1631138600,23.95,23.95,23.95,23.95,23.95,0,0
1631138605,23.95,23.95,23.95,23.95,23.95,0,0
1631138610,23.95,23.95,23.95,23.95,23.95,13,2
1631138615,23.95,23.95,23.95,23.95,23.95,0,0
1631138620,23.95,23.95,23.95,23.95,23.95,1,1
1631138625,23.95,23.95,23.95,23.95,23.95,0,0
1631138630,23.95,23.95,23.95,23.95,23.95,0,0
1631138635,23.99,23.99,23.99,23.99,23.99,25,1
1631138640,23.99,23.99,23.99,23.99,23.99,0,0
1631138645,23.95,23.95,23.95,23.95,23.95,8,2
1631138650,23.9,23.9,23.9,23.9,23.9,1,1
1631138655,23.9,23.9,23.9,23.9,23.9,0,0
1631138660,23.9,23.9,23.9,23.9,23.9,0,0
1631138665,23.9,23.9,23.9,23.9,23.9,0,0
1631138670,23.9,23.9,23.9,23.9,23.9,0,0
1631138675,23.95,23.95,23.95,23.95,23.95,1,1
1631138680,23.99,23.99,23.99,23.99,23.99,1,1
1631138685,23.99,23.99,23.99,23.99,23.99,0,0
1631138690,23.99,23.99,23.99,23.99,23.99,0,0
1631138695,23.99,23.99,23.99,23.99,23.99,2,2
1631138700,23.99,23.99,23.99,23.99,23.99,12,3
1631138705,23.99,23.99,23.99,23.99,23.99,0,0
1631138710,23.99,23.99,23.99,23.99,23.99,0,0
1631138715,23.99,23.99,23.99,23.99,23.99,0,0
1631138720,23.99,23.99,23.99,23.99,23.99,0,0
1631138725,23.99,23.99,23.99,23.99,23.99,2,1
1631138730,23.99,23.99,23.99,23.99,23.99,0,0
1631138735,23.99,23.99,23.99,23.99,23.99,0,0
1631138740,23.99,23.99,23.99,23.99,23.99,0,0
1631138745,23.99,23.99,23.99,23.99,23.99,1,1
1631138750,23.99,23.99,23.99,23.99,23.99,0,0
1631138755,23.99,23.99,23.99,23.99,23.99,0,0
1631138760,23.99,23.99,23.99,23.99,23.99,0,0
1631138765,23.99,23.99,23.99,23.99,23.99,0,0
1631138770,23.99,23.99,23.99,23.99,23.99,0,0
1631138775,23.99,23.99,23.99,23.99,23.99,0,0
1631138780,23.99,23.99,23.99,23.99,23.99,2,1
1631138785,23.99,23.99,23.99,23.99,23.99,0,0
1631138790,23.99,23.99,23.99,23.99,23.99,4,1
1631138795,23.99,23.99,23.99,23.99,23.99,1,1
1631138800,23.99,23.99,23.99,23.99,23.99,0,0
1631138805,23.99,23.99,23.99,23.99,23.99,0,0
1631138810,23.99,23.99,23.99,23.99,23.99,0,0
1631138815,23.99,23.99,23.99,23.99,23.99,21,1
1631138820,23.99,23.99,23.99,23.99,23.99,0,0
1631138825,23.99,23.99,23.99,23.99,23.99,0,0
1631138830,23.99,23.99,23.99,23.99,23.99,0,0
1631138835,23.95,23.95,23.95,23.95,23.95,1,1
1631138840,23.95,23.95,23.95,23.95,23.95,1,1
1631138845,23.95,23.95,23.95,23.95,23.95,0,0
1631138850,23.95,23.95,23.95,23.95,23.95,0,0
1631138855,23.95,23.95,23.95,23.95,23.95,0,0
1631138860,23.95,23.95,23.95,23.95,23.95,0,0
1631138865,23.95,23.95,23.95,23.95,23.95,0,0
1631138870,23.95,23.95,23.95,23.95,23.95,0,0
1631138875,23.95,23.95,23.95,23.95,23.95,1,1
1631138880,23.95,23.95,23.95,23.95,23.95,0,0
1631138885,23.95,23.95,23.95,23.95,23.95,0,0
1631138890,23.96,23.96,23.96,23.96,23.96,1,1
1631138895,23.96,23.96,23.96,23.96,23.96,0,0
1631138900,23.99,23.99,23.99,23.99,23.99,10,3
1631138905,23.99,23.99,23.99,23.99,23.99,0,0
1631138910,23.99,23.99,23.99,23.99,23.99,0,0
1631138915,23.99,23.99,23.99,23.99,23.99,0,0
1631138920,23.99,23.99,23.99,23.99,23.99,0,0
1631138925,23.99,23.99,23.99,23.99,23.99,0,0
1631138930,23.99,23.99,23.99,23.99,23.99,0,0
1631138935,24.0,24.0,24.0,24.0,24.0,1,1
1631138940,24.0,24.0,24.0,24.0,24.0,10,1
1631138945,24.0,24.0,24.0,24.0,24.0,0,0
1631138950,23.97,23.97,23.97,23.97,23.97,5,1
1631138955,23.97,23.97,23.97,23.97,23.97,0,0
1631138960,24.0,24.0,24.0,24.0,24.0,10,2
1631138965,24.0,24.0,24.0,24.0,24.0,0,0
1631138970,24.0,24.0,24.0,24.0,24.0,0,0
1631138975,24.02,24.02,24.02,24.02,24.02,1,1
1631138980,24.02,24.02,24.02,24.02,24.02,0,0
1631138985,24.02,24.02,24.02,24.02,24.02,0,0
1631138990,24.02,24.02,24.02,24.02,24.02,0,0
1631138995,24.02,24.02,24.02,24.02,24.02,0,0
1631139000,23.98,23.98,23.98,23.98,23.98,2,1
1631139005,23.98,23.98,23.98,23.98,23.98,0,0
1631139010,23.98,24.02,23.98,24.02,23.98364,11,2
1631139015,24.02,24.02,24.02,24.02,24.02,0,0
1631139020,24.02,24.02,24.02,24.02,24.02,0,0
1631139025,24.02,24.02,24.02,24.02,24.02,1,1
1631139030,24.03,24.03,24.03,24.03,24.03,2,1
1631139035,24.03,24.03,24.03,24.03,24.03,0,0
1631139040,24.03,24.06,24.03,24.06,24.04442,9,2
1631139045,24.06,24.06,24.06,24.06,24.06,0,0
1631139050,24.06,24.06,24.06,24.06,24.06,1,1
1631139055,24.06,24.06,24.06,24.06,24.06,0,0
1631139060,24.06,24.07,24.06,24.07,24.06159,31,4
1631139065,24.07,24.09,24.07,24.09,24.07201,37,5
1631139070,24.1,24.1,24.1,24.1,24.1,3,1
1631139075,24.1,24.1,24.1,24.1,24.1,0,0
1631139080,24.1,24.1,24.1,24.1,24.1,0,0
1631139085,24.1,24.1,24.1,24.1,24.1,6,2
1631139090,24.1,24.1,24.1,24.1,24.1,0,0
1631139095,24.14,24.14,24.14,24.14,24.14,1,1
1631139100,24.14,24.14,24.14,24.14,24.14,0,0
1631139105,24.11,24.11,24.06,24.06,24.08946,10,6
1631139110,24.06,24.06,24.06,24.06,24.06,0,0
1631139115,24.15,24.15,24.12,24.12,24.12439,13,3
1631139120,24.12,24.12,24.12,24.12,24.12,0,0
1631139125,24.12,24.12,24.12,24.12,24.12,0,0
1631139130,24.12,24.12,24.12,24.12,24.12,0,0
1631139135,24.05,24.05,24.05,24.05,24.05,2,1
1631139140,24.14,24.15,24.14,24.15,24.14888,8,2
1631139145,24.15,24.15,24.15,24.15,24.15,3,1
1631139150,24.15,24.15,24.15,24.15,24.15,0,0
1631139155,24.1,24.1,24.1,24.1,24.1,1,1
1631139160,24.15,24.15,24.15,24.15,24.15,2,1
1631139165,24.15,24.15,24.15,24.15,24.15,0,0
1631139170,24.13,24.13,24.13,24.13,24.13,1,1
1631139175,24.13,24.13,24.13,24.13,24.13,2,2
1631139180,24.13,24.13,24.13,24.13,24.13,1,1
1631139185,24.1,24.1,24.1,24.1,24.1,2,1
1631139190,24.1,24.1,24.1,24.1,24.1,0,0
1631139195,24.1,24.1,24.1,24.1,24.1,0,0
1631139200,24.1,24.1,24.1,24.1,24.1,0,0
1631139205,24.1,24.1,24.1,24.1,24.1,0,0
1631139210,24.15,24.15,24.1,24.1,24.14013,12,2
1631139215,24.1,24.1,24.1,24.1,24.1,0,0
1631139220,24.09,24.09,24.06,24.06,24.07026,3,2
1631139225,24.09,24.09,24.09,24.09,24.09,3,1
1631139230,24.09,24.09,24.09,24.09,24.09,0,0
1631139235,24.09,24.09,24.09,24.09,24.09,0,0
1631139240,24.09,24.09,24.09,24.09,24.09,0,0
1631139245,24.09,24.09,24.09,24.09,24.09,0,0
1631139250,24.01,24.04,24.01,24.04,24.025,2,2
1631139255,24.0,24.0,24.0,24.0,24.0,31,1
1631139260,24.0,24.0,24.0,24.0,24.0,1,1
1631139265,24.0,24.0,24.0,24.0,24.0,0,0
1631139270,24.0,24.0,24.0,24.0,24.0,0,0
1631139275,24.0,24.0,24.0,24.0,24.0,0,0
1631139280,24.0,24.0,24.0,24.0,24.0,0,0
1631139285,24.0,24.0,24.0,24.0,24.0,0,0
1631139290,24.05,24.05,24.05,24.05,24.05,1,1
1631139295,24.05,24.05,24.05,24.05,24.05,0,0
1631139300,24.05,24.05,24.05,24.05,24.05,0,0
1631139305,24.05,24.05,24.05,24.05,24.05,0,0
1631139310,24.05,24.05,24.05,24.05,24.05,0,0
1631139315,24.05,24.05,24.05,24.05,24.05,0,0
1631139320,24.05,24.05,24.05,24.05,24.05,0,0
1631139325,24.05,24.05,24.05,24.05,24.05,0,0
1631139330,24.05,24.05,24.05,24.05,24.05,0,0
1631139335,24.05,24.05,24.05,24.05,24.05,0,0
1631139340,24.05,24.05,24.05,24.05,24.05,0,0
1631139345,24.05,24.05,24.05,24.05,24.05,0,0
1631139350,24.0499,24.0499,24.0499,24.0499,24.0499,1,1
1631139355,24.05,24.05,24.05,24.05,24.05,2,1
1631139360,24.05,24.05,24.05,24.05,24.05,0,0
1631139365,24.05,24.05,24.05,24.05,24.05,0,0
1631139370,24.05,24.05,24.05,24.05,24.05,1,1
