date,open,high,low,close,average,volume,count
1641393000,477.16,477.44,477.15,477.3,477.255,1839,164
1641393001,477.3,477.3,477.24,477.26,477.256,136,61
1641393002,477.26,477.28,477.25,477.27,477.264,20,19
1641393003,477.27,477.28,477.2,477.2,477.238,82,45
1641393004,477.2,477.23,477.19,477.2,477.212,44,29
1641393005,477.2,477.26,477.14,477.15,477.17,114,45
1641393006,477.14,477.14,477.09,477.09,477.111,32,19
1641393007,477.09,477.09,477.07,477.07,477.076,3,2
1641393008,477.02,477.12,477.0,477.11,477.048,47,24
1641393009,477.1,477.12,477.08,477.1,477.108,28,7
1641393010,477.09,477.16,477.08,477.16,477.136,63,23
1641393011,477.16,477.17,477.15,477.17,477.163,26,17
1641393012,477.19,477.19,477.14,477.15,477.159,28,14
1641393013,477.15,477.16,477.14,477.16,477.148,17,10
1641393014,477.15,477.16,477.15,477.16,477.155,8,5
1641393015,477.17,477.17,477.12,477.13,477.136,32,20
1641393016,477.13,477.23,477.11,477.23,477.15,120,60
1641393017,477.22,477.22,477.2,477.21,477.214,30,22
1641393018,477.21,477.28,477.2,477.28,477.262,144,67
1641393019,477.28,477.28,477.26,477.26,477.277,130,24
1641393020,477.27,477.29,477.24,477.26,477.278,175,67
1641393021,477.24,477.33,477.23,477.31,477.275,251,99
1641393022,477.32,477.35,477.28,477.3,477.323,102,45
1641393023,477.3,477.37,477.28,477.36,477.312,53,34
1641393024,477.34,477.44,477.32,477.43,477.424,170,25
1641393025,477.41,477.49,477.41,477.47,477.444,44,26
1641393026,477.47,477.49,477.46,477.49,477.479,30,16
1641393027,477.5,477.56,477.5,477.55,477.549,238,76
1641393028,477.55,477.6,477.55,477.6,477.561,29,15
1641393029,477.63,477.65,477.62,477.64,477.638,16,13
1641393030,477.66,477.66,477.61,477.63,477.638,53,30
1641393031,477.63,477.63,477.39,477.41,477.482,113,84
1641393032,477.41,477.46,477.36,477.37,477.399,65,44
1641393033,477.39,477.39,477.34,477.38,477.365,15,12
1641393034,477.35,477.43,477.33,477.42,477.366,42,27
1641393035,477.41,477.43,477.39,477.43,477.414,30,20
1641393036,477.42,477.43,477.39,477.42,477.396,20,15
1641393037,477.4,477.41,477.35,477.35,477.361,38,13
1641393038,477.36,477.36,477.33,477.34,477.338,10,8
1641393039,477.33,477.34,477.3,477.33,477.317,18,13
1641393040,477.33,477.34,477.32,477.34,477.33,43,23
1641393041,477.32,477.36,477.32,477.33,477.345,26,17
1641393042,477.34,477.46,477.34,477.46,477.398,73,33
1641393043,477.47,477.5,477.46,477.46,477.474,52,28
1641393044,477.44,477.45,477.39,477.4,477.421,48,29
1641393045,477.38,477.41,477.38,477.39,477.387,36,14
1641393046,477.38,477.38,477.32,477.32,477.346,95,31
1641393047,477.37,477.38,477.35,477.37,477.364,15,10
1641393048,477.37,477.4,477.35,477.4,477.372,14,11
1641393049,477.37,477.37,477.3,477.31,477.325,62,24
1641393050,477.31,477.31,477.29,477.31,477.301,10,5
1641393051,477.27,477.31,477.27,477.31,477.289,7,6
1641393052,477.31,477.32,477.3,477.32,477.312,52,28
1641393053,477.31,477.36,477.31,477.34,477.336,45,24
1641393054,477.34,477.39,477.34,477.38,477.371,58,32
1641393055,477.38,477.38,477.32,477.32,477.343,21,17
1641393056,477.32,477.35,477.3,477.32,477.316,23,21
1641393057,477.32,477.33,477.32,477.32,477.32,8,7
1641393058,477.32,477.34,477.31,477.34,477.327,13,11
1641393059,477.34,477.36,477.34,477.36,477.35,7,7
1641393060,477.39,477.41,477.3,477.32,477.361,76,64
1641393061,477.31,477.32,477.29,477.29,477.313,10,7
1641393062,477.28,477.35,477.26,477.34,477.287,93,73
1641393063,477.37,477.4,477.36,477.4,477.384,33,24
1641393064,477.38,477.39,477.37,477.38,477.38,14,12
1641393065,477.38,477.38,477.35,477.37,477.371,56,30
1641393066,477.36,477.38,477.36,477.36,477.363,18,9
1641393067,477.36,477.41,477.36,477.41,477.387,37,17
1641393068,477.41,477.49,477.39,477.47,477.429,84,36
1641393069,477.47,477.49,477.47,477.48,477.483,17,13
1641393070,477.48,477.55,477.48,477.51,477.516,61,30
1641393071,477.52,477.53,477.51,477.52,477.518,99,52
1641393072,477.52,477.53,477.47,477.48,477.504,191,112
1641393073,477.46,477.46,477.43,477.44,477.445,58,34
1641393074,477.43,477.46,477.41,477.46,477.424,109,68
1641393075,477.46,477.47,477.43,477.43,477.455,17,17
1641393076,477.45,477.47,477.45,477.47,477.462,36,27
1641393077,477.45,477.5,477.43,477.5,477.457,80,39
1641393078,477.48,477.49,477.46,477.47,477.471,40,36
1641393079,477.47,477.49,477.47,477.47,477.481,57,28
1641393080,477.47,477.47,477.43,477.43,477.459,51,35
1641393081,477.45,477.53,477.44,477.53,477.491,35,24
1641393082,477.54,477.58,477.54,477.55,477.56,82,47
1641393083,477.55,477.55,477.51,477.54,477.526,103,49
1641393084,477.53,477.55,477.52,477.54,477.538,17,14
1641393085,477.53,477.59,477.52,477.57,477.541,163,78
1641393086,477.56,477.56,477.53,477.53,477.544,93,67
1641393087,477.53,477.53,477.5,477.5,477.511,18,18
1641393088,477.5,477.5,477.48,477.48,477.49,23,17
1641393089,477.49,477.49,477.45,477.45,477.472,57,53
1641393090,477.47,477.47,477.45,477.47,477.457,34,29
1641393091,477.47,477.48,477.46,477.46,477.477,54,32
1641393092,477.46,477.48,477.46,477.48,477.467,18,17
1641393093,477.47,477.47,477.44,477.45,477.458,124,80
1641393094,477.45,477.46,477.43,477.44,477.456,62,27
1641393095,477.43,477.44,477.42,477.42,477.428,41,31
1641393096,477.42,477.43,477.36,477.36,477.402,75,68
1641393097,477.37,477.37,477.29,477.3,477.334,71,59
1641393098,477.31,477.31,477.3,477.3,477.307,27,17
1641393099,477.3,477.31,477.3,477.3,477.303,22,19
1641393100,477.31,477.32,477.31,477.32,477.313,11,11
1641393101,477.32,477.37,477.31,477.34,477.349,64,44
1641393102,477.33,477.34,477.32,477.33,477.332,23,7
1641393103,477.3,477.3,477.28,477.28,477.295,108,24
1641393104,477.28,477.3,477.28,477.3,477.292,14,13
1641393105,477.29,477.32,477.29,477.32,477.308,4,4
1641393106,477.33,477.33,477.32,477.32,477.327,11,7
1641393107,477.31,477.32,477.28,477.28,477.293,35,22
1641393108,477.27,477.27,477.21,477.22,477.225,22,17
1641393109,477.2,477.21,477.19,477.21,477.197,17,16
1641393110,477.21,477.22,477.19,477.2,477.204,16,8
1641393111,477.19,477.19,477.14,477.15,477.165,35,32
1641393112,477.15,477.15,477.14,477.15,477.148,2,2
1641393113,477.15,477.15,477.11,477.13,477.123,30,17
1641393114,477.14,477.16,477.14,477.16,477.15,14,7
1641393115,477.15,477.16,477.14,477.14,477.15,7,5
1641393116,477.14,477.15,477.13,477.14,477.141,183,68
1641393117,477.12,477.15,477.12,477.15,477.143,4,4
1641393118,477.15,477.17,477.12,477.14,477.149,14,14
1641393119,477.16,477.17,477.15,477.15,477.16,15,7
1641393120,477.14,477.14,477.02,477.02,477.069,87,58
1641393121,477.02,477.02,476.76,476.83,476.855,481,304
1641393122,476.82,476.83,476.77,476.78,476.797,67,56
1641393123,476.8,476.82,476.78,476.81,476.801,28,16
1641393124,476.78,476.84,476.78,476.8,476.793,54,28
1641393125,476.8,476.8,476.71,476.71,476.769,86,36
1641393126,476.72,476.78,476.72,476.72,476.74,29,22
1641393127,476.72,476.74,476.72,476.73,476.73,11,8
1641393128,476.71,476.73,476.7,476.73,476.714,32,27
1641393129,476.72,476.73,476.71,476.71,476.717,39,36
1641393130,476.7,476.7,476.65,476.68,476.674,55,53
1641393131,476.69,476.72,476.68,476.71,476.698,52,35
1641393132,476.69,476.7,476.66,476.66,476.682,132,69
1641393133,476.66,476.68,476.64,476.66,476.654,73,45
1641393134,476.66,476.68,476.66,476.67,476.671,32,31
1641393135,476.66,476.71,476.66,476.69,476.688,86,62
1641393136,476.7,476.75,476.7,476.75,476.733,38,16
1641393137,476.74,476.79,476.74,476.76,476.757,61,57
1641393138,476.77,476.8,476.75,476.78,476.784,53,46
1641393139,476.8,476.8,476.76,476.79,476.777,86,47
1641393140,476.8,476.83,476.8,476.82,476.82,29,19
1641393141,476.82,476.87,476.79,476.87,476.825,32,21
1641393142,476.87,476.89,476.85,476.88,476.886,145,70
1641393143,476.89,476.92,476.89,476.92,476.91,22,13
1641393144,476.92,476.95,476.91,476.95,476.942,41,41
1641393145,476.96,476.96,476.94,476.95,476.951,76,22
1641393146,476.95,476.96,476.92,476.93,476.941,18,14
1641393147,476.94,476.96,476.93,476.93,476.937,23,8
1641393148,476.93,476.95,476.92,476.93,476.933,27,17
1641393149,476.93,476.94,476.92,476.93,476.928,10,9
1641393150,476.92,476.94,476.92,476.93,476.929,64,27
1641393151,476.93,476.93,476.92,476.93,476.928,45,15
1641393152,476.9,476.92,476.9,476.92,476.913,10,7
1641393153,476.92,476.98,476.91,476.98,476.946,37,24
1641393154,476.96,476.97,476.94,476.95,476.962,21,20
1641393155,476.98,476.99,476.98,476.98,476.981,3,2
1641393156,476.94,476.94,476.91,476.92,476.931,40,16
1641393157,476.9,476.91,476.89,476.9,476.898,30,29
1641393158,476.9,476.9,476.84,476.84,476.865,37,30
1641393159,476.84,476.85,476.81,476.81,476.822,13,11
1641393160,476.81,476.81,476.8,476.81,476.805,2,1
1641393161,476.82,476.84,476.8,476.83,476.818,121,46
1641393162,476.8,476.81,476.79,476.81,476.8,18,13
1641393163,476.81,476.81,476.78,476.78,476.792,4,4
1641393164,476.78,476.78,476.75,476.75,476.764,7,7
1641393165,476.72,476.72,476.63,476.66,476.656,39,36
1641393166,476.62,476.63,476.61,476.61,476.617,114,36
1641393167,476.62,476.67,476.62,476.65,476.647,55,22
1641393168,476.65,476.65,476.6,476.62,476.627,24,14
1641393169,476.62,476.62,476.59,476.6,476.604,54,42
1641393170,476.61,476.61,476.57,476.58,476.583,39,25
1641393171,476.56,476.57,476.52,476.57,476.553,107,78
1641393172,476.57,476.6,476.55,476.59,476.561,142,69
1641393173,476.59,476.65,476.57,476.62,476.607,37,34
1641393174,476.63,476.66,476.63,476.66,476.643,20,16
1641393175,476.64,476.69,476.64,476.68,476.665,22,22
1641393176,476.67,476.75,476.66,476.74,476.701,99,45
1641393177,476.72,476.72,476.69,476.7,476.708,18,12
1641393178,476.7,476.7,476.67,476.67,476.685,35,17
1641393179,476.7,476.7,476.64,476.65,476.662,42,40
1641393180,476.66,476.73,476.64,476.67,476.679,165,111
1641393181,476.67,476.7,476.64,476.65,476.657,61,42
1641393182,476.65,476.69,476.62,476.66,476.663,106,84
1641393183,476.67,476.68,476.61,476.62,476.653,38,23
1641393184,476.62,476.64,476.6,476.63,476.619,32,30
1641393185,476.63,476.64,476.55,476.55,476.595,33,24
1641393186,476.56,476.61,476.49,476.49,476.569,176,115
1641393187,476.5,476.6,476.5,476.6,476.552,51,35
1641393188,476.6,476.62,476.59,476.61,476.607,59,32
1641393189,476.62,476.64,476.58,476.62,476.612,68,42
1641393190,476.64,476.66,476.62,476.63,476.637,63,37
1641393191,476.62,476.62,476.59,476.59,476.613,70,40
1641393192,476.61,476.62,476.57,476.62,476.617,137,89
1641393193,476.62,476.64,476.61,476.64,476.621,120,58
1641393194,476.61,476.62,476.56,476.61,476.598,76,47
1641393195,476.63,476.65,476.61,476.61,476.628,90,49
1641393196,476.6,476.61,476.59,476.61,476.601,22,20
1641393197,476.58,476.64,476.58,476.62,476.615,19,16
1641393198,476.64,476.64,476.62,476.63,476.629,34,23
1641393199,476.63,476.64,476.62,476.64,476.632,31,18
1641393200,476.64,476.65,476.64,476.65,476.644,13,5
1641393201,476.65,476.68,476.64,476.68,476.659,35,28
1641393202,476.67,476.67,476.65,476.65,476.664,5,5
1641393203,476.66,476.66,476.63,476.64,476.643,12,11
1641393204,476.63,476.64,476.62,476.62,476.635,15,11
1641393205,476.63,476.68,476.63,476.65,476.657,48,24
1641393206,476.64,476.65,476.64,476.64,476.642,12,12
1641393207,476.65,476.73,476.64,476.71,476.699,78,72
1641393208,476.71,476.78,476.71,476.71,476.739,45,34
1641393209,476.71,476.72,476.64,476.65,476.68,50,34
1641393210,476.65,476.65,476.63,476.65,476.638,26,18
1641393211,476.63,476.64,476.61,476.62,476.619,76,45
1641393212,476.61,476.62,476.58,476.62,476.607,34,26
1641393213,476.62,476.63,476.59,476.61,476.612,20,16
1641393214,476.59,476.6,476.59,476.59,476.593,16,11
1641393215,476.55,476.56,476.51,476.51,476.54,55,34
1641393216,476.51,476.53,476.51,476.53,476.514,25,15
1641393217,476.5,476.53,476.5,476.51,476.519,55,19
1641393218,476.51,476.53,476.49,476.51,476.51,36,30
1641393219,476.49,476.53,476.49,476.52,476.503,13,7
1641393220,476.53,476.53,476.51,476.52,476.52,5,5
1641393221,476.54,476.55,476.52,476.53,476.537,30,20
1641393222,476.52,476.52,476.49,476.52,476.499,14,11
1641393223,476.52,476.52,476.52,476.52,476.52,31,15
1641393224,476.53,476.58,476.53,476.58,476.543,20,16
1641393225,476.57,476.57,476.54,476.56,476.558,19,6
1641393226,476.56,476.56,476.53,476.55,476.549,29,11
1641393227,476.56,476.56,476.54,476.54,476.555,21,15
1641393228,476.55,476.57,476.55,476.56,476.557,16,7
1641393229,476.59,476.6,476.56,476.59,476.578,22,11
1641393230,476.6,476.67,476.6,476.66,476.643,31,20
1641393231,476.65,476.65,476.62,476.62,476.637,31,23
1641393232,476.61,476.61,476.6,476.6,476.604,2,2
1641393233,476.6,476.6,476.57,476.58,476.591,16,12
1641393234,476.58,476.58,476.56,476.57,476.57,5,5
1641393235,476.57,476.57,476.5,476.5,476.529,28,20
1641393236,476.51,476.56,476.51,476.55,476.538,28,21
1641393237,476.55,476.57,476.54,476.54,476.555,33,29
1641393238,476.55,476.56,476.55,476.56,476.552,5,5
1641393239,476.58,476.59,476.56,476.59,476.583,30,24
1641393240,476.58,476.59,476.49,476.51,476.524,114,64
1641393241,476.5,476.53,476.49,476.52,476.507,53,37
1641393242,476.52,476.53,476.51,476.52,476.519,20,14
1641393243,476.52,476.61,476.51,476.61,476.549,81,70
1641393244,476.6,476.61,476.57,476.58,476.586,137,58
1641393245,476.58,476.6,476.56,476.57,476.577,86,65
1641393246,476.58,476.63,476.58,476.61,476.602,39,36
1641393247,476.61,476.67,476.61,476.64,476.64,34,33
1641393248,476.63,476.66,476.61,476.62,476.631,26,23
1641393249,476.61,476.61,476.6,476.6,476.607,3,2
1641393250,476.59,476.62,476.58,476.58,476.602,27,27
1641393251,476.56,476.59,476.55,476.55,476.569,27,25
1641393252,476.56,476.59,476.55,476.56,476.565,21,17
1641393253,476.57,476.57,476.55,476.55,476.56,17,9
1641393254,476.54,476.54,476.51,476.53,476.517,19,18
1641393255,476.53,476.54,476.51,476.54,476.523,8,8
1641393256,476.52,476.53,476.51,476.53,476.517,17,16
1641393257,476.52,476.55,476.52,476.55,476.535,16,16
1641393258,476.53,476.53,476.46,476.47,476.49,46,41
1641393259,476.47,476.51,476.46,476.5,476.487,30,22
1641393260,476.5,476.52,476.48,476.52,476.495,17,12
1641393261,476.51,476.51,476.48,476.51,476.503,26,22
1641393262,476.51,476.54,476.51,476.54,476.531,22,19
1641393263,476.54,476.54,476.51,476.54,476.525,28,25
1641393264,476.55,476.59,476.55,476.58,476.563,29,24
1641393265,476.57,476.59,476.57,476.58,476.581,12,10
1641393266,476.58,476.61,476.58,476.61,476.598,13,7
1641393267,476.6,476.63,476.6,476.62,476.613,28,20
1641393268,476.63,476.64,476.62,476.63,476.633,24,17
1641393269,476.63,476.64,476.62,476.63,476.631,4,4
1641393270,476.63,476.64,476.63,476.63,476.633,14,11
1641393271,476.63,476.67,476.63,476.63,476.656,32,24
1641393272,476.66,476.69,476.65,476.68,476.674,33,16
1641393273,476.68,476.72,476.68,476.71,476.698,29,24
1641393274,476.72,476.76,476.72,476.72,476.728,22,17
1641393275,476.73,476.74,476.72,476.74,476.732,14,9
1641393276,476.74,476.74,476.7,476.73,476.728,11,8
1641393277,476.72,476.73,476.7,476.7,476.717,8,8
1641393278,476.71,476.71,476.67,476.67,476.694,5,5
1641393279,476.68,476.68,476.66,476.68,476.663,20,20
1641393280,476.67,476.67,476.65,476.66,476.665,16,9
1641393281,476.66,476.66,476.58,476.59,476.606,82,59
1641393282,476.59,476.59,476.58,476.59,476.586,5,4
1641393283,476.61,476.66,476.6,476.66,476.626,152,82
1641393284,476.66,476.66,476.62,476.65,476.646,16,7
1641393285,476.66,476.66,476.62,476.62,476.638,45,26
1641393286,476.63,476.64,476.6,476.6,476.617,21,16
1641393287,476.59,476.63,476.58,476.63,476.599,26,20
1641393288,476.64,476.64,476.59,476.6,476.612,38,32
1641393289,476.59,476.59,476.59,476.59,476.59,5,4
1641393290,476.58,476.58,476.54,476.54,476.551,29,18
1641393291,476.54,476.54,476.52,476.53,476.538,16,7
1641393292,476.52,476.53,476.5,476.53,476.508,97,33
1641393293,476.52,476.52,476.48,476.5,476.503,34,23
1641393294,476.5,476.52,476.49,476.49,476.509,12,10
1641393295,476.48,476.49,476.46,476.46,476.467,46,22
1641393296,476.46,476.46,476.39,476.39,476.422,67,59
1641393297,476.39,476.4,476.36,476.37,476.379,100,47
1641393298,476.37,476.4,476.37,476.38,476.382,17,14
1641393299,476.38,476.39,476.37,476.37,476.375,32,15
1641393300,476.36,476.37,476.32,476.34,476.337,329,151
1641393301,476.36,476.37,476.33,476.37,476.352,79,58
1641393302,476.37,476.37,476.33,476.33,476.352,41,30
1641393303,476.31,476.33,476.3,476.31,476.307,72,32
1641393304,476.3,476.32,476.3,476.31,476.311,37,29
1641393305,476.31,476.31,476.24,476.25,476.278,82,37
1641393306,476.24,476.25,476.19,476.22,476.215,92,59
1641393307,476.21,476.24,476.2,476.21,476.22,55,37
1641393308,476.22,476.23,476.22,476.23,476.226,5,3
1641393309,476.21,476.22,476.19,476.2,476.203,50,33
1641393310,476.2,476.2,476.14,476.16,476.161,84,58
1641393311,476.16,476.16,476.13,476.16,476.143,88,44
1641393312,476.14,476.27,476.14,476.26,476.168,204,51
1641393313,476.26,476.27,476.24,476.25,476.251,48,28
1641393314,476.25,476.25,476.18,476.21,476.215,174,98
1641393315,476.19,476.21,476.18,476.2,476.197,41,26
1641393316,476.2,476.2,476.19,476.2,476.197,11,7
1641393317,476.2,476.22,476.19,476.2,476.203,20,17
1641393318,476.18,476.21,476.18,476.18,476.195,62,32
1641393319,476.16,476.18,476.16,476.18,476.174,17,13
1641393320,476.18,476.22,476.18,476.22,476.199,37,23
1641393321,476.22,476.24,476.21,476.24,476.225,39,32
1641393322,476.24,476.28,476.23,476.27,476.257,27,10
1641393323,476.28,476.31,476.28,476.3,476.289,92,73
1641393324,476.29,476.31,476.28,476.28,476.297,133,63
1641393325,476.27,476.29,476.27,476.29,476.288,14,10
1641393326,476.29,476.3,476.26,476.29,476.284,54,46
1641393327,476.29,476.36,476.28,476.36,476.306,32,21
1641393328,476.35,476.35,476.29,476.31,476.324,34,29
1641393329,476.32,476.32,476.3,476.3,476.315,22,10
1641393330,476.31,476.31,476.29,476.3,476.299,16,12
1641393331,476.31,476.32,476.31,476.32,476.311,14,11
1641393332,476.37,476.37,476.36,476.36,476.363,7,6
1641393333,476.33,476.33,476.29,476.3,476.31,21,13
1641393334,476.31,476.34,476.31,476.34,476.328,17,15
1641393335,476.34,476.34,476.29,476.3,476.319,67,54
1641393336,476.32,476.33,476.31,476.31,476.324,33,27
1641393337,476.33,476.37,476.32,476.35,476.341,20,13
1641393338,476.35,476.35,476.35,476.35,476.35,7,7
1641393339,476.36,476.36,476.36,476.36,476.36,5,2
1641393340,476.37,476.37,476.34,476.35,476.354,14,7
1641393341,476.36,476.4,476.35,476.4,476.372,25,13
1641393342,476.41,476.45,476.4,476.45,476.422,63,29
1641393343,476.46,476.49,476.44,476.48,476.478,31,20
1641393344,476.44,476.45,476.44,476.45,476.447,9,5
1641393345,476.45,476.47,476.45,476.47,476.46,12,11
1641393346,476.48,476.49,476.47,476.49,476.482,89,21
1641393347,476.5,476.51,476.49,476.51,476.504,9,8
1641393348,476.51,476.52,476.51,476.52,476.518,10,7
1641393349,476.51,476.51,476.48,476.48,476.498,47,25
1641393350,476.48,476.48,476.48,476.48,476.48,0,0
1641393351,476.49,476.51,476.47,476.47,476.482,39,17
1641393352,476.46,476.46,476.44,476.44,476.45,6,6
1641393353,476.42,476.45,476.42,476.44,476.43,13,9
1641393354,476.45,476.45,476.44,476.45,476.445,4,2
1641393355,476.44,476.44,476.42,476.43,476.428,107,34
1641393356,476.42,476.43,476.41,476.43,476.417,54,21
1641393357,476.43,476.46,476.42,476.46,476.434,72,33
1641393358,476.44,476.48,476.43,476.48,476.436,129,33
1641393359,476.48,476.51,476.47,476.51,476.49,74,26
1641393360,476.51,476.53,476.48,476.5,476.507,51,39
1641393361,476.51,476.53,476.48,476.49,476.508,21,13
1641393362,476.48,476.5,476.45,476.45,476.478,49,42
1641393363,476.46,476.47,476.44,476.45,476.456,15,13
1641393364,476.44,476.45,476.41,476.42,476.422,38,23
1641393365,476.42,476.45,476.42,476.45,476.428,6,6
1641393366,476.44,476.45,476.44,476.44,476.444,32,25
1641393367,476.44,476.45,476.35,476.37,476.38,61,44
1641393368,476.37,476.41,476.35,476.41,476.388,82,49
1641393369,476.4,476.41,476.38,476.41,476.389,8,7
1641393370,476.41,476.41,476.39,476.41,476.398,6,6
1641393371,476.43,476.43,476.41,476.41,476.427,78,25
1641393372,476.42,476.42,476.41,476.42,476.418,8,5
1641393373,476.42,476.43,476.42,476.43,476.427,11,9
1641393374,476.43,476.46,476.42,476.46,476.442,66,56
1641393375,476.44,476.45,476.44,476.44,476.443,3,3
1641393376,476.43,476.43,476.4,476.4,476.415,18,17
1641393377,476.36,476.38,476.36,476.37,476.372,10,9
1641393378,476.37,476.38,476.36,476.38,476.372,25,15
1641393379,476.38,476.41,476.38,476.4,476.388,15,9
1641393380,476.4,476.5,476.4,476.5,476.471,417,182
1641393381,476.49,476.5,476.46,476.46,476.485,13,13
1641393382,476.47,476.54,476.46,476.54,476.479,30,29
1641393383,476.56,476.59,476.56,476.57,476.575,32,27
1641393384,476.57,476.64,476.57,476.64,476.609,21,21
1641393385,476.64,476.64,476.63,476.63,476.633,12,11
1641393386,476.65,476.66,476.61,476.62,476.641,29,27
1641393387,476.62,476.62,476.6,476.62,476.61,19,17
1641393388,476.66,476.67,476.63,476.64,476.65,53,40
1641393389,476.64,476.67,476.63,476.66,476.655,18,16
1641393390,476.66,476.68,476.64,476.68,476.668,23,9
1641393391,476.67,476.68,476.67,476.68,476.678,15,11
1641393392,476.68,476.76,476.68,476.74,476.712,69,48
1641393393,476.75,476.76,476.74,476.74,476.749,16,10
1641393394,476.75,476.81,476.75,476.81,476.785,87,62
1641393395,476.81,476.84,476.81,476.83,476.827,24,17
1641393396,476.83,476.85,476.83,476.84,476.836,24,17
1641393397,476.84,476.86,476.82,476.82,476.836,71,56
1641393398,476.83,476.83,476.76,476.76,476.794,13,13
1641393399,476.77,476.8,476.77,476.79,476.789,23,21
1641393400,476.79,476.82,476.79,476.82,476.799,8,4
1641393401,476.81,476.91,476.81,476.91,476.862,66,22
1641393402,476.91,476.95,476.88,476.94,476.925,54,28
1641393403,476.94,476.95,476.93,476.94,476.944,126,42
1641393404,476.93,476.94,476.93,476.94,476.935,35,12
1641393405,476.94,476.94,476.88,476.9,476.894,167,65
1641393406,476.9,476.9,476.89,476.9,476.898,13,10
1641393407,476.9,476.9,476.88,476.89,476.89,17,7
1641393408,476.89,476.89,476.87,476.87,476.88,10,9
1641393409,476.87,476.87,476.85,476.87,476.862,32,16
1641393410,476.87,476.89,476.86,476.88,476.876,29,19
1641393411,476.91,477.03,476.91,477.02,476.982,86,45
1641393412,477.01,477.01,476.97,476.98,476.979,26,17
1641393413,476.97,477.0,476.96,476.99,476.978,17,13
1641393414,476.98,477.04,476.98,477.04,477.015,27,15
1641393415,477.01,477.01,476.98,476.99,476.994,6,6
1641393416,476.97,476.97,476.96,476.96,476.967,7,5
1641393417,476.96,476.99,476.96,476.97,476.971,32,17
1641393418,476.96,476.98,476.96,476.98,476.969,44,20
1641393419,476.95,476.95,476.91,476.91,476.932,36,33
1641393420,476.94,477.03,476.94,476.98,476.988,128,89
1641393421,476.98,477.03,476.98,477.0,477.005,26,22
1641393422,477.0,477.02,476.99,477.02,476.996,29,17
1641393423,477.02,477.02,476.99,477.0,477.0,10,7
1641393424,476.97,476.97,476.95,476.97,476.963,36,19
1641393425,476.99,476.99,476.93,476.97,476.955,16,12
1641393426,476.96,476.96,476.95,476.95,476.953,20,4
1641393427,476.95,476.96,476.94,476.95,476.954,53,33
1641393428,476.95,476.95,476.9,476.9,476.919,86,47
1641393429,476.91,476.97,476.91,476.94,476.948,38,22
1641393430,476.94,476.95,476.94,476.94,476.944,11,7
1641393431,476.95,476.99,476.93,476.99,476.961,98,37
1641393432,477.0,477.01,476.99,476.99,477.001,30,21
1641393433,477.0,477.01,476.99,476.99,476.999,22,8
1641393434,476.98,477.04,476.98,477.03,477.017,20,13
1641393435,476.99,477.03,476.99,477.0,477.013,72,32
1641393436,476.99,477.0,476.98,476.98,476.988,70,49
1641393437,476.99,477.03,476.99,477.0,477.016,17,8
1641393438,477.0,477.01,476.95,476.96,476.991,33,25
1641393439,476.98,476.99,476.97,476.98,476.98,8,6
1641393440,476.98,477.01,476.98,477.01,476.993,13,12
1641393441,477.0,477.0,476.97,476.98,476.979,24,22
1641393442,476.97,476.99,476.97,476.97,476.981,6,3
1641393443,476.94,476.94,476.9,476.93,476.917,28,24
1641393444,476.92,476.92,476.87,476.89,476.893,12,12
1641393445,476.91,476.91,476.89,476.89,476.907,61,15
1641393446,476.89,476.91,476.88,476.91,476.892,7,7
1641393447,476.91,476.91,476.88,476.9,476.893,6,6
1641393448,476.86,476.87,476.85,476.86,476.864,25,21
1641393449,476.85,476.86,476.83,476.86,476.844,72,53
1641393450,476.83,476.84,476.81,476.81,476.822,67,49
1641393451,476.85,476.91,476.85,476.89,476.887,26,23
1641393452,476.87,476.88,476.85,476.85,476.861,12,8
1641393453,476.85,476.95,476.84,476.95,476.909,40,39
1641393454,476.94,476.94,476.94,476.94,476.94,7,6
1641393455,476.89,476.89,476.85,476.86,476.873,10,10
1641393456,476.86,476.86,476.86,476.86,476.86,0,0
1641393457,476.88,476.88,476.86,476.86,476.87,4,4
1641393458,476.85,476.85,476.84,476.85,476.844,5,5
1641393459,476.84,476.84,476.84,476.84,476.84,2,2
1641393460,476.84,476.84,476.81,476.84,476.818,17,16
1641393461,476.82,476.86,476.82,476.86,476.84,5,3
1641393462,476.87,476.9,476.86,476.86,476.883,105,62
1641393463,476.87,476.88,476.86,476.88,476.87,15,13
1641393464,476.87,476.88,476.86,476.86,476.87,5,5
1641393465,476.87,476.87,476.84,476.86,476.848,17,17
1641393466,476.87,476.87,476.84,476.84,476.862,10,9
1641393467,476.82,476.84,476.82,476.84,476.828,5,5
1641393468,476.85,476.88,476.85,476.87,476.865,6,5
1641393469,476.86,476.86,476.83,476.84,476.847,15,15
1641393470,476.82,476.82,476.77,476.79,476.788,58,36
1641393471,476.79,476.79,476.77,476.78,476.777,10,9
1641393472,476.78,476.78,476.74,476.77,476.765,143,68
1641393473,476.76,476.79,476.76,476.78,476.774,18,18
1641393474,476.79,476.79,476.77,476.77,476.774,17,9
1641393475,476.76,476.77,476.76,476.77,476.763,8,4
1641393476,476.77,476.78,476.77,476.78,476.773,4,3
1641393477,476.76,476.78,476.76,476.78,476.761,22,8
1641393478,476.74,476.74,476.7,476.71,476.732,70,20
1641393479,476.71,476.71,476.67,476.68,476.688,6,6
1641393480,476.67,476.72,476.67,476.7,476.696,18,16
1641393481,476.69,476.72,476.68,476.68,476.7,55,35
1641393482,476.7,476.72,476.69,476.72,476.698,9,9
1641393483,476.71,476.72,476.71,476.71,476.713,4,4
1641393484,476.7,476.73,476.7,476.73,476.721,15,12
1641393485,476.73,476.73,476.7,476.73,476.721,20,16
1641393486,476.7,476.7,476.69,476.69,476.691,15,15
1641393487,476.7,476.73,476.7,476.73,476.72,15,14
1641393488,476.73,476.81,476.73,476.81,476.765,10,9
1641393489,476.81,476.82,476.79,476.79,476.807,23,21
1641393490,476.79,476.79,476.77,476.77,476.786,5,2
1641393491,476.77,476.79,476.77,476.78,476.78,118,91
1641393492,476.79,476.79,476.75,476.76,476.776,17,17
1641393493,476.75,476.77,476.73,476.77,476.745,15,15
1641393494,476.78,476.79,476.77,476.79,476.78,6,6
1641393495,476.8,476.82,476.79,476.79,476.804,9,7
1641393496,476.74,476.77,476.74,476.77,476.745,15,15
1641393497,476.76,476.76,476.73,476.74,476.753,17,17
1641393498,476.75,476.75,476.69,476.69,476.713,40,28
1641393499,476.69,476.69,476.63,476.64,476.652,13,11
1641393500,476.62,476.64,476.55,476.59,476.576,235,152
1641393501,476.6,476.61,476.59,476.6,476.594,32,29
1641393502,476.6,476.6,476.59,476.59,476.592,6,5
1641393503,476.57,476.57,476.48,476.48,476.536,57,25
1641393504,476.49,476.54,476.49,476.54,476.513,4,4
1641393505,476.54,476.55,476.51,476.52,476.53,24,16
1641393506,476.48,476.5,476.48,476.49,476.487,12,10
1641393507,476.46,476.48,476.45,476.47,476.466,38,12
1641393508,476.47,476.47,476.46,476.46,476.467,18,18
1641393509,476.46,476.47,476.45,476.47,476.456,5,4
1641393510,476.46,476.53,476.46,476.53,476.479,45,35
1641393511,476.52,476.55,476.52,476.54,476.538,28,26
1641393512,476.56,476.69,476.56,476.66,476.63,40,38
1641393513,476.66,476.66,476.63,476.63,476.642,6,6
1641393514,476.62,476.66,476.62,476.66,476.641,7,6
1641393515,476.68,476.71,476.67,476.71,476.691,19,18
1641393516,476.72,476.72,476.67,476.68,476.689,15,14
1641393517,476.67,476.67,476.66,476.66,476.662,17,15
1641393518,476.65,476.66,476.62,476.63,476.639,11,8
1641393519,476.65,476.65,476.61,476.62,476.621,15,15
1641393520,476.62,476.64,476.62,476.64,476.633,6,5
1641393521,476.66,476.66,476.63,476.63,476.648,14,14
1641393522,476.61,476.63,476.61,476.62,476.619,14,9
1641393523,476.62,476.62,476.62,476.62,476.62,8,8
1641393524,476.65,476.67,476.64,476.67,476.65,13,11
1641393525,476.67,476.67,476.66,476.67,476.67,0,0
1641393526,476.71,476.72,476.7,476.7,476.705,112,45
1641393527,476.68,476.68,476.66,476.67,476.667,7,7
1641393528,476.69,476.7,476.69,476.7,476.694,15,15
1641393529,476.66,476.68,476.66,476.67,476.667,40,29
1641393530,476.67,476.69,476.67,476.68,476.684,101,42
1641393531,476.68,476.7,476.68,476.69,476.69,8,8
1641393532,476.67,476.67,476.67,476.67,476.67,2,2
1641393533,476.66,476.67,476.65,476.66,476.659,16,11
1641393534,476.65,476.65,476.65,476.65,476.65,1,1
1641393535,476.68,476.69,476.67,476.69,476.689,24,5
1641393536,476.67,476.69,476.66,476.69,476.676,5,4
1641393537,476.68,476.7,476.67,476.67,476.694,25,10
1641393538,476.73,476.73,476.72,476.72,476.723,3,2
1641393539,476.73,476.74,476.72,476.74,476.733,7,6
1641393540,476.74,476.8,476.74,476.76,476.773,69,39
1641393541,476.74,476.74,476.68,476.72,476.709,40,35
1641393542,476.7,476.73,476.7,476.72,476.718,19,19
1641393543,476.71,476.71,476.65,476.66,476.679,29,29
1641393544,476.67,476.69,476.67,476.69,476.68,10,6
1641393545,476.7,476.7,476.62,476.67,476.665,46,41
1641393546,476.67,476.69,476.65,476.67,476.674,32,30
1641393547,476.66,476.67,476.65,476.65,476.66,3,3
1641393548,476.66,476.68,476.64,476.65,476.645,34,32
1641393549,476.67,476.68,476.65,476.65,476.664,31,21
1641393550,476.65,476.67,476.65,476.66,476.659,13,11
1641393551,476.64,476.65,476.62,476.63,476.633,12,10
1641393552,476.64,476.65,476.63,476.64,476.644,12,9
1641393553,476.63,476.64,476.63,476.64,476.639,9,9
1641393554,476.63,476.64,476.63,476.63,476.635,6,6
1641393555,476.65,476.66,476.64,476.66,476.652,10,5
1641393556,476.65,476.67,476.64,476.64,476.649,27,27
1641393557,476.65,476.68,476.65,476.68,476.657,17,11
1641393558,476.68,476.69,476.68,476.69,476.683,3,3
1641393559,476.67,476.68,476.61,476.61,476.637,49,23
1641393560,476.64,476.68,476.64,476.68,476.663,7,5
1641393561,476.67,476.68,476.67,476.68,476.675,3,3
1641393562,476.68,476.68,476.68,476.68,476.68,0,0
1641393563,476.64,476.64,476.64,476.64,476.64,1,1
1641393564,476.65,476.66,476.64,476.65,476.649,13,4
1641393565,476.67,476.7,476.67,476.7,476.687,6,6
1641393566,476.65,476.68,476.65,476.68,476.664,14,12
1641393567,476.69,476.69,476.69,476.69,476.69,14,4
1641393568,476.68,476.68,476.68,476.68,476.68,20,7
1641393569,476.68,476.68,476.68,476.68,476.68,3,3
1641393570,476.66,476.66,476.66,476.66,476.66,2,2
1641393571,476.66,476.66,476.66,476.66,476.66,1,1
1641393572,476.64,476.66,476.64,476.64,476.646,4,3
1641393573,476.65,476.66,476.65,476.66,476.655,2,2
1641393574,476.67,476.67,476.65,476.65,476.66,3,3
1641393575,476.65,476.67,476.65,476.67,476.66,6,6
1641393576,476.68,476.68,476.64,476.64,476.653,18,16
1641393577,476.65,476.66,476.63,476.64,476.643,6,5
1641393578,476.63,476.63,476.62,476.62,476.623,22,21
1641393579,476.61,476.61,476.61,476.61,476.61,1,1
1641393580,476.62,476.63,476.61,476.63,476.629,30,28
1641393581,476.64,476.64,476.62,476.63,476.631,5,2
1641393582,476.61,476.62,476.6,476.62,476.601,35,17
1641393583,476.62,476.63,476.6,476.61,476.619,77,33
1641393584,476.61,476.61,476.61,476.61,476.61,4,4
1641393585,476.61,476.61,476.59,476.6,476.599,8,7
1641393586,476.59,476.61,476.58,476.6,476.589,18,14
1641393587,476.6,476.66,476.59,476.64,476.63,92,40
1641393588,476.63,476.63,476.59,476.59,476.604,29,28
1641393589,476.59,476.61,476.57,476.57,476.584,69,19
1641393590,476.57,476.58,476.56,476.57,476.57,25,23
1641393591,476.57,476.57,476.54,476.56,476.552,47,35
1641393592,476.57,476.59,476.57,476.57,476.571,38,8
1641393593,476.57,476.6,476.57,476.58,476.579,13,13
1641393594,476.59,476.6,476.59,476.59,476.594,8,8
1641393595,476.6,476.62,476.6,476.62,476.616,4,3
1641393596,476.63,476.63,476.63,476.63,476.63,4,4
1641393597,476.62,476.63,476.62,476.63,476.623,3,2
1641393598,476.63,476.63,476.62,476.62,476.627,3,3
1641393599,476.62,476.62,476.61,476.61,476.611,14,4
1641393600,476.6,476.67,476.6,476.6,476.622,35,28
1641393601,476.62,476.62,476.62,476.62,476.62,2,2
1641393602,476.62,476.63,476.6,476.63,476.615,27,12
1641393603,476.63,476.64,476.61,476.64,476.628,14,14
1641393604,476.66,476.67,476.64,476.64,476.658,12,6
1641393605,476.67,476.71,476.67,476.7,476.698,36,13
1641393606,476.7,476.73,476.7,476.72,476.712,18,18
1641393607,476.74,476.76,476.73,476.76,476.746,8,6
1641393608,476.77,476.87,476.77,476.87,476.82,48,28
1641393609,476.88,476.92,476.78,476.91,476.892,61,36
1641393610,476.91,476.94,476.91,476.92,476.922,36,24
1641393611,476.89,476.94,476.88,476.94,476.913,12,10
1641393612,476.94,476.95,476.91,476.91,476.936,12,12
1641393613,476.91,476.93,476.9,476.9,476.923,30,11
1641393614,476.9,476.93,476.89,476.89,476.908,45,23
1641393615,476.88,476.9,476.86,476.87,476.879,26,24
1641393616,476.86,476.92,476.85,476.92,476.876,19,14
1641393617,476.9,476.93,476.9,476.9,476.914,35,21
1641393618,476.91,476.95,476.9,476.92,476.934,72,51
1641393619,476.93,476.93,476.91,476.91,476.918,16,6
1641393620,476.93,476.94,476.93,476.94,476.939,11,11
1641393621,476.95,476.95,476.91,476.93,476.938,32,17
1641393622,476.94,476.97,476.94,476.97,476.962,30,15
1641393623,476.96,476.96,476.94,476.94,476.953,10,9
1641393624,476.93,476.93,476.9,476.91,476.913,4,4
1641393625,476.91,476.93,476.91,476.93,476.919,7,4
1641393626,476.93,476.93,476.92,476.92,476.93,51,9
1641393627,476.94,476.94,476.93,476.93,476.933,4,4
1641393628,476.92,476.93,476.9,476.92,476.915,17,14
1641393629,476.91,476.95,476.91,476.95,476.936,13,8
1641393630,476.96,476.96,476.94,476.95,476.957,12,11
1641393631,476.96,476.98,476.95,476.97,476.965,2,2
1641393632,476.99,477.01,476.99,476.99,476.996,9,6
1641393633,477.0,477.0,476.93,476.94,476.961,26,17
1641393634,476.96,476.97,476.96,476.97,476.961,14,5
1641393635,476.97,476.98,476.97,476.98,476.972,3,2
1641393636,476.99,477.0,476.99,477.0,476.995,4,4
1641393637,477.0,477.0,476.99,476.99,476.991,11,2
1641393638,476.99,477.04,476.99,476.99,477.018,91,63
1641393639,477.0,477.0,476.99,476.99,476.992,9,5
1641393640,476.99,477.01,476.99,477.01,476.998,17,15
1641393641,476.99,477.0,476.98,476.99,476.995,36,14
1641393642,476.98,476.99,476.97,476.97,476.975,68,43
1641393643,476.97,476.98,476.95,476.98,476.969,20,19
1641393644,476.99,476.99,476.98,476.99,476.988,9,9
1641393645,476.99,476.99,476.99,476.99,476.99,7,7
1641393646,476.98,476.99,476.98,476.99,476.988,6,6
1641393647,476.99,477.0,476.98,476.99,476.992,16,9
1641393648,476.98,476.98,476.98,476.98,476.98,6,6
1641393649,476.98,477.0,476.97,477.0,476.993,12,7
1641393650,477.01,477.01,477.0,477.0,477.003,4,4
1641393651,476.99,476.99,476.93,476.96,476.973,60,46
1641393652,476.96,476.96,476.93,476.93,476.943,15,11
1641393653,476.92,476.94,476.91,476.94,476.924,12,10
1641393654,476.94,476.94,476.94,476.94,476.94,0,0
1641393655,476.93,476.93,476.92,476.93,476.93,38,12
1641393656,476.94,476.98,476.94,476.96,476.957,39,26
1641393657,476.96,476.98,476.95,476.97,476.966,18,8
1641393658,476.98,476.98,476.97,476.97,476.974,8,4
1641393659,476.95,476.98,476.94,476.98,476.962,18,14
1641393660,476.96,476.99,476.96,476.98,476.972,25,24
1641393661,476.97,477.19,476.97,477.19,477.119,412,178
1641393662,477.2,477.2,477.15,477.17,477.173,80,65
1641393663,477.17,477.23,477.16,477.23,477.198,57,37
1641393664,477.23,477.24,477.22,477.24,477.23,11,11
1641393665,477.24,477.26,477.21,477.25,477.232,28,21
1641393666,477.26,477.3,477.26,477.29,477.274,48,31
1641393667,477.3,477.3,477.26,477.28,477.28,18,16
1641393668,477.28,477.31,477.27,477.3,477.29,31,25
1641393669,477.28,477.3,477.27,477.3,477.286,7,7
1641393670,477.29,477.3,477.28,477.29,477.293,15,13
1641393671,477.3,477.36,477.3,477.35,477.329,71,67
1641393672,477.35,477.38,477.35,477.38,477.365,17,16
1641393673,477.37,477.43,477.37,477.42,477.409,43,22
1641393674,477.43,477.45,477.43,477.44,477.444,29,26
1641393675,477.45,477.45,477.36,477.41,477.414,33,31
1641393676,477.41,477.42,477.4,477.42,477.412,18,12
1641393677,477.41,477.42,477.38,477.4,477.395,12,12
1641393678,477.4,477.41,477.38,477.38,477.388,29,9
1641393679,477.38,477.4,477.38,477.39,477.39,18,9
1641393680,477.39,477.41,477.39,477.39,477.397,10,10
1641393681,477.41,477.42,477.39,477.4,477.403,76,29
1641393682,477.4,477.41,477.4,477.4,477.401,4,4
1641393683,477.43,477.43,477.39,477.4,477.418,19,11
1641393684,477.4,477.41,477.38,477.38,477.391,13,11
1641393685,477.4,477.41,477.39,477.41,477.398,97,37
1641393686,477.43,477.46,477.43,477.45,477.44,54,27
1641393687,477.44,477.44,477.43,477.44,477.435,25,17
1641393688,477.46,477.46,477.45,477.45,477.459,14,14
1641393689,477.44,477.45,477.42,477.44,477.435,93,58
1641393690,477.46,477.46,477.46,477.46,477.46,5,5
1641393691,477.45,477.46,477.45,477.46,477.453,13,13
1641393692,477.46,477.46,477.44,477.45,477.452,18,13
1641393693,477.46,477.46,477.4,477.42,477.423,48,32
1641393694,477.41,477.44,477.41,477.43,477.434,43,23
1641393695,477.44,477.45,477.43,477.44,477.439,14,10
1641393696,477.44,477.47,477.44,477.46,477.458,13,10
1641393697,477.44,477.45,477.37,477.41,477.406,128,112
1641393698,477.41,477.42,477.37,477.38,477.393,20,18
1641393699,477.39,477.4,477.36,477.39,477.367,59,36
1641393700,477.39,477.4,477.37,477.39,477.385,17,17
1641393701,477.39,477.4,477.37,477.37,477.384,43,21
1641393702,477.37,477.38,477.36,477.37,477.37,16,13
1641393703,477.38,477.38,477.36,477.36,477.364,39,25
1641393704,477.36,477.38,477.35,477.36,477.369,16,12
1641393705,477.37,477.38,477.36,477.38,477.376,12,8
1641393706,477.38,477.4,477.38,477.38,477.385,12,11
1641393707,477.39,477.4,477.39,477.4,477.399,28,19
1641393708,477.4,477.4,477.38,477.38,477.396,45,16
1641393709,477.39,477.4,477.09,477.11,477.244,174,103
1641393710,477.1,477.22,477.07,477.09,477.112,368,319
1641393711,477.1,477.11,477.09,477.1,477.102,35,28
1641393712,477.09,477.09,477.05,477.05,477.059,120,36
1641393713,477.04,477.07,477.01,477.02,477.044,64,53
1641393714,477.03,477.03,476.98,476.98,477.003,20,18
1641393715,476.99,477.01,476.99,477.0,477.001,11,9
1641393716,476.97,477.0,476.96,477.0,476.983,47,28
1641393717,477.0,477.04,477.0,477.02,477.023,122,64
1641393718,477.01,477.05,477.01,477.05,477.033,15,15
1641393719,477.03,477.07,477.02,477.07,477.04,28,25
1641393720,477.06,477.1,477.06,477.1,477.069,16,15
1641393721,477.1,477.11,477.08,477.1,477.096,50,48
1641393722,477.1,477.14,477.07,477.14,477.106,27,24
1641393723,477.16,477.19,477.16,477.19,477.171,22,22
1641393724,477.19,477.19,477.17,477.19,477.18,109,38
1641393725,477.19,477.2,477.18,477.2,477.19,70,18
1641393726,477.2,477.2,477.19,477.2,477.196,11,6
1641393727,477.2,477.21,477.2,477.21,477.207,16,7
1641393728,477.21,477.21,477.19,477.19,477.198,23,20
1641393729,477.2,477.23,477.2,477.22,477.216,44,31
1641393730,477.23,477.25,477.22,477.23,477.236,30,22
1641393731,477.24,477.26,477.24,477.24,477.245,17,17
1641393732,477.24,477.25,477.22,477.25,477.237,30,20
1641393733,477.24,477.24,477.22,477.24,477.234,15,9
1641393734,477.24,477.24,477.18,477.21,477.206,67,57
1641393735,477.2,477.21,477.19,477.2,477.2,21,9
1641393736,477.22,477.22,477.15,477.16,477.194,10,10
1641393737,477.15,477.15,477.13,477.14,477.144,17,12
1641393738,477.15,477.18,477.14,477.18,477.168,32,12
1641393739,477.18,477.18,477.16,477.16,477.168,12,8
1641393740,477.17,477.17,477.13,477.14,477.148,26,25
1641393741,477.13,477.14,477.07,477.08,477.097,126,68
1641393742,477.08,477.09,477.06,477.06,477.077,46,33
1641393743,477.06,477.07,477.06,477.06,477.067,24,13
1641393744,477.06,477.08,477.05,477.08,477.061,23,15
1641393745,477.09,477.09,477.06,477.07,477.084,17,14
1641393746,477.07,477.07,477.04,477.04,477.05,22,18
1641393747,477.04,477.04,477.02,477.04,477.031,37,20
1641393748,477.03,477.03,476.99,477.0,477.0,19,14
1641393749,477.0,477.01,476.98,476.98,476.997,3,3
1641393750,476.97,476.97,476.86,476.87,476.885,103,58
1641393751,476.87,476.9,476.84,476.88,476.873,27,22
1641393752,476.88,476.9,476.87,476.87,476.886,37,29
1641393753,476.87,476.88,476.85,476.86,476.864,24,11
1641393754,476.86,476.86,476.81,476.85,476.833,51,42
1641393755,476.83,476.83,476.77,476.77,476.797,26,20
1641393756,476.78,476.78,476.72,476.73,476.76,91,61
1641393757,476.73,476.76,476.73,476.75,476.741,64,40
1641393758,476.76,476.78,476.75,476.77,476.77,21,15
1641393759,476.76,476.76,476.7,476.71,476.721,16,15
1641393760,476.7,476.71,476.66,476.66,476.692,53,38
1641393761,476.62,476.64,476.61,476.63,476.624,48,38
1641393762,476.62,476.66,476.62,476.66,476.644,44,27
1641393763,476.65,476.68,476.64,476.68,476.656,18,16
1641393764,476.68,476.69,476.6,476.61,476.651,15,12
1641393765,476.62,476.62,476.61,476.62,476.619,12,11
1641393766,476.61,476.64,476.59,476.6,476.614,23,19
1641393767,476.61,476.63,476.6,476.63,476.616,14,10
1641393768,476.62,476.62,476.61,476.62,476.616,51,11
1641393769,476.64,476.71,476.63,476.71,476.676,27,18
1641393770,476.71,476.73,476.68,476.73,476.707,58,45
1641393771,476.71,476.73,476.7,476.7,476.711,43,28
1641393772,476.71,476.78,476.71,476.78,476.743,23,19
1641393773,476.8,476.81,476.78,476.81,476.799,14,13
1641393774,476.82,476.82,476.8,476.8,476.814,11,8
1641393775,476.78,476.78,476.75,476.77,476.767,32,21
1641393776,476.76,476.77,476.76,476.76,476.766,6,6
1641393777,476.76,476.76,476.75,476.76,476.757,6,4
1641393778,476.74,476.75,476.72,476.74,476.735,23,16
1641393779,476.7,476.7,476.67,476.67,476.68,15,11
1641393780,476.66,476.67,476.61,476.61,476.646,36,24
1641393781,476.61,476.62,476.57,476.58,476.612,28,8
1641393782,476.57,476.58,476.53,476.54,476.554,20,18
1641393783,476.54,476.61,476.53,476.61,476.574,74,49
1641393784,476.6,476.61,476.56,476.57,476.593,19,13
1641393785,476.56,476.59,476.56,476.56,476.57,15,13
1641393786,476.56,476.61,476.56,476.61,476.584,20,19
1641393787,476.61,476.62,476.61,476.62,476.618,15,12
1641393788,476.62,476.65,476.61,476.65,476.63,25,20
1641393789,476.65,476.66,476.63,476.64,476.65,24,21
1641393790,476.64,476.66,476.63,476.66,476.647,33,28
1641393791,476.67,476.73,476.67,476.72,476.705,18,16
1641393792,476.73,476.76,476.73,476.75,476.744,19,12
1641393793,476.77,476.79,476.74,476.77,476.765,75,44
1641393794,476.76,476.78,476.76,476.77,476.766,9,9
1641393795,476.77,476.77,476.75,476.76,476.76,20,6
1641393796,476.74,476.75,476.72,476.75,476.733,18,17
1641393797,476.74,476.75,476.73,476.74,476.737,11,7
1641393798,476.73,476.73,476.67,476.72,476.698,20,20
1641393799,476.72,476.72,476.71,476.72,476.719,8,8
1641393800,476.71,476.71,476.71,476.71,476.71,9,4
1641393801,476.69,476.69,476.64,476.65,476.668,15,14
1641393802,476.65,476.68,476.64,476.64,476.661,18,18
1641393803,476.65,476.68,476.64,476.67,476.669,6,6
1641393804,476.68,476.68,476.68,476.68,476.68,1,1
1641393805,476.65,476.65,476.61,476.62,476.625,42,26
1641393806,476.63,476.63,476.62,476.62,476.623,6,6
1641393807,476.63,476.66,476.63,476.66,476.65,9,6
1641393808,476.65,476.65,476.63,476.64,476.64,9,9
1641393809,476.65,476.67,476.64,476.67,476.656,14,14
1641393810,476.66,476.68,476.65,476.68,476.671,17,15
1641393811,476.68,476.7,476.68,476.7,476.689,7,6
1641393812,476.72,476.72,476.72,476.72,476.72,3,3
1641393813,476.73,476.74,476.7,476.71,476.729,56,5
1641393814,476.71,476.72,476.7,476.71,476.713,22,11
1641393815,476.72,476.75,476.72,476.74,476.739,23,14
1641393816,476.72,476.73,476.72,476.73,476.721,9,9
1641393817,476.71,476.71,476.69,476.69,476.703,16,16
1641393818,476.68,476.74,476.67,476.71,476.709,134,49
1641393819,476.72,476.75,476.72,476.75,476.734,5,5
1641393820,476.75,476.75,476.7,476.71,476.736,6,4
1641393821,476.71,476.73,476.71,476.73,476.72,3,3
1641393822,476.71,476.71,476.71,476.71,476.71,2,1
1641393823,476.7,476.7,476.68,476.68,476.694,6,6
1641393824,476.7,476.7,476.7,476.7,476.7,2,2
1641393825,476.7,476.72,476.7,476.72,476.706,7,4
1641393826,476.7,476.72,476.69,476.72,476.701,9,9
1641393827,476.75,476.75,476.74,476.74,476.743,4,4
1641393828,476.73,476.8,476.73,476.8,476.78,32,23
1641393829,476.8,476.81,476.8,476.8,476.807,7,6
1641393830,476.81,476.81,476.79,476.8,476.792,25,14
1641393831,476.81,476.81,476.81,476.81,476.81,11,3
1641393832,476.82,476.84,476.82,476.83,476.826,2,2
1641393833,476.84,476.84,476.83,476.84,476.836,10,6
1641393834,476.84,476.84,476.84,476.84,476.84,4,4
1641393835,476.83,476.84,476.82,476.84,476.833,25,21
1641393836,476.84,476.84,476.83,476.84,476.839,4,4
1641393837,476.83,476.85,476.81,476.85,476.837,58,16
1641393838,476.84,476.86,476.83,476.83,476.847,56,29
1641393839,476.84,476.85,476.83,476.83,476.835,13,13
1641393840,476.81,476.84,476.81,476.84,476.824,13,12
1641393841,476.8,476.83,476.78,476.83,476.8,23,23
1641393842,476.84,476.89,476.84,476.89,476.875,44,20
1641393843,476.89,476.9,476.88,476.89,476.896,17,17
1641393844,476.89,476.9,476.88,476.88,476.895,7,3
1641393845,476.9,476.9,476.89,476.89,476.897,6,6
1641393846,476.9,476.9,476.85,476.87,476.869,36,32
1641393847,476.87,476.87,476.86,476.86,476.864,7,7
1641393848,476.84,476.86,476.84,476.86,476.845,13,13
1641393849,476.86,476.86,476.83,476.84,476.847,15,12
1641393850,476.84,476.84,476.82,476.82,476.83,22,21
1641393851,476.8,476.82,476.8,476.82,476.803,7,7
1641393852,476.82,476.84,476.8,476.8,476.82,26,10
1641393853,476.79,476.79,476.76,476.76,476.779,10,10
1641393854,476.76,476.76,476.72,476.74,476.733,14,13
1641393855,476.72,476.73,476.7,476.73,476.713,15,12
1641393856,476.74,476.79,476.74,476.79,476.762,19,17
1641393857,476.79,476.8,476.79,476.79,476.791,20,20
1641393858,476.8,476.8,476.77,476.78,476.784,23,23
1641393859,476.79,476.79,476.76,476.76,476.773,3,3
1641393860,476.77,476.79,476.77,476.78,476.778,16,12
1641393861,476.77,476.77,476.76,476.76,476.768,8,8
1641393862,476.77,476.78,476.77,476.78,476.774,5,5
1641393863,476.78,476.78,476.77,476.77,476.773,6,6
1641393864,476.77,476.78,476.75,476.75,476.761,19,11
1641393865,476.76,476.76,476.73,476.73,476.743,15,12
1641393866,476.74,476.74,476.72,476.74,476.731,19,5
1641393867,476.74,476.75,476.71,476.72,476.732,15,10
1641393868,476.72,476.76,476.72,476.76,476.735,10,10
1641393869,476.74,476.74,476.73,476.73,476.735,4,4
1641393870,476.72,476.72,476.69,476.71,476.71,10,9
1641393871,476.69,476.7,476.68,476.7,476.689,6,5
1641393872,476.68,476.7,476.68,476.7,476.69,2,2
1641393873,476.71,476.73,476.71,476.73,476.721,8,8
1641393874,476.7,476.71,476.68,476.71,476.692,7,6
1641393875,476.71,476.71,476.71,476.71,476.71,2,2
1641393876,476.7,476.7,476.69,476.69,476.697,12,9
1641393877,476.69,476.7,476.68,476.7,476.693,4,4
1641393878,476.72,476.72,476.7,476.7,476.714,5,5
1641393879,476.71,476.71,476.68,476.68,476.691,11,10
1641393880,476.69,476.71,476.68,476.69,476.696,7,7
1641393881,476.67,476.69,476.66,476.69,476.671,8,8
1641393882,476.69,476.69,476.69,476.69,476.69,2,2
1641393883,476.69,476.72,476.69,476.72,476.704,22,13
1641393884,476.7,476.72,476.69,476.72,476.706,28,28
1641393885,476.72,476.73,476.72,476.73,476.726,8,4
1641393886,476.72,476.72,476.72,476.72,476.72,1,1
1641393887,476.72,476.72,476.72,476.72,476.72,0,0
1641393888,476.73,476.75,476.73,476.75,476.745,10,6
1641393889,476.77,476.84,476.77,476.82,476.802,176,53
1641393890,476.81,476.84,476.81,476.84,476.811,40,14
1641393891,476.83,476.83,476.8,476.81,476.822,30,11
1641393892,476.82,476.84,476.81,476.84,476.822,12,12
1641393893,476.83,476.84,476.82,476.82,476.831,56,48
1641393894,476.81,476.83,476.81,476.82,476.822,11,11
1641393895,476.83,476.86,476.83,476.86,476.842,27,26
1641393896,476.86,476.88,476.86,476.87,476.87,30,30
1641393897,476.87,476.88,476.86,476.88,476.869,9,9
1641393898,476.87,476.87,476.83,476.83,476.84,6,4
1641393899,476.85,476.86,476.82,476.83,476.838,30,14
1641393900,476.85,476.85,476.82,476.82,476.825,22,18
1641393901,476.81,476.83,476.81,476.83,476.816,19,19
1641393902,476.83,476.9,476.83,476.9,476.872,47,29
1641393903,476.86,476.89,476.86,476.89,476.871,22,21
1641393904,476.87,476.87,476.83,476.83,476.84,58,28
1641393905,476.82,476.82,476.78,476.78,476.815,14,14
1641393906,476.79,476.85,476.79,476.85,476.822,23,21
1641393907,476.84,476.9,476.84,476.88,476.879,31,27
1641393908,476.86,476.87,476.83,476.87,476.846,16,14
1641393909,476.86,476.87,476.83,476.84,476.845,20,14
1641393910,476.86,476.87,476.86,476.87,476.861,7,7
1641393911,476.87,476.87,476.86,476.86,476.863,12,12
1641393912,476.84,476.84,476.8,476.81,476.813,43,14
1641393913,476.82,476.82,476.76,476.77,476.78,19,13
1641393914,476.77,476.79,476.76,476.77,476.766,20,13
1641393915,476.76,476.76,476.76,476.76,476.76,7,4
1641393916,476.76,476.78,476.73,476.75,476.761,32,31
1641393917,476.74,476.77,476.74,476.76,476.761,17,14
1641393918,476.77,476.78,476.77,476.77,476.777,36,26
1641393919,476.77,476.77,476.76,476.77,476.765,11,10
1641393920,476.79,476.8,476.79,476.8,476.796,5,3
1641393921,476.77,476.77,476.75,476.75,476.761,5,5
1641393922,476.75,476.75,476.61,476.65,476.656,49,38
1641393923,476.65,476.67,476.65,476.65,476.658,21,18
1641393924,476.66,476.66,476.64,476.64,476.65,3,3
1641393925,476.67,476.68,476.63,476.63,476.663,75,44
1641393926,476.63,476.63,476.62,476.63,476.623,21,14
1641393927,476.64,476.67,476.63,476.67,476.65,36,22
1641393928,476.67,476.68,476.66,476.68,476.671,18,13
1641393929,476.68,476.73,476.65,476.73,476.679,28,27
1641393930,476.73,476.81,476.73,476.79,476.778,63,42
1641393931,476.79,476.79,476.78,476.79,476.784,13,12
1641393932,476.79,476.83,476.78,476.82,476.816,65,44
1641393933,476.82,476.84,476.82,476.83,476.829,10,9
1641393934,476.82,476.82,476.79,476.79,476.809,26,19
1641393935,476.8,476.82,476.8,476.82,476.807,8,6
1641393936,476.83,476.83,476.81,476.82,476.819,6,5
1641393937,476.83,476.84,476.83,476.84,476.838,10,10
1641393938,476.85,476.85,476.82,476.82,476.836,5,4
1641393939,476.82,476.85,476.82,476.84,476.839,88,9
1641393940,476.83,476.89,476.83,476.89,476.838,32,14
1641393941,476.87,476.89,476.86,476.89,476.866,14,10
1641393942,476.89,476.89,476.88,476.88,476.885,4,4
1641393943,476.87,476.87,476.86,476.86,476.866,9,6
1641393944,476.87,476.87,476.81,476.81,476.838,9,7
1641393945,476.82,476.82,476.8,476.81,476.802,27,16
1641393946,476.79,476.79,476.79,476.79,476.79,17,17
1641393947,476.79,476.79,476.73,476.75,476.76,29,22
1641393948,476.75,476.79,476.75,476.78,476.777,13,12
1641393949,476.76,476.76,476.73,476.74,476.738,35,16
1641393950,476.74,476.75,476.7,476.7,476.722,29,24
1641393951,476.71,476.71,476.69,476.71,476.704,28,21
1641393952,476.7,476.71,476.7,476.71,476.708,8,4
1641393953,476.7,476.73,476.7,476.73,476.71,10,6
1641393954,476.73,476.73,476.73,476.73,476.73,3,1
1641393955,476.73,476.75,476.72,476.73,476.732,24,17
1641393956,476.72,476.72,476.71,476.72,476.717,11,7
1641393957,476.71,476.73,476.7,476.73,476.719,23,17
1641393958,476.73,476.73,476.72,476.72,476.725,5,3
1641393959,476.72,476.72,476.72,476.72,476.72,1,1
1641393960,476.74,476.77,476.74,476.76,476.761,35,28
1641393961,476.78,476.8,476.77,476.77,476.787,53,41
1641393962,476.77,476.78,476.73,476.78,476.748,16,12
1641393963,476.78,476.78,476.74,476.77,476.759,19,14
1641393964,476.76,476.81,476.76,476.8,476.784,10,9
1641393965,476.81,476.82,476.81,476.82,476.816,5,5
1641393966,476.84,476.85,476.83,476.85,476.837,8,5
1641393967,476.84,476.89,476.84,476.87,476.868,18,15
1641393968,476.86,476.86,476.82,476.82,476.85,14,13
1641393969,476.83,476.85,476.83,476.85,476.841,7,7
1641393970,476.83,476.83,476.82,476.83,476.828,12,10
1641393971,476.82,476.84,476.79,476.8,476.816,11,8
1641393972,476.79,476.79,476.79,476.79,476.79,4,1
1641393973,476.78,476.8,476.78,476.78,476.788,5,5
1641393974,476.81,476.81,476.8,476.8,476.809,8,8
1641393975,476.81,476.82,476.8,476.81,476.81,4,4
1641393976,476.84,476.84,476.84,476.84,476.84,1,1
1641393977,476.83,476.84,476.82,476.83,476.83,22,12
1641393978,476.83,476.83,476.82,476.82,476.827,6,6
1641393979,476.82,476.82,476.79,476.8,476.8,20,19
1641393980,476.79,476.79,476.79,476.79,476.79,1,1
1641393981,476.81,476.81,476.79,476.8,476.805,15,6
1641393982,476.77,476.77,476.72,476.72,476.742,11,11
1641393983,476.71,476.78,476.71,476.76,476.752,74,62
1641393984,476.75,476.76,476.73,476.75,476.748,32,28
1641393985,476.76,476.76,476.74,476.76,476.757,6,6
1641393986,476.75,476.75,476.73,476.74,476.748,9,9
1641393987,476.73,476.77,476.73,476.74,476.748,13,13
1641393988,476.72,476.72,476.7,476.7,476.706,14,10
1641393989,476.71,476.71,476.69,476.69,476.697,7,7
1641393990,476.68,476.75,476.68,476.74,476.712,19,15
1641393991,476.71,476.73,476.71,476.72,476.727,56,26
1641393992,476.73,476.73,476.71,476.72,476.717,15,13
1641393993,476.73,476.74,476.72,476.72,476.727,5,5
1641393994,476.7,476.7,476.69,476.7,476.697,3,3
1641393995,476.72,476.72,476.71,476.72,476.717,10,10
1641393996,476.73,476.76,476.72,476.74,476.737,95,55
1641393997,476.74,476.74,476.72,476.72,476.728,9,9
1641393998,476.72,476.72,476.7,476.72,476.714,9,9
1641393999,476.72,476.72,476.68,476.69,476.699,12,12
1641394000,476.69,476.69,476.69,476.69,476.69,3,3
1641394001,476.69,476.72,476.67,476.69,476.691,46,39
1641394002,476.69,476.73,476.68,476.73,476.712,42,39
1641394003,476.71,476.71,476.67,476.68,476.687,16,9
1641394004,476.66,476.67,476.64,476.67,476.659,25,24
1641394005,476.68,476.72,476.68,476.72,476.698,14,12
1641394006,476.73,476.79,476.71,476.77,476.759,30,26
1641394007,476.76,476.76,476.76,476.76,476.76,1,1
1641394008,476.76,476.8,476.76,476.78,476.778,47,34
1641394009,476.77,476.79,476.77,476.78,476.775,10,10
1641394010,476.78,476.79,476.77,476.77,476.78,27,21
1641394011,476.77,476.78,476.75,476.75,476.76,27,24
1641394012,476.75,476.75,476.75,476.75,476.75,0,0
1641394013,476.71,476.71,476.67,476.67,476.686,92,39
1641394014,476.67,476.67,476.64,476.67,476.655,14,10
1641394015,476.66,476.66,476.65,476.66,476.657,7,7
1641394016,476.66,476.66,476.66,476.66,476.66,2,2
1641394017,476.64,476.65,476.6,476.63,476.617,51,30
1641394018,476.6,476.6,476.56,476.56,476.586,15,14
1641394019,476.56,476.56,476.48,476.5,476.497,142,61
1641394020,476.5,476.54,476.49,476.54,476.511,38,28
1641394021,476.51,476.52,476.49,476.52,476.504,15,12
1641394022,476.51,476.54,476.5,476.54,476.518,13,7
1641394023,476.54,476.57,476.54,476.57,476.553,9,9
1641394024,476.56,476.6,476.56,476.57,476.581,16,16
1641394025,476.57,476.59,476.56,476.56,476.573,11,11
1641394026,476.56,476.57,476.55,476.55,476.562,13,13
1641394027,476.56,476.6,476.56,476.59,476.58,45,24
1641394028,476.6,476.62,476.59,476.61,476.607,21,8
1641394029,476.6,476.63,476.6,476.62,476.619,15,11
1641394030,476.63,476.66,476.63,476.66,476.639,5,5
1641394031,476.65,476.67,476.65,476.65,476.658,54,48
1641394032,476.64,476.65,476.63,476.65,476.64,17,16
1641394033,476.65,476.65,476.59,476.6,476.601,20,19
1641394034,476.62,476.64,476.61,476.63,476.624,17,14
1641394035,476.61,476.61,476.57,476.58,476.6,41,26
1641394036,476.56,476.58,476.53,476.53,476.537,93,41
1641394037,476.53,476.55,476.53,476.54,476.537,30,24
1641394038,476.55,476.58,476.52,476.52,476.55,44,39
1641394039,476.53,476.53,476.53,476.53,476.53,3,3
1641394040,476.54,476.54,476.51,476.53,476.53,47,29
1641394041,476.52,476.52,476.47,476.47,476.492,35,24
1641394042,476.46,476.5,476.46,476.5,476.483,10,10
1641394043,476.47,476.47,476.45,476.46,476.463,6,4
1641394044,476.47,476.49,476.45,476.48,476.469,40,32
1641394045,476.48,476.48,476.4,476.41,476.44,135,64
1641394046,476.42,476.43,476.38,476.4,476.394,33,25
1641394047,476.38,476.41,476.38,476.41,476.396,16,16
1641394048,476.43,476.47,476.42,476.46,476.443,34,21
1641394049,476.46,476.46,476.41,476.41,476.413,35,14
1641394050,476.42,476.44,476.39,476.43,476.422,21,20
1641394051,476.43,476.47,476.42,476.46,476.451,33,22
1641394052,476.47,476.47,476.45,476.45,476.46,14,9
1641394053,476.44,476.46,476.43,476.46,476.451,33,28
1641394054,476.46,476.46,476.46,476.46,476.46,1,1
1641394055,476.47,476.47,476.44,476.44,476.449,7,7
1641394056,476.44,476.45,476.43,476.45,476.442,17,15
1641394057,476.45,476.45,476.45,476.45,476.45,0,0
1641394058,476.45,476.47,476.45,476.47,476.46,47,8
1641394059,476.45,476.45,476.44,476.44,476.447,3,3
1641394060,476.43,476.53,476.43,476.53,476.489,18,13
1641394061,476.53,476.53,476.51,476.51,476.518,3,3
1641394062,476.5,476.5,476.5,476.5,476.5,3,1
1641394063,476.49,476.54,476.49,476.54,476.517,14,14
1641394064,476.53,476.54,476.48,476.48,476.494,5,4
1641394065,476.49,476.49,476.46,476.47,476.474,14,11
1641394066,476.45,476.45,476.43,476.43,476.437,14,12
1641394067,476.43,476.43,476.39,476.39,476.409,16,13
1641394068,476.38,476.41,476.38,476.41,476.4,13,11
1641394069,476.41,476.43,476.41,476.42,476.422,21,14
1641394070,476.43,476.45,476.43,476.44,476.438,12,11
1641394071,476.43,476.47,476.43,476.46,476.454,28,23
1641394072,476.44,476.47,476.44,476.47,476.46,30,20
1641394073,476.46,476.49,476.46,476.47,476.47,12,12
1641394074,476.49,476.56,476.48,476.54,476.526,33,31
1641394075,476.55,476.58,476.54,476.55,476.566,77,46
1641394076,476.53,476.56,476.52,476.56,476.536,14,14
1641394077,476.55,476.55,476.54,476.55,476.548,2,2
1641394078,476.55,476.59,476.52,476.55,476.555,61,40
1641394079,476.54,476.54,476.5,476.52,476.512,41,29
1641394080,476.52,476.52,476.48,476.5,476.501,19,17
1641394081,476.48,476.48,476.45,476.45,476.454,76,41
1641394082,476.46,476.5,476.46,476.49,476.482,43,31
1641394083,476.49,476.52,476.49,476.51,476.505,20,20
1641394084,476.51,476.52,476.51,476.52,476.513,10,10
1641394085,476.52,476.54,476.51,476.52,476.525,16,12
1641394086,476.52,476.53,476.51,476.51,476.516,5,5
1641394087,476.52,476.52,476.48,476.49,476.498,12,11
1641394088,476.49,476.52,476.49,476.52,476.503,15,12
1641394089,476.52,476.52,476.5,476.5,476.515,6,6
1641394090,476.51,476.51,476.47,476.48,476.49,16,13
1641394091,476.48,476.49,476.45,476.45,476.467,29,22
1641394092,476.44,476.44,476.41,476.43,476.426,34,30
1641394093,476.42,476.44,476.42,476.43,476.431,17,15
1641394094,476.44,476.47,476.44,476.45,476.451,10,5
1641394095,476.46,476.46,476.41,476.42,476.432,12,12
1641394096,476.41,476.43,476.4,476.43,476.411,111,63
1641394097,476.42,476.42,476.34,476.36,476.368,73,43
1641394098,476.35,476.44,476.34,476.44,476.401,81,71
1641394099,476.44,476.45,476.41,476.45,476.425,56,38
1641394100,476.45,476.47,476.45,476.47,476.461,9,9
1641394101,476.49,476.49,476.47,476.49,476.481,10,8
1641394102,476.48,476.49,476.48,476.49,476.486,3,3
1641394103,476.48,476.48,476.47,476.47,476.475,4,3
1641394104,476.47,476.54,476.47,476.54,476.51,19,19
1641394105,476.55,476.56,476.55,476.56,476.559,13,11
1641394106,476.56,476.56,476.51,476.56,476.545,31,17
1641394107,476.56,476.57,476.54,476.55,476.559,13,12
1641394108,476.54,476.54,476.54,476.54,476.54,2,2
1641394109,476.51,476.52,476.5,476.52,476.512,5,3
1641394110,476.52,476.54,476.51,476.54,476.518,21,15
1641394111,476.5,476.51,476.5,476.5,476.5,4,4
1641394112,476.49,476.49,476.48,476.48,476.488,4,4
1641394113,476.47,476.49,476.44,476.45,476.466,31,31
1641394114,476.46,476.46,476.41,476.41,476.43,15,10
1641394115,476.4,476.43,476.39,476.43,476.404,36,12
1641394116,476.42,476.44,476.42,476.42,476.43,17,13
1641394117,476.42,476.44,476.42,476.43,476.43,12,11
1641394118,476.44,476.44,476.43,476.44,476.438,13,12
1641394119,476.45,476.47,476.45,476.47,476.464,7,7
1641394120,476.49,476.49,476.48,476.48,476.485,4,4
1641394121,476.47,476.49,476.45,476.49,476.483,26,21
1641394122,476.48,476.48,476.47,476.47,476.475,2,2
1641394123,476.47,476.48,476.46,476.48,476.475,7,7
1641394124,476.49,476.51,476.49,476.51,476.5,3,3
1641394125,476.53,476.55,476.53,476.55,476.538,7,4
1641394126,476.56,476.56,476.55,476.56,476.56,6,5
1641394127,476.56,476.56,476.54,476.54,476.544,22,17
1641394128,476.55,476.56,476.54,476.56,476.55,8,8
1641394129,476.55,476.55,476.55,476.55,476.55,5,4
1641394130,476.55,476.56,476.54,476.55,476.554,10,9
1641394131,476.56,476.57,476.56,476.57,476.57,26,11
1641394132,476.58,476.63,476.57,476.62,476.587,44,34
1641394133,476.63,476.65,476.63,476.63,476.64,14,13
1641394134,476.63,476.64,476.63,476.63,476.636,9,9
1641394135,476.62,476.63,476.61,476.63,476.626,8,7
1641394136,476.63,476.63,476.62,476.62,476.623,3,3
1641394137,476.63,476.64,476.62,476.63,476.63,16,16
1641394138,476.62,476.62,476.61,476.61,476.615,3,3
1641394139,476.61,476.64,476.61,476.64,476.624,15,8
1641394140,476.63,476.64,476.62,476.63,476.632,16,16
1641394141,476.63,476.63,476.63,476.63,476.63,1,1
1641394142,476.63,476.72,476.63,476.66,476.678,45,29
1641394143,476.66,476.68,476.63,476.63,476.653,25,24
1641394144,476.64,476.67,476.64,476.65,476.656,54,45
1641394145,476.65,476.65,476.64,476.64,476.649,21,20
1641394146,476.64,476.69,476.64,476.69,476.662,9,9
1641394147,476.65,476.65,476.59,476.61,476.601,78,53
1641394148,476.62,476.63,476.62,476.63,476.622,19,18
1641394149,476.63,476.63,476.59,476.59,476.608,16,16
1641394150,476.59,476.6,476.58,476.6,476.594,19,16
1641394151,476.61,476.61,476.6,476.6,476.607,4,4
1641394152,476.59,476.6,476.55,476.55,476.57,12,11
1641394153,476.56,476.57,476.55,476.57,476.56,7,3
1641394154,476.57,476.6,476.57,476.6,476.595,17,11
1641394155,476.59,476.6,476.58,476.58,476.587,7,5
1641394156,476.59,476.6,476.56,476.57,476.572,24,22
1641394157,476.58,476.58,476.56,476.56,476.567,12,11
1641394158,476.57,476.57,476.55,476.56,476.558,5,5
1641394159,476.55,476.64,476.55,476.63,476.599,23,20
1641394160,476.63,476.64,476.62,476.64,476.636,8,8
1641394161,476.64,476.64,476.62,476.63,476.633,5,5
1641394162,476.62,476.63,476.62,476.62,476.62,2,2
1641394163,476.63,476.65,476.63,476.65,476.644,33,25
1641394164,476.65,476.71,476.65,476.7,476.691,24,24
1641394165,476.71,476.72,476.69,476.71,476.711,13,13
1641394166,476.69,476.69,476.69,476.69,476.69,3,3
1641394167,476.69,476.71,476.68,476.69,476.692,9,9
1641394168,476.68,476.68,476.62,476.63,476.635,8,8
1641394169,476.62,476.65,476.61,476.65,476.623,15,13
1641394170,476.61,476.61,476.61,476.61,476.61,1,1
1641394171,476.61,476.63,476.61,476.62,476.618,12,12
1641394172,476.64,476.64,476.64,476.64,476.64,2,2
1641394173,476.64,476.65,476.64,476.64,476.644,5,5
1641394174,476.64,476.66,476.63,476.64,476.639,5,5
1641394175,476.62,476.62,476.59,476.59,476.605,15,14
1641394176,476.58,476.58,476.58,476.58,476.58,2,2
1641394177,476.57,476.57,476.57,476.57,476.57,2,2
1641394178,476.57,476.58,476.56,476.58,476.567,19,18
1641394179,476.56,476.57,476.56,476.57,476.565,2,2
1641394180,476.56,476.57,476.56,476.57,476.563,5,5
1641394181,476.57,476.57,476.57,476.57,476.57,0,0
1641394182,476.59,476.59,476.56,476.57,476.572,9,8
1641394183,476.57,476.59,476.56,476.59,476.577,5,5
1641394184,476.57,476.59,476.56,476.59,476.579,4,4
1641394185,476.61,476.61,476.6,476.6,476.602,5,4
1641394186,476.6,476.62,476.6,476.62,476.612,16,9
1641394187,476.61,476.68,476.61,476.67,476.649,39,35
1641394188,476.67,476.67,476.63,476.64,476.643,56,45
1641394189,476.63,476.63,476.62,476.63,476.626,1,1
1641394190,476.61,476.63,476.6,476.63,476.622,9,8
1641394191,476.63,476.66,476.63,476.66,476.645,13,9
1641394192,476.66,476.66,476.65,476.65,476.653,7,2
1641394193,476.65,476.66,476.65,476.66,476.658,5,5
1641394194,476.67,476.67,476.64,476.65,476.66,10,10
1641394195,476.65,476.65,476.65,476.65,476.65,0,0
1641394196,476.66,476.7,476.65,476.7,476.684,12,10
1641394197,476.7,476.71,476.7,476.7,476.704,13,10
1641394198,476.7,476.71,476.7,476.71,476.703,3,3
1641394199,476.72,476.73,476.69,476.7,476.711,10,9
1641394200,476.69,476.7,476.67,476.69,476.685,16,16
1641394201,476.68,476.68,476.65,476.67,476.659,8,8
1641394202,476.65,476.65,476.6,476.61,476.618,51,39
1641394203,476.61,476.62,476.59,476.6,476.604,16,14
1641394204,476.59,476.59,476.53,476.55,476.561,28,27
1641394205,476.55,476.59,476.54,476.59,476.556,34,18
1641394206,476.59,476.62,476.58,476.62,476.603,28,26
1641394207,476.63,476.64,476.63,476.63,476.632,5,5
1641394208,476.62,476.62,476.54,476.6,476.565,689,278
1641394209,476.61,476.63,476.6,476.62,476.622,31,27
1641394210,476.62,476.63,476.6,476.61,476.617,17,17
1641394211,476.59,476.6,476.56,476.59,476.575,42,39
1641394212,476.59,476.6,476.57,476.59,476.584,34,26
1641394213,476.6,476.61,476.52,476.56,476.553,49,41
1641394214,476.57,476.62,476.57,476.62,476.594,15,13
1641394215,476.61,476.63,476.6,476.63,476.61,10,10
1641394216,476.61,476.63,476.61,476.62,476.62,5,5
1641394217,476.63,476.65,476.63,476.64,476.638,39,33
1641394218,476.64,476.68,476.64,476.67,476.663,8,8
1641394219,476.67,476.78,476.67,476.78,476.719,33,33
1641394220,476.78,476.78,476.74,476.75,476.757,27,27
1641394221,476.75,476.75,476.74,476.75,476.749,6,4
1641394222,476.75,476.75,476.72,476.72,476.725,14,14
1641394223,476.71,476.72,476.7,476.72,476.71,8,8
1641394224,476.73,476.75,476.73,476.75,476.733,43,23
1641394225,476.76,476.83,476.76,476.83,476.797,24,19
1641394226,476.83,476.85,476.82,476.83,476.834,13,13
1641394227,476.85,476.86,476.84,476.85,476.85,16,10
1641394228,476.85,476.86,476.85,476.85,476.851,7,7
1641394229,476.86,476.87,476.79,476.8,476.834,44,28
1641394230,476.8,476.82,476.79,476.81,476.806,19,17
1641394231,476.81,476.82,476.81,476.82,476.817,9,9
1641394232,476.83,476.84,476.82,476.84,476.83,8,8
1641394233,476.84,476.93,476.83,476.91,476.871,28,28
1641394234,476.9,476.92,476.89,476.89,476.898,22,17
1641394235,476.89,476.91,476.87,476.91,476.889,136,63
1641394236,476.92,476.94,476.92,476.93,476.931,103,48
1641394237,476.92,476.94,476.91,476.94,476.921,12,11
1641394238,476.93,476.93,476.9,476.9,476.919,15,11
1641394239,476.9,476.91,476.89,476.89,476.897,9,9
1641394240,476.88,476.92,476.88,476.91,476.9,79,56
1641394241,476.9,476.92,476.9,476.92,476.906,21,12
1641394242,476.91,476.93,476.91,476.92,476.918,9,9
1641394243,476.91,476.93,476.91,476.93,476.914,52,23
1641394244,476.93,476.95,476.93,476.95,476.939,18,13
1641394245,476.95,476.99,476.95,476.99,476.971,25,22
1641394246,476.99,477.02,476.98,477.0,476.997,92,67
1641394247,477.0,477.03,476.99,477.02,477.017,24,15
1641394248,477.01,477.01,476.98,476.98,477.002,62,34
1641394249,476.98,476.98,476.95,476.95,476.965,33,26
1641394250,476.94,476.98,476.94,476.98,476.951,8,7
1641394251,476.94,476.96,476.94,476.96,476.941,59,24
1641394252,476.96,476.98,476.95,476.96,476.964,100,16
1641394253,476.97,476.97,476.94,476.95,476.96,12,9
1641394254,476.96,476.97,476.95,476.95,476.959,8,3
1641394255,476.94,476.97,476.94,476.97,476.951,3,2
1641394256,476.97,476.97,476.97,476.97,476.97,0,0
1641394257,476.94,476.96,476.94,476.96,476.951,7,7
1641394258,476.96,476.96,476.96,476.96,476.96,0,0
1641394259,476.94,476.94,476.93,476.94,476.94,3,3
1641394260,476.93,476.97,476.93,476.96,476.958,13,13
1641394261,476.96,476.96,476.95,476.95,476.955,2,2
1641394262,476.97,476.99,476.97,476.97,476.975,22,13
1641394263,476.96,477.01,476.96,477.0,476.999,10,8
1641394264,477.0,477.0,476.97,476.98,476.984,20,16
1641394265,476.97,477.05,476.97,477.05,477.015,13,13
1641394266,477.05,477.05,477.03,477.03,477.041,16,10
1641394267,477.02,477.04,477.02,477.03,477.035,87,14
1641394268,477.03,477.03,477.02,477.03,477.028,2,1
1641394269,477.03,477.06,477.03,477.04,477.038,27,26
1641394270,477.03,477.03,477.02,477.03,477.023,30,13
1641394271,477.02,477.02,476.99,477.01,477.01,26,19
1641394272,477.03,477.04,477.03,477.04,477.039,15,7
1641394273,477.03,477.05,477.02,477.04,477.032,7,7
1641394274,477.05,477.08,477.05,477.08,477.069,7,6
1641394275,477.06,477.06,477.04,477.04,477.043,33,21
1641394276,477.04,477.04,476.99,477.0,477.018,27,23
1641394277,477.01,477.02,477.0,477.0,477.013,194,71
1641394278,477.01,477.01,477.0,477.0,477.001,9,9
1641394279,477.0,477.0,476.99,477.0,476.998,8,8
1641394280,476.98,476.99,476.97,476.98,476.978,11,7
1641394281,476.97,476.98,476.97,476.98,476.979,12,4
1641394282,476.98,476.98,476.95,476.97,476.963,9,8
1641394283,476.95,476.95,476.94,476.95,476.949,2,2
1641394284,476.96,476.96,476.93,476.94,476.941,9,9
1641394285,476.92,476.96,476.92,476.95,476.941,7,6
1641394286,476.94,476.94,476.88,476.88,476.891,19,17
1641394287,476.88,476.9,476.88,476.9,476.881,21,7
1641394288,476.92,476.93,476.92,476.92,476.923,6,6
1641394289,476.91,476.95,476.91,476.95,476.934,6,5
1641394290,476.96,476.99,476.96,476.99,476.981,7,6
1641394291,477.02,477.08,477.02,477.04,477.049,25,18
1641394292,477.05,477.07,477.02,477.07,477.043,15,15
1641394293,477.09,477.15,477.09,477.13,477.135,69,38
1641394294,477.13,477.14,477.1,477.11,477.124,22,16
1641394295,477.11,477.11,477.1,477.1,477.105,2,2
1641394296,477.1,477.11,477.1,477.11,477.104,5,4
1641394297,477.12,477.14,477.11,477.11,477.124,24,19
1641394298,477.11,477.12,477.11,477.12,477.113,3,2
1641394299,477.11,477.11,477.09,477.09,477.094,55,27
1641394300,477.09,477.09,477.06,477.08,477.076,36,15
1641394301,477.1,477.13,477.1,477.13,477.12,12,11
1641394302,477.13,477.15,477.13,477.15,477.14,8,7
1641394303,477.14,477.16,477.14,477.16,477.144,30,14
1641394304,477.19,477.26,477.19,477.26,477.238,63,54
1641394305,477.26,477.27,477.24,477.24,477.264,45,32
1641394306,477.24,477.24,477.22,477.24,477.228,26,18
1641394307,477.23,477.25,477.23,477.25,477.239,50,16
1641394308,477.26,477.29,477.26,477.29,477.284,28,13
1641394309,477.28,477.29,477.24,477.27,477.261,37,22
1641394310,477.25,477.26,477.24,477.25,477.243,14,5
1641394311,477.26,477.26,477.24,477.26,477.241,39,15
1641394312,477.26,477.26,477.25,477.25,477.258,17,12
1641394313,477.25,477.3,477.24,477.29,477.276,47,27
1641394314,477.32,477.33,477.29,477.31,477.31,63,48
1641394315,477.33,477.34,477.33,477.34,477.336,7,4
1641394316,477.33,477.33,477.24,477.26,477.271,59,41
1641394317,477.25,477.28,477.25,477.28,477.26,4,4
1641394318,477.28,477.28,477.24,477.24,477.253,17,15
1641394319,477.24,477.24,477.23,477.23,477.231,10,6
1641394320,477.23,477.25,477.2,477.21,477.225,71,57
1641394321,477.2,477.21,477.2,477.21,477.205,2,2
1641394322,477.2,477.26,477.18,477.24,477.219,44,32
1641394323,477.24,477.25,477.14,477.16,477.177,134,126
1641394324,477.16,477.16,477.15,477.16,477.151,24,18
1641394325,477.16,477.16,477.13,477.14,477.145,18,18
1641394326,477.13,477.13,477.08,477.09,477.096,78,61
1641394327,477.08,477.1,477.08,477.1,477.086,9,8
1641394328,477.1,477.11,477.09,477.11,477.099,21,17
1641394329,477.08,477.1,477.08,477.09,477.089,10,7
1641394330,477.1,477.12,477.07,477.12,477.096,17,17
1641394331,477.14,477.17,477.14,477.17,477.159,7,7
1641394332,477.16,477.25,477.16,477.24,477.208,20,14
1641394333,477.23,477.23,477.21,477.21,477.22,7,7
1641394334,477.22,477.22,477.22,477.22,477.22,1,1
1641394335,477.23,477.26,477.23,477.25,477.231,87,8
1641394336,477.26,477.26,477.26,477.26,477.26,2,2
1641394337,477.26,477.26,477.26,477.26,477.26,0,0
1641394338,477.28,477.29,477.26,477.26,477.275,19,11
1641394339,477.23,477.23,477.22,477.22,477.226,15,13
1641394340,477.19,477.21,477.11,477.14,477.156,90,67
1641394341,477.14,477.15,477.13,477.14,477.145,36,26
1641394342,477.13,477.13,477.12,477.12,477.123,6,5
1641394343,477.13,477.15,477.13,477.14,477.142,51,38
1641394344,477.14,477.15,477.14,477.15,477.145,2,2
1641394345,477.16,477.17,477.15,477.17,477.161,15,10
1641394346,477.17,477.17,477.17,477.17,477.17,0,0
1641394347,477.17,477.19,477.17,477.19,477.178,19,13
1641394348,477.21,477.22,477.2,477.2,477.211,17,15
1641394349,477.18,477.21,477.18,477.21,477.19,8,8
1641394350,477.19,477.22,477.19,477.22,477.2,3,3
1641394351,477.24,477.29,477.24,477.29,477.277,9,9
1641394352,477.27,477.28,477.27,477.28,477.273,3,3
1641394353,477.27,477.27,477.27,477.27,477.27,4,4
1641394354,477.27,477.28,477.27,477.27,477.273,7,4
1641394355,477.28,477.28,477.28,477.28,477.28,1,1
1641394356,477.27,477.3,477.27,477.3,477.283,3,3
1641394357,477.29,477.29,477.24,477.26,477.256,20,19
1641394358,477.27,477.27,477.27,477.27,477.27,42,8
1641394359,477.29,477.29,477.27,477.28,477.278,6,5
1641394360,477.29,477.3,477.29,477.3,477.295,4,4
1641394361,477.3,477.33,477.3,477.33,477.304,60,19
1641394362,477.32,477.34,477.32,477.33,477.333,7,7
1641394363,477.32,477.33,477.31,477.31,477.32,8,4
1641394364,477.31,477.33,477.31,477.31,477.32,146,53
1641394365,477.33,477.33,477.31,477.31,477.315,18,13
1641394366,477.31,477.36,477.31,477.36,477.343,38,24
1641394367,477.36,477.44,477.36,477.43,477.405,50,33
1641394368,477.43,477.45,477.39,477.43,477.433,106,54
1641394369,477.42,477.45,477.41,477.43,477.433,25,25
1641394370,477.42,477.43,477.41,477.41,477.412,9,6
1641394371,477.41,477.42,477.4,477.4,477.418,49,29
1641394372,477.41,477.43,477.4,477.43,477.42,39,11
1641394373,477.44,477.44,477.4,477.42,477.421,31,29
1641394374,477.42,477.42,477.09,477.11,477.185,516,340
1641394375,477.09,477.13,477.05,477.13,477.082,221,131
1641394376,477.12,477.14,477.11,477.12,477.126,56,52
1641394377,477.12,477.14,477.08,477.08,477.128,19,11
1641394378,477.08,477.08,477.05,477.07,477.061,63,34
1641394379,477.08,477.09,477.06,477.08,477.077,108,14
1641394380,477.1,477.12,477.08,477.12,477.102,38,30
1641394381,477.12,477.17,477.12,477.16,477.146,77,73
1641394382,477.16,477.17,477.14,477.15,477.156,24,22
1641394383,477.15,477.15,477.12,477.14,477.137,25,24
1641394384,477.14,477.19,477.14,477.19,477.162,72,59
1641394385,477.19,477.21,477.19,477.21,477.195,30,13
1641394386,477.21,477.23,477.19,477.23,477.213,18,18
1641394387,477.22,477.22,477.19,477.19,477.198,14,11
1641394388,477.18,477.21,477.18,477.21,477.2,75,25
1641394389,477.22,477.24,477.21,477.24,477.222,71,24
1641394390,477.23,477.23,477.22,477.22,477.222,4,4
1641394391,477.25,477.27,477.24,477.25,477.251,16,16
1641394392,477.24,477.24,477.22,477.22,477.232,27,17
1641394393,477.21,477.26,477.21,477.26,477.241,14,9
1641394394,477.26,477.27,477.23,477.23,477.249,56,22
1641394395,477.23,477.23,477.22,477.22,477.225,6,5
1641394396,477.22,477.23,477.2,477.22,477.216,32,25
1641394397,477.22,477.22,477.2,477.21,477.21,5,5
1641394398,477.2,477.21,477.19,477.19,477.198,5,5
1641394399,477.18,477.24,477.18,477.24,477.218,134,45
1641394400,477.24,477.24,477.23,477.23,477.234,5,5
1641394401,477.22,477.22,477.2,477.2,477.211,10,4
1641394402,477.2,477.2,477.19,477.19,477.195,2,2
1641394403,477.19,477.19,477.15,477.15,477.168,4,4
1641394404,477.18,477.18,477.17,477.18,477.178,1,1
1641394405,477.18,477.2,477.18,477.19,477.188,5,4
1641394406,477.2,477.2,477.17,477.17,477.177,11,11
1641394407,477.17,477.19,477.17,477.19,477.181,20,10
1641394408,477.18,477.19,477.17,477.17,477.182,6,6
1641394409,477.2,477.22,477.19,477.22,477.204,26,18
1641394410,477.23,477.24,477.22,477.24,477.23,61,30
1641394411,477.24,477.28,477.24,477.28,477.266,36,13
1641394412,477.28,477.29,477.27,477.29,477.286,12,12
1641394413,477.29,477.29,477.27,477.29,477.288,33,13
1641394414,477.28,477.3,477.27,477.3,477.287,12,8
1641394415,477.3,477.3,477.29,477.3,477.299,10,10
1641394416,477.3,477.33,477.3,477.31,477.318,29,22
1641394417,477.29,477.29,477.29,477.29,477.29,2,2
1641394418,477.28,477.3,477.28,477.3,477.295,8,4
1641394419,477.3,477.31,477.28,477.28,477.298,8,8
1641394420,477.27,477.27,477.25,477.26,477.262,4,4
1641394421,477.28,477.28,477.26,477.27,477.267,6,4
1641394422,477.26,477.26,477.22,477.23,477.234,5,5
1641394423,477.23,477.24,477.21,477.21,477.221,5,5
1641394424,477.21,477.24,477.21,477.24,477.233,42,37
1641394425,477.22,477.23,477.22,477.22,477.224,1,1
1641394426,477.22,477.23,477.22,477.23,477.222,58,10
1641394427,477.23,477.23,477.22,477.22,477.225,2,2
1641394428,477.21,477.21,477.21,477.21,477.21,3,3
1641394429,477.21,477.21,477.18,477.18,477.199,17,13
1641394430,477.18,477.21,477.18,477.2,477.195,16,16
1641394431,477.22,477.22,477.22,477.22,477.22,6,5
1641394432,477.18,477.18,477.18,477.18,477.18,1,1
1641394433,477.16,477.16,477.15,477.15,477.151,35,16
1641394434,477.14,477.16,477.14,477.16,477.153,37,34
1641394435,477.15,477.18,477.14,477.18,477.155,23,17
1641394436,477.19,477.19,477.18,477.18,477.183,6,5
1641394437,477.13,477.13,477.1,477.13,477.116,15,13
1641394438,477.1,477.11,477.1,477.11,477.103,4,4
1641394439,477.1,477.1,477.09,477.1,477.095,7,5
1641394440,477.12,477.12,477.03,477.03,477.083,22,21
1641394441,477.04,477.08,477.03,477.06,477.053,14,11
1641394442,477.05,477.05,477.02,477.02,477.033,18,16
1641394443,477.04,477.04,477.02,477.02,477.03,10,7
1641394444,477.02,477.04,477.02,477.04,477.033,22,21
1641394445,477.02,477.04,477.02,477.04,477.022,10,10
1641394446,477.03,477.05,477.01,477.02,477.025,63,27
1641394447,477.01,477.03,477.01,477.03,477.019,37,33
1641394448,477.02,477.02,477.02,477.02,477.02,4,4
1641394449,477.02,477.03,477.0,477.0,477.014,15,11
1641394450,477.01,477.02,477.0,477.01,477.012,11,11
1641394451,477.01,477.02,477.0,477.02,477.013,12,12
1641394452,477.01,477.01,477.01,477.01,477.01,1,1
1641394453,477.02,477.05,477.02,477.04,477.039,20,18
1641394454,477.02,477.03,477.02,477.02,477.021,7,7
1641394455,477.01,477.01,477.01,477.01,477.01,7,7
1641394456,477.01,477.01,477.01,477.01,477.01,0,0
1641394457,477.0,477.0,476.91,476.92,476.961,28,22
1641394458,476.91,476.91,476.9,476.9,476.906,13,9
1641394459,476.9,476.94,476.9,476.93,476.919,12,11
1641394460,476.93,476.97,476.93,476.96,476.951,110,89
1641394461,476.96,476.97,476.95,476.96,476.961,4,4
1641394462,476.97,476.97,476.96,476.96,476.961,4,3
1641394463,476.95,476.97,476.94,476.97,476.957,62,44
1641394464,476.98,476.98,476.95,476.96,476.965,19,11
1641394465,476.96,476.97,476.95,476.96,476.961,38,36
1641394466,476.95,476.98,476.95,476.98,476.968,41,36
1641394467,476.99,477.01,476.97,477.0,476.994,18,14
1641394468,477.03,477.03,476.99,476.99,476.999,4,4
1641394469,477.0,477.0,476.94,476.94,476.97,17,14
1641394470,476.95,476.97,476.95,476.96,476.962,31,12
1641394471,476.98,476.99,476.98,476.99,476.982,3,3
1641394472,476.98,476.98,476.97,476.98,476.98,9,6
1641394473,476.98,477.01,476.96,477.01,476.984,21,18
1641394474,477.01,477.03,477.0,477.02,477.019,15,14
1641394475,477.01,477.01,477.01,477.01,477.01,3,3
1641394476,477.03,477.03,476.99,476.99,477.017,3,3
1641394477,477.01,477.02,477.01,477.02,477.018,4,4
1641394478,477.02,477.02,477.02,477.02,477.02,0,0
1641394479,477.01,477.02,476.97,476.98,476.99,6,5
1641394480,476.99,477.02,476.99,476.99,477.005,25,16
1641394481,477.02,477.02,477.02,477.02,477.02,3,3
1641394482,477.04,477.04,477.04,477.04,477.04,7,7
1641394483,477.01,477.01,476.99,477.01,476.999,18,12
1641394484,477.03,477.04,477.03,477.04,477.034,2,2
1641394485,477.04,477.04,477.04,477.04,477.04,3,3
1641394486,477.03,477.03,477.03,477.03,477.03,1,1
1641394487,477.04,477.04,477.02,477.02,477.03,3,3
1641394488,477.02,477.02,477.02,477.02,477.02,1,1
1641394489,477.01,477.01,477.0,477.0,477.005,2,2
1641394490,476.98,476.98,476.98,476.98,476.98,1,1
1641394491,476.98,476.98,476.98,476.98,476.98,0,0
1641394492,476.95,476.97,476.95,476.97,476.958,5,4
1641394493,476.98,476.99,476.98,476.99,476.983,3,3
1641394494,476.97,476.97,476.97,476.97,476.97,1,1
1641394495,476.99,477.05,476.99,477.05,477.024,25,16
1641394496,477.06,477.07,477.05,477.07,477.065,6,6
1641394497,477.06,477.06,477.05,477.06,477.058,4,4
1641394498,477.06,477.07,477.05,477.05,477.056,8,5
1641394499,477.05,477.09,477.05,477.09,477.076,10,7
1641394500,477.07,477.08,477.04,477.04,477.043,191,87
1641394501,477.08,477.08,477.04,477.04,477.049,24,18
1641394502,477.05,477.05,477.03,477.03,477.037,51,24
1641394503,477.05,477.05,476.97,476.97,477.001,20,19
1641394504,476.98,477.01,476.98,477.01,476.992,17,12
1641394505,477.0,477.01,476.99,477.0,477.0,27,16
1641394506,477.01,477.05,477.01,477.05,477.036,15,8
1641394507,477.03,477.05,477.03,477.04,477.037,8,8
1641394508,477.02,477.04,477.02,477.02,477.028,20,20
1641394509,477.02,477.02,477.02,477.02,477.02,1,1
1641394510,477.05,477.08,477.05,477.08,477.068,5,5
1641394511,477.08,477.14,477.07,477.13,477.098,98,35
1641394512,477.13,477.15,477.13,477.14,477.148,32,11
1641394513,477.14,477.14,477.1,477.12,477.111,10,4
1641394514,477.12,477.12,477.12,477.12,477.12,0,0
1641394515,477.12,477.12,477.12,477.12,477.12,0,0
1641394516,477.14,477.14,477.13,477.14,477.139,8,8
1641394517,477.16,477.17,477.14,477.17,477.156,82,31
1641394518,477.16,477.2,477.14,477.19,477.173,118,77
1641394519,477.19,477.21,477.19,477.2,477.2,22,7
1641394520,477.2,477.22,477.17,477.17,477.191,19,14
1641394521,477.16,477.17,477.15,477.16,477.157,55,17
1641394522,477.16,477.16,477.13,477.14,477.153,80,40
1641394523,477.13,477.14,477.11,477.14,477.123,14,13
1641394524,477.13,477.14,477.13,477.14,477.135,4,4
1641394525,477.15,477.15,477.07,477.09,477.102,29,24
1641394526,477.09,477.1,477.08,477.1,477.091,10,7
1641394527,477.1,477.1,477.04,477.06,477.051,24,16
1641394528,477.04,477.06,477.04,477.04,477.048,9,9
1641394529,477.02,477.02,477.02,477.02,477.02,1,1
1641394530,477.04,477.08,477.04,477.08,477.069,12,12
1641394531,477.05,477.05,477.03,477.05,477.042,36,30
1641394532,477.04,477.05,477.04,477.05,477.044,9,9
1641394533,477.04,477.06,477.02,477.06,477.046,8,8
1641394534,477.06,477.06,477.04,477.04,477.051,6,4
1641394535,477.02,477.02,476.96,476.96,476.975,51,36
1641394536,476.97,477.0,476.97,477.0,476.981,7,4
1641394537,477.0,477.0,477.0,477.0,477.0,1,1
1641394538,477.03,477.03,477.03,477.03,477.03,3,3
1641394539,477.03,477.03,477.03,477.03,477.03,1,1
1641394540,477.03,477.03,477.02,477.03,477.025,8,8
1641394541,477.03,477.03,477.03,477.03,477.03,1,1
1641394542,477.03,477.11,477.03,477.11,477.077,49,18
1641394543,477.11,477.12,477.1,477.11,477.106,15,8
1641394544,477.13,477.15,477.13,477.15,477.141,13,7
1641394545,477.16,477.16,477.13,477.16,477.151,17,12
1641394546,477.16,477.16,477.16,477.16,477.16,5,1
1641394547,477.15,477.17,477.15,477.17,477.16,4,4
1641394548,477.18,477.18,477.17,477.18,477.179,4,2
1641394549,477.19,477.19,477.19,477.19,477.19,6,6
1641394550,477.18,477.28,477.18,477.25,477.229,41,39
1641394551,477.24,477.24,477.21,477.22,477.219,9,8
1641394552,477.23,477.23,477.22,477.23,477.228,6,5
1641394553,477.26,477.27,477.25,477.27,477.262,17,16
1641394554,477.28,477.28,477.26,477.26,477.269,11,11
1641394555,477.29,477.3,477.28,477.3,477.289,8,6
1641394556,477.31,477.31,477.3,477.3,477.309,7,4
1641394557,477.3,477.32,477.29,477.31,477.304,8,7
1641394558,477.3,477.3,477.27,477.28,477.285,11,11
1641394559,477.29,477.31,477.29,477.31,477.297,7,7
1641394560,477.32,477.33,477.32,477.33,477.323,12,6
1641394561,477.33,477.41,477.32,477.41,477.393,100,34
1641394562,477.4,477.41,477.39,477.41,477.41,336,43
1641394563,477.41,477.41,477.38,477.39,477.406,42,15
1641394564,477.4,477.44,477.4,477.41,477.423,31,23
1641394565,477.41,477.43,477.4,477.42,477.419,13,12
1641394566,477.42,477.42,477.4,477.4,477.412,9,9
1641394567,477.39,477.39,477.36,477.37,477.374,6,6
1641394568,477.36,477.36,477.31,477.32,477.325,11,10
1641394569,477.32,477.35,477.32,477.34,477.338,25,20
1641394570,477.33,477.33,477.33,477.33,477.33,17,11
1641394571,477.32,477.32,477.27,477.28,477.289,28,28
1641394572,477.26,477.27,477.25,477.26,477.256,21,16
1641394573,477.25,477.26,477.24,477.24,477.252,3,3
1641394574,477.24,477.24,477.22,477.23,477.228,46,17
1641394575,477.23,477.23,477.23,477.23,477.23,1,1
1641394576,477.22,477.22,477.2,477.21,477.212,19,7
1641394577,477.2,477.22,477.2,477.21,477.207,15,11
1641394578,477.21,477.21,477.21,477.21,477.21,0,0
1641394579,477.21,477.21,477.14,477.14,477.156,8,8
1641394580,477.13,477.13,477.07,477.09,477.089,18,16
1641394581,477.09,477.11,477.09,477.11,477.102,7,7
1641394582,477.12,477.12,477.1,477.12,477.113,18,6
1641394583,477.11,477.11,477.09,477.1,477.1,5,3
1641394584,477.12,477.12,477.11,477.12,477.119,5,1
1641394585,477.11,477.12,477.11,477.12,477.117,3,3
1641394586,477.12,477.17,477.12,477.17,477.134,18,11
1641394587,477.17,477.18,477.17,477.18,477.171,13,6
1641394588,477.14,477.14,477.13,477.14,477.139,7,7
1641394589,477.12,477.13,477.12,477.13,477.127,3,3
1641394590,477.13,477.15,477.12,477.14,477.133,11,10
1641394591,477.14,477.2,477.14,477.2,477.176,30,24
1641394592,477.21,477.22,477.21,477.22,477.214,10,10
1641394593,477.2,477.2,477.19,477.19,477.192,10,7
1641394594,477.19,477.2,477.18,477.19,477.192,7,5
1641394595,477.2,477.22,477.2,477.21,477.205,8,6
1641394596,477.22,477.25,477.22,477.25,477.243,19,8
1641394597,477.23,477.23,477.2,477.2,477.217,14,8
1641394598,477.21,477.25,477.2,477.25,477.217,11,6
1641394599,477.24,477.24,477.24,477.24,477.24,1,1
1641394600,477.24,477.26,477.24,477.26,477.25,2,2
1641394601,477.24,477.24,477.24,477.24,477.24,3,3
1641394602,477.25,477.25,477.23,477.23,477.24,6,4
1641394603,477.26,477.27,477.26,477.26,477.261,13,12
1641394604,477.28,477.32,477.28,477.29,477.296,44,25
1641394605,477.29,477.3,477.28,477.28,477.293,42,19
1641394606,477.28,477.28,477.25,477.25,477.274,39,19
1641394607,477.27,477.27,477.26,477.27,477.265,4,1
1641394608,477.28,477.28,477.27,477.28,477.275,4,1
1641394609,477.29,477.29,477.28,477.29,477.286,7,2
1641394610,477.29,477.29,477.29,477.29,477.29,0,0
1641394611,477.27,477.29,477.27,477.29,477.286,35,13
1641394612,477.26,477.26,477.25,477.25,477.256,5,5
1641394613,477.21,477.21,477.18,477.18,477.197,7,4
1641394614,477.2,477.23,477.2,477.22,477.218,8,7
1641394615,477.22,477.22,477.22,477.22,477.22,1,1
1641394616,477.22,477.24,477.22,477.24,477.23,3,3
1641394617,477.22,477.24,477.06,477.1,477.136,214,133
1641394618,477.09,477.11,477.09,477.09,477.095,50,27
1641394619,477.1,477.11,477.09,477.1,477.1,13,5
1641394620,477.1,477.11,477.09,477.09,477.098,29,16
1641394621,477.07,477.09,477.07,477.08,477.077,11,9
1641394622,477.08,477.17,477.07,477.16,477.102,81,50
1641394623,477.17,477.17,477.12,477.14,477.136,94,12
1641394624,477.15,477.15,477.14,477.15,477.149,13,12
1641394625,477.15,477.16,477.15,477.16,477.152,13,11
1641394626,477.18,477.18,477.15,477.16,477.16,44,22
1641394627,477.15,477.15,477.13,477.14,477.137,56,24
1641394628,477.13,477.14,477.11,477.12,477.133,38,23
1641394629,477.09,477.12,477.09,477.12,477.091,59,17
1641394630,477.07,477.11,477.07,477.1,477.1,32,21
1641394631,477.1,477.1,477.08,477.1,477.096,13,10
1641394632,477.1,477.12,477.1,477.11,477.105,9,6
1641394633,477.12,477.12,477.1,477.11,477.109,10,6
1641394634,477.11,477.12,477.08,477.1,477.09,45,32
1641394635,477.07,477.1,477.07,477.1,477.095,28,17
1641394636,477.1,477.1,477.1,477.1,477.1,0,0
1641394637,477.11,477.13,477.11,477.13,477.12,15,13
1641394638,477.13,477.14,477.13,477.13,477.133,1,1
1641394639,477.13,477.16,477.13,477.16,477.145,10,9
1641394640,477.16,477.17,477.16,477.17,477.165,2,2
1641394641,477.17,477.17,477.17,477.17,477.17,1,1
1641394642,477.18,477.2,477.17,477.18,477.191,26,17
1641394643,477.2,477.21,477.18,477.18,477.194,29,13
1641394644,477.17,477.17,477.17,477.17,477.17,1,1
1641394645,477.17,477.17,477.17,477.17,477.17,10,1
1641394646,477.17,477.17,477.17,477.17,477.17,0,0
1641394647,477.17,477.18,477.17,477.18,477.178,11,10
1641394648,477.16,477.16,477.13,477.13,477.15,14,13
1641394649,477.17,477.18,477.16,477.18,477.166,9,5
1641394650,477.2,477.23,477.19,477.23,477.211,22,21
1641394651,477.22,477.22,477.19,477.19,477.211,13,11
1641394652,477.21,477.21,477.21,477.21,477.21,1,1
1641394653,477.21,477.21,477.2,477.21,477.209,12,10
1641394654,477.2,477.2,477.19,477.19,477.195,2,2
1641394655,477.19,477.19,477.17,477.17,477.173,7,7
1641394656,477.16,477.18,477.16,477.18,477.17,3,3
1641394657,477.18,477.18,477.17,477.18,477.175,1,1
1641394658,477.17,477.19,477.17,477.19,477.177,4,3
1641394659,477.19,477.19,477.19,477.19,477.19,0,0
1641394660,477.19,477.19,477.17,477.19,477.183,4,4
1641394661,477.19,477.2,477.19,477.19,477.195,16,10
1641394662,477.19,477.19,477.19,477.19,477.19,1,1
1641394663,477.18,477.18,477.18,477.18,477.18,6,6
1641394664,477.17,477.18,477.15,477.17,477.158,13,11
1641394665,477.17,477.19,477.17,477.19,477.18,4,4
1641394666,477.19,477.19,477.19,477.19,477.19,0,0
1641394667,477.17,477.17,477.17,477.17,477.17,3,3
1641394668,477.18,477.19,477.18,477.19,477.185,2,2
1641394669,477.19,477.19,477.19,477.19,477.19,0,0
1641394670,477.2,477.2,477.1,477.12,477.144,95,75
1641394671,477.11,477.12,477.09,477.09,477.106,35,28
1641394672,477.09,477.09,477.09,477.09,477.09,2,2
1641394673,477.12,477.12,477.11,477.11,477.116,11,10
1641394674,477.11,477.12,477.11,477.11,477.112,1,1
1641394675,477.11,477.12,477.11,477.11,477.11,0,0
1641394676,477.12,477.12,477.12,477.12,477.12,8,6
1641394677,477.12,477.12,477.12,477.12,477.12,2,2
1641394678,477.13,477.17,477.13,477.17,477.15,105,46
1641394679,477.17,477.17,477.15,477.15,477.16,2,2
1641394680,477.14,477.14,477.1,477.1,477.119,6,6
1641394681,477.13,477.13,477.12,477.13,477.125,20,10
1641394682,477.13,477.13,477.13,477.13,477.13,1,1
1641394683,477.14,477.19,477.14,477.19,477.174,27,21
1641394684,477.18,477.22,477.18,477.2,477.209,23,16
1641394685,477.21,477.23,477.2,477.23,477.223,12,11
1641394686,477.22,477.22,477.19,477.21,477.207,35,19
1641394687,477.2,477.2,477.15,477.16,477.17,48,21
1641394688,477.17,477.17,477.16,477.17,477.169,12,11
1641394689,477.15,477.15,477.12,477.12,477.134,10,8
1641394690,477.08,477.08,477.08,477.08,477.08,8,6
1641394691,477.08,477.12,477.08,477.11,477.101,19,11
1641394692,477.12,477.12,477.1,477.1,477.112,21,18
1641394693,477.11,477.12,477.11,477.11,477.111,4,3
1641394694,477.1,477.1,477.08,477.08,477.094,3,2
1641394695,477.07,477.07,477.07,477.07,477.07,2,2
1641394696,477.07,477.09,477.07,477.08,477.073,21,19
1641394697,477.09,477.09,477.06,477.06,477.068,5,3
1641394698,477.06,477.07,477.06,477.06,477.06,0,0
1641394699,477.05,477.05,477.02,477.04,477.033,30,23
1641394700,477.04,477.04,477.04,477.04,477.04,0,0
1641394701,477.06,477.08,477.04,477.08,477.047,31,15
1641394702,477.08,477.09,477.08,477.08,477.083,6,5
1641394703,477.08,477.08,477.08,477.08,477.08,0,0
1641394704,477.08,477.11,477.08,477.1,477.088,7,6
1641394705,477.1,477.1,477.1,477.1,477.1,0,0
1641394706,477.12,477.12,477.12,477.12,477.12,9,8
1641394707,477.12,477.12,477.11,477.12,477.115,3,1
1641394708,477.13,477.13,477.13,477.13,477.13,3,1
1641394709,477.13,477.14,477.11,477.14,477.121,13,7
1641394710,477.14,477.14,477.1,477.11,477.125,26,12
1641394711,477.11,477.12,477.11,477.11,477.111,3,3
1641394712,477.12,477.12,477.11,477.11,477.115,21,2
1641394713,477.12,477.12,477.11,477.12,477.118,10,8
1641394714,477.12,477.12,477.12,477.12,477.12,0,0
1641394715,477.14,477.19,477.14,477.19,477.171,10,10
1641394716,477.19,477.19,477.18,477.18,477.187,6,6
1641394717,477.2,477.2,477.2,477.2,477.2,2,2
1641394718,477.19,477.19,477.17,477.17,477.18,2,2
1641394719,477.19,477.19,477.15,477.16,477.173,3,3
1641394720,477.17,477.18,477.15,477.15,477.159,7,6
1641394721,477.16,477.16,477.16,477.16,477.16,1,1
1641394722,477.16,477.16,477.16,477.16,477.16,1,1
1641394723,477.16,477.17,477.16,477.17,477.167,3,3
1641394724,477.16,477.16,477.16,477.16,477.16,3,2
1641394725,477.16,477.16,477.16,477.16,477.16,0,0
1641394726,477.16,477.18,477.16,477.18,477.17,4,4
1641394727,477.18,477.21,477.18,477.21,477.201,35,11
1641394728,477.21,477.23,477.21,477.22,477.216,57,17
1641394729,477.22,477.22,477.21,477.22,477.22,0,0
1641394730,477.18,477.18,477.15,477.16,477.166,38,28
1641394731,477.17,477.2,477.16,477.2,477.181,50,18
1641394732,477.2,477.21,477.2,477.21,477.202,21,7
1641394733,477.22,477.22,477.2,477.21,477.206,16,6
1641394734,477.2,477.23,477.2,477.22,477.204,34,17
1641394735,477.21,477.21,477.2,477.21,477.206,5,2
1641394736,477.2,477.21,477.2,477.2,477.202,12,7
1641394737,477.2,477.2,477.18,477.19,477.19,15,9
1641394738,477.17,477.19,477.16,477.18,477.168,27,19
1641394739,477.18,477.19,477.18,477.18,477.182,5,3
1641394740,477.15,477.2,477.15,477.2,477.18,32,16
1641394741,477.19,477.19,477.15,477.15,477.16,4,3
1641394742,477.16,477.16,477.16,477.16,477.16,1,1
1641394743,477.16,477.17,477.15,477.16,477.159,22,11
1641394744,477.15,477.16,477.15,477.16,477.153,3,2
1641394745,477.16,477.17,477.16,477.17,477.165,2,2
1641394746,477.17,477.17,477.14,477.14,477.152,19,16
1641394747,477.16,477.16,477.15,477.16,477.156,6,2
1641394748,477.14,477.16,477.14,477.16,477.145,29,18
1641394749,477.16,477.16,477.15,477.15,477.155,7,3
1641394750,477.15,477.15,477.15,477.15,477.15,0,0
1641394751,477.15,477.17,477.15,477.17,477.162,5,4
1641394752,477.16,477.16,477.16,477.16,477.16,1,1
1641394753,477.16,477.17,477.15,477.16,477.163,30,19
1641394754,477.16,477.16,477.15,477.16,477.152,27,7
1641394755,477.17,477.17,477.16,477.17,477.165,1,1
1641394756,477.16,477.17,477.16,477.17,477.166,3,3
1641394757,477.15,477.18,477.15,477.18,477.167,25,9
1641394758,477.19,477.22,477.19,477.21,477.204,22,12
1641394759,477.18,477.19,477.18,477.19,477.184,4,2
1641394760,477.17,477.18,477.16,477.18,477.174,7,5
1641394761,477.19,477.21,477.19,477.21,477.204,16,6
1641394762,477.2,477.21,477.2,477.21,477.203,11,7
1641394763,477.21,477.27,477.21,477.27,477.244,40,22
1641394764,477.27,477.28,477.26,477.28,477.27,28,24
1641394765,477.27,477.27,477.25,477.26,477.258,21,9
1641394766,477.28,477.28,477.21,477.21,477.246,22,15
1641394767,477.22,477.23,477.21,477.21,477.218,8,7
1641394768,477.2,477.21,477.19,477.21,477.206,30,22
1641394769,477.2,477.22,477.2,477.22,477.205,3,3
1641394770,477.22,477.22,477.21,477.22,477.219,16,10
1641394771,477.23,477.24,477.21,477.23,477.228,27,10
1641394772,477.22,477.23,477.19,477.19,477.215,15,7
1641394773,477.2,477.2,477.2,477.2,477.2,6,6
1641394774,477.22,477.22,477.19,477.2,477.214,17,13
1641394775,477.21,477.21,477.17,477.19,477.191,35,16
1641394776,477.2,477.2,477.2,477.2,477.2,1,1
1641394777,477.18,477.21,477.18,477.2,477.201,44,21
1641394778,477.2,477.21,477.2,477.21,477.204,2,2
1641394779,477.22,477.22,477.19,477.19,477.214,5,5
1641394780,477.2,477.21,477.2,477.21,477.206,3,3
1641394781,477.23,477.25,477.23,477.25,477.238,12,11
1641394782,477.23,477.23,477.23,477.23,477.23,6,2
1641394783,477.23,477.23,477.23,477.23,477.23,8,8
1641394784,477.23,477.23,477.23,477.23,477.23,0,0
1641394785,477.24,477.25,477.24,477.25,477.245,2,2
1641394786,477.25,477.25,477.25,477.25,477.25,1,1
1641394787,477.23,477.23,477.22,477.22,477.225,6,6
1641394788,477.22,477.23,477.21,477.23,477.222,4,4
1641394789,477.21,477.21,477.21,477.21,477.21,1,1
1641394790,477.21,477.23,477.21,477.23,477.219,19,15
1641394791,477.21,477.21,477.21,477.21,477.21,4,4
1641394792,477.23,477.25,477.23,477.25,477.24,4,4
1641394793,477.24,477.25,477.22,477.22,477.228,10,10
1641394794,477.23,477.25,477.23,477.25,477.239,12,5
1641394795,477.23,477.23,477.23,477.23,477.23,6,5
1641394796,477.23,477.24,477.23,477.23,477.231,11,11
1641394797,477.23,477.23,477.22,477.22,477.228,6,6
1641394798,477.23,477.23,477.23,477.23,477.23,4,4
1641394799,477.21,477.21,477.19,477.21,477.206,4,4
